# t	fit_ln(y)
0	4.95866	4.99407	4.92326	4.95866	4.95866
0.01	4.95696	4.99236	4.92156	4.95689	4.95703
0.02	4.95525	4.99065	4.91985	4.95511	4.9554
0.03	4.95355	4.98895	4.91814	4.95333	4.95376
0.04	4.95184	4.98724	4.91644	4.95155	4.95213
0.05	4.95013	4.98554	4.91473	4.94978	4.95049
0.06	4.94843	4.98383	4.91303	4.948	4.94886
0.07	4.94672	4.98212	4.91132	4.94622	4.94722
0.08	4.94501	4.98042	4.90961	4.94444	4.94559
0.09	4.94331	4.97871	4.90791	4.94266	4.94395
0.1	4.9416	4.977	4.9062	4.94089	4.94232
0.11	4.9399	4.9753	4.90449	4.93911	4.94068
0.12	4.93819	4.97359	4.90279	4.93733	4.93905
0.13	4.93648	4.97189	4.90108	4.93555	4.93741
0.14	4.93478	4.97018	4.89938	4.93378	4.93578
0.15	4.93307	4.96847	4.89767	4.932	4.93414
0.16	4.93137	4.96677	4.89596	4.93022	4.93251
0.17	4.92966	4.96506	4.89426	4.92844	4.93088
0.18	4.92795	4.96335	4.89255	4.92666	4.92924
0.19	4.92625	4.96165	4.89084	4.92489	4.92761
0.2	4.92454	4.95994	4.88914	4.92311	4.92597
0.21	4.92283	4.95824	4.88743	4.92133	4.92434
0.22	4.92113	4.95653	4.88573	4.91955	4.9227
0.23	4.91942	4.95482	4.88402	4.91778	4.92107
0.24	4.91772	4.95312	4.88231	4.916	4.91943
0.25	4.91601	4.95141	4.88061	4.91422	4.9178
0.26	4.9143	4.9497	4.8789	4.91244	4.91616
0.27	4.9126	4.948	4.87719	4.91066	4.91453
0.28	4.91089	4.94629	4.87549	4.90889	4.91289
0.29	4.90918	4.94459	4.87378	4.90711	4.91126
0.3	4.90748	4.94288	4.87208	4.90533	4.90962
0.31	4.90577	4.94117	4.87037	4.90355	4.90799
0.32	4.90407	4.93947	4.86866	4.90178	4.90636
0.33	4.90236	4.93776	4.86696	4.9	4.90472
0.34	4.90065	4.93605	4.86525	4.89822	4.90309
0.35	4.89895	4.93435	4.86354	4.89644	4.90145
0.36	4.89724	4.93264	4.86184	4.89466	4.89982
0.37	4.89553	4.93094	4.86013	4.89289	4.89818
0.38	4.89383	4.92923	4.85843	4.89111	4.89655
0.39	4.89212	4.92752	4.85672	4.88933	4.89491
0.4	4.89042	4.92582	4.85501	4.88755	4.89328
0.41	4.88871	4.92411	4.85331	4.88577	4.89164
0.42	4.887	4.9224	4.8516	4.884	4.89001
0.43	4.8853	4.9207	4.84989	4.88222	4.88837
0.44	4.88359	4.91899	4.84819	4.88044	4.88674
0.45	4.88188	4.91729	4.84648	4.87866	4.8851
0.46	4.88018	4.91558	4.84478	4.87689	4.88347
0.47	4.87847	4.91387	4.84307	4.87511	4.88184
0.48	4.87677	4.91217	4.84136	4.87333	4.8802
0.49	4.87506	4.91046	4.83966	4.87155	4.87857
0.5	4.87335	4.90875	4.83795	4.86977	4.87693
0.51	4.87165	4.90705	4.83624	4.868	4.8753
0.52	4.86994	4.90534	4.83454	4.86622	4.87366
0.53	4.86823	4.90364	4.83283	4.86444	4.87203
0.54	4.86653	4.90193	4.83113	4.86266	4.87039
0.55	4.86482	4.90022	4.82942	4.86089	4.86876
0.56	4.86312	4.89852	4.82771	4.85911	4.86712
0.57	4.86141	4.89681	4.82601	4.85733	4.86549
0.58	4.8597	4.8951	4.8243	4.85555	4.86385
0.59	4.858	4.8934	4.82259	4.85377	4.86222
0.6	4.85629	4.89169	4.82089	4.852	4.86058
0.61	4.85458	4.88999	4.81918	4.85022	4.85895
0.62	4.85288	4.88828	4.81748	4.84844	4.85732
0.63	4.85117	4.88657	4.81577	4.84666	4.85568
0.64	4.84947	4.88487	4.81406	4.84489	4.85405
0.65	4.84776	4.88316	4.81236	4.84311	4.85241
0.66	4.84605	4.88145	4.81065	4.84133	4.85078
0.67	4.84435	4.87975	4.80894	4.83955	4.84914
0.68	4.84264	4.87804	4.80724	4.83777	4.84751
0.69	4.84093	4.87634	4.80553	4.836	4.84587
0.7	4.83923	4.87463	4.80383	4.83422	4.84424
0.71	4.83752	4.87292	4.80212	4.83244	4.8426
0.72	4.83582	4.87122	4.80041	4.83066	4.84097
0.73	4.83411	4.86951	4.79871	4.82888	4.83933
0.74	4.8324	4.8678	4.797	4.82711	4.8377
0.75	4.8307	4.8661	4.79529	4.82533	4.83606
0.76	4.82899	4.86439	4.79359	4.82355	4.83443
0.77	4.82728	4.86269	4.79188	4.82177	4.83279
0.78	4.82558	4.86098	4.79018	4.82	4.83116
0.79	4.82387	4.85927	4.78847	4.81822	4.82953
0.8	4.82217	4.85757	4.78676	4.81644	4.82789
0.81	4.82046	4.85586	4.78506	4.81466	4.82626
0.82	4.81875	4.85416	4.78335	4.81288	4.82462
0.83	4.81705	4.85245	4.78164	4.81111	4.82299
0.84	4.81534	4.85074	4.77994	4.80933	4.82135
0.85	4.81363	4.84904	4.77823	4.80755	4.81972
0.86	4.81193	4.84733	4.77653	4.80577	4.81808
0.87	4.81022	4.84562	4.77482	4.804	4.81645
0.88	4.80852	4.84392	4.77311	4.80222	4.81481
0.89	4.80681	4.84221	4.77141	4.80044	4.81318
0.9	4.8051	4.84051	4.7697	4.79866	4.81154
0.91	4.8034	4.8388	4.768	4.79688	4.80991
0.92	4.80169	4.83709	4.76629	4.79511	4.80827
0.93	4.79998	4.83539	4.76458	4.79333	4.80664
0.94	4.79828	4.83368	4.76288	4.79155	4.80501
0.95	4.79657	4.83197	4.76117	4.78977	4.80337
0.96	4.79487	4.83027	4.75946	4.788	4.80174
0.97	4.79316	4.82856	4.75776	4.78622	4.8001
0.98	4.79145	4.82686	4.75605	4.78444	4.79847
0.99	4.78975	4.82515	4.75435	4.78266	4.79683
1	4.78804	4.82344	4.75264	4.78088	4.7952
1.01	4.78633	4.82174	4.75093	4.77911	4.79356
1.02	4.78463	4.82003	4.74923	4.77733	4.79193
1.03	4.78292	4.81832	4.74752	4.77555	4.79029
1.04	4.78122	4.81662	4.74581	4.77377	4.78866
1.05	4.77951	4.81491	4.74411	4.772	4.78702
1.06	4.7778	4.81321	4.7424	4.77022	4.78539
1.07	4.7761	4.8115	4.7407	4.76844	4.78375
1.08	4.77439	4.80979	4.73899	4.76666	4.78212
1.09	4.77268	4.80809	4.73728	4.76488	4.78049
1.1	4.77098	4.80638	4.73558	4.76311	4.77885
1.11	4.76927	4.80467	4.73387	4.76133	4.77722
1.12	4.76757	4.80297	4.73216	4.75955	4.77558
1.13	4.76586	4.80126	4.73046	4.75777	4.77395
1.14	4.76415	4.79956	4.72875	4.75599	4.77231
1.15	4.76245	4.79785	4.72705	4.75422	4.77068
1.16	4.76074	4.79614	4.72534	4.75244	4.76904
1.17	4.75903	4.79444	4.72363	4.75066	4.76741
1.18	4.75733	4.79273	4.72193	4.74888	4.76577
1.19	4.75562	4.79102	4.72022	4.74711	4.76414
1.2	4.75392	4.78932	4.71851	4.74533	4.7625
1.21	4.75221	4.78761	4.71681	4.74355	4.76087
1.22	4.7505	4.78591	4.7151	4.74177	4.75923
1.23	4.7488	4.7842	4.7134	4.73999	4.7576
1.24	4.74709	4.78249	4.71169	4.73822	4.75597
1.25	4.74538	4.78079	4.70998	4.73644	4.75433
1.26	4.74368	4.77908	4.70828	4.73466	4.7527
1.27	4.74197	4.77737	4.70657	4.73288	4.75106
1.28	4.74027	4.77567	4.70486	4.73111	4.74943
1.29	4.73856	4.77396	4.70316	4.72933	4.74779
1.3	4.73685	4.77226	4.70145	4.72755	4.74616
1.31	4.73515	4.77055	4.69975	4.72577	4.74452
1.32	4.73344	4.76884	4.69804	4.72399	4.74289
1.33	4.73173	4.76714	4.69633	4.72222	4.74125
1.34	4.73003	4.76543	4.69463	4.72044	4.73962
1.35	4.72832	4.76372	4.69292	4.71866	4.73798
1.36	4.72662	4.76202	4.69121	4.71688	4.73635
1.37	4.72491	4.76031	4.68951	4.71511	4.73471
1.38	4.7232	4.75861	4.6878	4.71333	4.73308
1.39	4.7215	4.7569	4.6861	4.71155	4.73145
1.4	4.71979	4.75519	4.68439	4.70977	4.72981
1.41	4.71808	4.75349	4.68268	4.70799	4.72818
1.42	4.71638	4.75178	4.68098	4.70622	4.72654
1.43	4.71467	4.75007	4.67927	4.70444	4.72491
1.44	4.71297	4.74837	4.67756	4.70266	4.72327
1.45	4.71126	4.74666	4.67586	4.70088	4.72164
1.46	4.70955	4.74496	4.67415	4.69911	4.72
1.47	4.70785	4.74325	4.67245	4.69733	4.71837
1.48	4.70614	4.74154	4.67074	4.69555	4.71673
1.49	4.70444	4.73984	4.66903	4.69377	4.7151
1.5	4.70273	4.73813	4.66733	4.69199	4.71346
1.51	4.70102	4.73642	4.66562	4.69022	4.71183
1.52	4.69932	4.73472	4.66391	4.68844	4.71019
1.53	4.69761	4.73301	4.66221	4.68666	4.70856
1.54	4.6959	4.73131	4.6605	4.68488	4.70693
1.55	4.6942	4.7296	4.6588	4.6831	4.70529
1.56	4.69249	4.72789	4.65709	4.68133	4.70366
1.57	4.69079	4.72619	4.65538	4.67955	4.70202
1.58	4.68908	4.72448	4.65368	4.67777	4.70039
1.59	4.68737	4.72277	4.65197	4.67599	4.69875
1.6	4.68567	4.72107	4.65026	4.67422	4.69712
1.61	4.68396	4.71936	4.64856	4.67244	4.69548
1.62	4.68225	4.71766	4.64685	4.67066	4.69385
1.63	4.68055	4.71595	4.64515	4.66888	4.69221
1.64	4.67884	4.71424	4.64344	4.6671	4.69058
1.65	4.67714	4.71254	4.64173	4.66533	4.68894
1.66	4.67543	4.71083	4.64003	4.66355	4.68731
1.67	4.67372	4.70912	4.63832	4.66177	4.68567
1.68	4.67202	4.70742	4.63661	4.65999	4.68404
1.69	4.67031	4.70571	4.63491	4.65822	4.6824
1.7	4.6686	4.70401	4.6332	4.65644	4.68077
1.71	4.6669	4.7023	4.6315	4.65466	4.67914
1.72	4.66519	4.70059	4.62979	4.65288	4.6775
1.73	4.66349	4.69889	4.62808	4.6511	4.67587
1.74	4.66178	4.69718	4.62638	4.64933	4.67423
1.75	4.66007	4.69547	4.62467	4.64755	4.6726
1.76	4.65837	4.69377	4.62296	4.64577	4.67096
1.77	4.65666	4.69206	4.62126	4.64399	4.66933
1.78	4.65495	4.69036	4.61955	4.64222	4.66769
1.79	4.65325	4.68865	4.61785	4.64044	4.66606
1.8	4.65154	4.68694	4.61614	4.63866	4.66442
1.81	4.64984	4.68524	4.61443	4.63688	4.66279
1.82	4.64813	4.68353	4.61273	4.6351	4.66115
1.83	4.64642	4.68182	4.61102	4.63333	4.65952
1.84	4.64472	4.68012	4.60931	4.63155	4.65788
1.85	4.64301	4.67841	4.60761	4.62977	4.65625
1.86	4.6413	4.67671	4.6059	4.62799	4.65462
1.87	4.6396	4.675	4.6042	4.62622	4.65298
1.88	4.63789	4.67329	4.60249	4.62444	4.65135
1.89	4.63619	4.67159	4.60078	4.62266	4.64971
1.9	4.63448	4.66988	4.59908	4.62088	4.64808
1.91	4.63277	4.66817	4.59737	4.6191	4.64644
1.92	4.63107	4.66647	4.59566	4.61733	4.64481
1.93	4.62936	4.66476	4.59396	4.61555	4.64317
1.94	4.62765	4.66306	4.59225	4.61377	4.64154
1.95	4.62595	4.66135	4.59055	4.61199	4.6399
1.96	4.62424	4.65964	4.58884	4.61021	4.63827
1.97	4.62254	4.65794	4.58713	4.60844	4.63663
1.98	4.62083	4.65623	4.58543	4.60666	4.635
1.99	4.61912	4.65452	4.58372	4.60488	4.63336
2	4.61742	4.65282	4.58201	4.6031	4.63173
2.01	4.61571	4.65111	4.58031	4.60133	4.6301
2.02	4.614	4.64941	4.5786	4.59955	4.62846
2.03	4.6123	4.6477	4.5769	4.59777	4.62683
2.04	4.61059	4.64599	4.57519	4.59599	4.62519
2.05	4.60889	4.64429	4.57348	4.59421	4.62356
2.06	4.60718	4.64258	4.57178	4.59244	4.62192
2.07	4.60547	4.64088	4.57007	4.59066	4.62029
2.08	4.60377	4.63917	4.56836	4.58888	4.61865
2.09	4.60206	4.63746	4.56666	4.5871	4.61702
2.1	4.60035	4.63576	4.56495	4.58533	4.61538
2.11	4.59865	4.63405	4.56325	4.58355	4.61375
2.12	4.59694	4.63234	4.56154	4.58177	4.61211
2.13	4.59524	4.63064	4.55983	4.57999	4.61048
2.14	4.59353	4.62893	4.55813	4.57821	4.60884
2.15	4.59182	4.62723	4.55642	4.57644	4.60721
2.16	4.59012	4.62552	4.55471	4.57466	4.60558
2.17	4.58841	4.62381	4.55301	4.57288	4.60394
2.18	4.5867	4.62211	4.5513	4.5711	4.60231
2.19	4.585	4.6204	4.5496	4.56933	4.60067
2.2	4.58329	4.61869	4.54789	4.56755	4.59904
2.21	4.58159	4.61699	4.54618	4.56577	4.5974
2.22	4.57988	4.61528	4.54448	4.56399	4.59577
2.23	4.57817	4.61358	4.54277	4.56221	4.59413
2.24	4.57647	4.61187	4.54107	4.56044	4.5925
2.25	4.57476	4.61016	4.53936	4.55866	4.59086
2.26	4.57305	4.60846	4.53765	4.55688	4.58923
2.27	4.57135	4.60675	4.53595	4.5551	4.58759
2.28	4.56964	4.60504	4.53424	4.55332	4.58596
2.29	4.56794	4.60334	4.53253	4.55155	4.58432
2.3	4.56623	4.60163	4.53083	4.54977	4.58269
2.31	4.56452	4.59993	4.52912	4.54799	4.58106
2.32	4.56282	4.59822	4.52742	4.54621	4.57942
2.33	4.56111	4.59651	4.52571	4.54444	4.57779
2.34	4.5594	4.59481	4.524	4.54266	4.57615
2.35	4.5577	4.5931	4.5223	4.54088	4.57452
2.36	4.55599	4.59139	4.52059	4.5391	4.57288
2.37	4.55429	4.58969	4.51888	4.53732	4.57125
2.38	4.55258	4.58798	4.51718	4.53555	4.56961
2.39	4.55087	4.58628	4.51547	4.53377	4.56798
2.4	4.54917	4.58457	4.51377	4.53199	4.56634
2.41	4.54746	4.58286	4.51206	4.53021	4.56471
2.42	4.54575	4.58116	4.51035	4.52844	4.56307
2.43	4.54405	4.57945	4.50865	4.52666	4.56144
2.44	4.54234	4.57774	4.50694	4.52488	4.5598
2.45	4.54064	4.57604	4.50523	4.5231	4.55817
2.46	4.53893	4.57433	4.50353	4.52132	4.55653
2.47	4.53722	4.57263	4.50182	4.51955	4.5549
2.48	4.53552	4.57092	4.50012	4.51777	4.55327
2.49	4.53381	4.56921	4.49841	4.51599	4.55163
2.5	4.5321	4.56751	4.4967	4.51421	4.55
2.51	4.5304	4.5658	4.495	4.51244	4.54836
2.52	4.52869	4.56409	4.49329	4.51066	4.54673
2.53	4.52699	4.56239	4.49158	4.50888	4.54509
2.54	4.52528	4.56068	4.48988	4.5071	4.54346
2.55	4.52357	4.55898	4.48817	4.50532	4.54182
2.56	4.52187	4.55727	4.48647	4.50355	4.54019
2.57	4.52016	4.55556	4.48476	4.50177	4.53855
2.58	4.51845	4.55386	4.48305	4.49999	4.53692
2.59	4.51675	4.55215	4.48135	4.49821	4.53528
2.6	4.51504	4.55044	4.47964	4.49644	4.53365
2.61	4.51334	4.54874	4.47793	4.49466	4.53201
2.62	4.51163	4.54703	4.47623	4.49288	4.53038
2.63	4.50992	4.54533	4.47452	4.4911	4.52875
2.64	4.50822	4.54362	4.47282	4.48932	4.52711
2.65	4.50651	4.54191	4.47111	4.48755	4.52548
2.66	4.5048	4.54021	4.4694	4.48577	4.52384
2.67	4.5031	4.5385	4.4677	4.48399	4.52221
2.68	4.50139	4.53679	4.46599	4.48221	4.52057
2.69	4.49969	4.53509	4.46428	4.48043	4.51894
2.7	4.49798	4.53338	4.46258	4.47866	4.5173
2.71	4.49627	4.53168	4.46087	4.47688	4.51567
2.72	4.49457	4.52997	4.45917	4.4751	4.51403
2.73	4.49286	4.52826	4.45746	4.47332	4.5124
2.74	4.49115	4.52656	4.45575	4.47155	4.51076
2.75	4.48945	4.52485	4.45405	4.46977	4.50913
2.76	4.48774	4.52314	4.45234	4.46799	4.50749
2.77	4.48604	4.52144	4.45063	4.46621	4.50586
2.78	4.48433	4.51973	4.44893	4.46443	4.50423
2.79	4.48262	4.51803	4.44722	4.46266	4.50259
2.8	4.48092	4.51632	4.44552	4.46088	4.50096
2.81	4.47921	4.51461	4.44381	4.4591	4.49932
2.82	4.47751	4.51291	4.4421	4.45732	4.49769
2.83	4.4758	4.5112	4.4404	4.45555	4.49605
2.84	4.47409	4.50949	4.43869	4.45377	4.49442
2.85	4.47239	4.50779	4.43698	4.45199	4.49278
2.86	4.47068	4.50608	4.43528	4.45021	4.49115
2.87	4.46897	4.50438	4.43357	4.44843	4.48951
2.88	4.46727	4.50267	4.43187	4.44666	4.48788
2.89	4.46556	4.50096	4.43016	4.44488	4.48624
2.9	4.46386	4.49926	4.42845	4.4431	4.48461
2.91	4.46215	4.49755	4.42675	4.44132	4.48297
2.92	4.46044	4.49584	4.42504	4.43955	4.48134
2.93	4.45874	4.49414	4.42333	4.43777	4.47971
2.94	4.45703	4.49243	4.42163	4.43599	4.47807
2.95	4.45532	4.49073	4.41992	4.43421	4.47644
2.96	4.45362	4.48902	4.41822	4.43243	4.4748
2.97	4.45191	4.48731	4.41651	4.43066	4.47317
2.98	4.45021	4.48561	4.4148	4.42888	4.47153
2.99	4.4485	4.4839	4.4131	4.4271	4.4699
3	4.44679	4.48219	4.41139	4.42532	4.46826
3.01	4.44509	4.48049	4.40968	4.42355	4.46663
3.02	4.44338	4.47878	4.40798	4.42177	4.46499
3.03	4.44167	4.47708	4.40627	4.41999	4.46336
3.04	4.43997	4.47537	4.40457	4.41821	4.46172
3.05	4.43826	4.47366	4.40286	4.41643	4.46009
3.06	4.43656	4.47196	4.40115	4.41466	4.45845
3.07	4.43485	4.47025	4.39945	4.41288	4.45682
3.08	4.43314	4.46854	4.39774	4.4111	4.45519
3.09	4.43144	4.46684	4.39603	4.40932	4.45355
3.1	4.42973	4.46513	4.39433	4.40754	4.45192
3.11	4.42802	4.46343	4.39262	4.40577	4.45028
3.12	4.42632	4.46172	4.39092	4.40399	4.44865
3.13	4.42461	4.46001	4.38921	4.40221	4.44701
3.14	4.42291	4.45831	4.3875	4.40043	4.44538
3.15	4.4212	4.4566	4.3858	4.39866	4.44374
3.16	4.41949	4.45489	4.38409	4.39688	4.44211
3.17	4.41779	4.45319	4.38238	4.3951	4.44047
3.18	4.41608	4.45148	4.38068	4.39332	4.43884
3.19	4.41437	4.44978	4.37897	4.39154	4.4372
3.2	4.41267	4.44807	4.37727	4.38977	4.43557
3.21	4.41096	4.44636	4.37556	4.38799	4.43393
3.22	4.40926	4.44466	4.37385	4.38621	4.4323
3.23	4.40755	4.44295	4.37215	4.38443	4.43067
3.24	4.40584	4.44124	4.37044	4.38266	4.42903
3.25	4.40414	4.43954	4.36873	4.38088	4.4274
3.26	4.40243	4.43783	4.36703	4.3791	4.42576
3.27	4.40072	4.43613	4.36532	4.37732	4.42413
3.28	4.39902	4.43442	4.36362	4.37554	4.42249
3.29	4.39731	4.43271	4.36191	4.37377	4.42086
3.3	4.39561	4.43101	4.3602	4.37199	4.41922
3.31	4.3939	4.4293	4.3585	4.37021	4.41759
3.32	4.39219	4.42759	4.35679	4.36843	4.41595
3.33	4.39049	4.42589	4.35508	4.36666	4.41432
3.34	4.38878	4.42418	4.35338	4.36488	4.41268
3.35	4.38707	4.42248	4.35167	4.3631	4.41105
3.36	4.38537	4.42077	4.34997	4.36132	4.40941
3.37	4.38366	4.41906	4.34826	4.35954	4.40778
3.38	4.38196	4.41736	4.34655	4.35777	4.40614
3.39	4.38025	4.41565	4.34485	4.35599	4.40451
3.4	4.37854	4.41395	4.34314	4.35421	4.40288
3.41	4.37684	4.41224	4.34143	4.35243	4.40124
3.42	4.37513	4.41053	4.33973	4.35065	4.39961
3.43	4.37342	4.40883	4.33802	4.34888	4.39797
3.44	4.37172	4.40712	4.33632	4.3471	4.39634
3.45	4.37001	4.40541	4.33461	4.34532	4.3947
3.46	4.36831	4.40371	4.3329	4.34354	4.39307
3.47	4.3666	4.402	4.3312	4.34177	4.39143
3.48	4.36489	4.4003	4.32949	4.33999	4.3898
3.49	4.36319	4.39859	4.32779	4.33821	4.38816
3.5	4.36148	4.39688	4.32608	4.33643	4.38653
3.51	4.35977	4.39518	4.32437	4.33465	4.38489
3.52	4.35807	4.39347	4.32267	4.33288	4.38326
3.53	4.35636	4.39176	4.32096	4.3311	4.38162
3.54	4.35466	4.39006	4.31925	4.32932	4.37999
3.55	4.35295	4.38835	4.31755	4.32754	4.37836
3.56	4.35124	4.38665	4.31584	4.32577	4.37672
3.57	4.34954	4.38494	4.31414	4.32399	4.37509
3.58	4.34783	4.38323	4.31243	4.32221	4.37345
3.59	4.34612	4.38153	4.31072	4.32043	4.37182
3.6	4.34442	4.37982	4.30902	4.31865	4.37018
3.61	4.34271	4.37811	4.30731	4.31688	4.36855
3.62	4.34101	4.37641	4.3056	4.3151	4.36691
3.63	4.3393	4.3747	4.3039	4.31332	4.36528
3.64	4.33759	4.373	4.30219	4.31154	4.36364
3.65	4.33589	4.37129	4.30049	4.30977	4.36201
3.66	4.33418	4.36958	4.29878	4.30799	4.36037
3.67	4.33247	4.36788	4.29707	4.30621	4.35874
3.68	4.33077	4.36617	4.29537	4.30443	4.3571
3.69	4.32906	4.36446	4.29366	4.30265	4.35547
3.7	4.32736	4.36276	4.29195	4.30088	4.35384
3.71	4.32565	4.36105	4.29025	4.2991	4.3522
3.72	4.32394	4.35935	4.28854	4.29732	4.35057
3.73	4.32224	4.35764	4.28684	4.29554	4.34893
3.74	4.32053	4.35593	4.28513	4.29377	4.3473
3.75	4.31882	4.35423	4.28342	4.29199	4.34566
3.76	4.31712	4.35252	4.28172	4.29021	4.34403
3.77	4.31541	4.35081	4.28001	4.28843	4.34239
3.78	4.31371	4.34911	4.2783	4.28665	4.34076
3.79	4.312	4.3474	4.2766	4.28488	4.33912
3.8	4.31029	4.3457	4.27489	4.2831	4.33749
3.81	4.30859	4.34399	4.27319	4.28132	4.33585
3.82	4.30688	4.34228	4.27148	4.27954	4.33422
3.83	4.30517	4.34058	4.26977	4.27776	4.33258
3.84	4.30347	4.33887	4.26807	4.27599	4.33095
3.85	4.30176	4.33716	4.26636	4.27421	4.32932
3.86	4.30006	4.33546	4.26465	4.27243	4.32768
3.87	4.29835	4.33375	4.26295	4.27065	4.32605
3.88	4.29664	4.33205	4.26124	4.26888	4.32441
3.89	4.29494	4.33034	4.25954	4.2671	4.32278
3.9	4.29323	4.32863	4.25783	4.26532	4.32114
3.91	4.29152	4.32693	4.25612	4.26354	4.31951
3.92	4.28982	4.32522	4.25442	4.26176	4.31787
3.93	4.28811	4.32351	4.25271	4.25999	4.31624
3.94	4.28641	4.32181	4.251	4.25821	4.3146
3.95	4.2847	4.3201	4.2493	4.25643	4.31297
3.96	4.28299	4.3184	4.24759	4.25465	4.31133
3.97	4.28129	4.31669	4.24589	4.25288	4.3097
3.98	4.27958	4.31498	4.24418	4.2511	4.30806
3.99	4.27787	4.31328	4.24247	4.24932	4.30643
4	4.27617	4.31157	4.24077	4.24754	4.3048
4.01	4.27446	4.30986	4.23906	4.24576	4.30316
4.02	4.27276	4.30816	4.23735	4.24399	4.30153
4.03	4.27105	4.30645	4.23565	4.24221	4.29989
4.04	4.26934	4.30475	4.23394	4.24043	4.29826
4.05	4.26764	4.30304	4.23224	4.23865	4.29662
4.06	4.26593	4.30133	4.23053	4.23688	4.29499
4.07	4.26422	4.29963	4.22882	4.2351	4.29335
4.08	4.26252	4.29792	4.22712	4.23332	4.29172
4.09	4.26081	4.29621	4.22541	4.23154	4.29008
4.1	4.25911	4.29451	4.2237	4.22976	4.28845
4.11	4.2574	4.2928	4.222	4.22799	4.28681
4.12	4.25569	4.2911	4.22029	4.22621	4.28518
4.13	4.25399	4.28939	4.21859	4.22443	4.28354
4.14	4.25228	4.28768	4.21688	4.22265	4.28191
4.15	4.25058	4.28598	4.21517	4.22088	4.28028
4.16	4.24887	4.28427	4.21347	4.2191	4.27864
4.17	4.24716	4.28256	4.21176	4.21732	4.27701
4.18	4.24546	4.28086	4.21005	4.21554	4.27537
4.19	4.24375	4.27915	4.20835	4.21376	4.27374
4.2	4.24204	4.27745	4.20664	4.21199	4.2721
4.21	4.24034	4.27574	4.20494	4.21021	4.27047
4.22	4.23863	4.27403	4.20323	4.20843	4.26883
4.23	4.23693	4.27233	4.20152	4.20665	4.2672
4.24	4.23522	4.27062	4.19982	4.20487	4.26556
4.25	4.23351	4.26891	4.19811	4.2031	4.26393
4.26	4.23181	4.26721	4.1964	4.20132	4.26229
4.27	4.2301	4.2655	4.1947	4.19954	4.26066
4.28	4.22839	4.2638	4.19299	4.19776	4.25902
4.29	4.22669	4.26209	4.19129	4.19599	4.25739
4.3	4.22498	4.26038	4.18958	4.19421	4.25575
4.31	4.22328	4.25868	4.18787	4.19243	4.25412
4.32	4.22157	4.25697	4.18617	4.19065	4.25249
4.33	4.21986	4.25526	4.18446	4.18887	4.25085
4.34	4.21816	4.25356	4.18275	4.1871	4.24922
4.35	4.21645	4.25185	4.18105	4.18532	4.24758
4.36	4.21474	4.25015	4.17934	4.18354	4.24595
4.37	4.21304	4.24844	4.17764	4.18176	4.24431
4.38	4.21133	4.24673	4.17593	4.17999	4.24268
4.39	4.20963	4.24503	4.17422	4.17821	4.24104
4.4	4.20792	4.24332	4.17252	4.17643	4.23941
4.41	4.20621	4.24161	4.17081	4.17465	4.23777
4.42	4.20451	4.23991	4.1691	4.17287	4.23614
4.43	4.2028	4.2382	4.1674	4.1711	4.2345
4.44	4.20109	4.2365	4.16569	4.16932	4.23287
4.45	4.19939	4.23479	4.16399	4.16754	4.23123
4.46	4.19768	4.23308	4.16228	4.16576	4.2296
4.47	4.19598	4.23138	4.16057	4.16399	4.22797
4.48	4.19427	4.22967	4.15887	4.16221	4.22633
4.49	4.19256	4.22796	4.15716	4.16043	4.2247
4.5	4.19086	4.22626	4.15545	4.15865	4.22306
4.51	4.18915	4.22455	4.15375	4.15687	4.22143
4.52	4.18744	4.22285	4.15204	4.1551	4.21979
4.53	4.18574	4.22114	4.15034	4.15332	4.21816
4.54	4.18403	4.21943	4.14863	4.15154	4.21652
4.55	4.18233	4.21773	4.14692	4.14976	4.21489
4.56	4.18062	4.21602	4.14522	4.14798	4.21325
4.57	4.17891	4.21431	4.14351	4.14621	4.21162
4.58	4.17721	4.21261	4.1418	4.14443	4.20998
4.59	4.1755	4.2109	4.1401	4.14265	4.20835
4.6	4.17379	4.2092	4.13839	4.14087	4.20671
4.61	4.17209	4.20749	4.13669	4.1391	4.20508
4.62	4.17038	4.20578	4.13498	4.13732	4.20345
4.63	4.16868	4.20408	4.13327	4.13554	4.20181
4.64	4.16697	4.20237	4.13157	4.13376	4.20018
4.65	4.16526	4.20066	4.12986	4.13198	4.19854
4.66	4.16356	4.19896	4.12815	4.13021	4.19691
4.67	4.16185	4.19725	4.12645	4.12843	4.19527
4.68	4.16014	4.19555	4.12474	4.12665	4.19364
4.69	4.15844	4.19384	4.12304	4.12487	4.192
4.7	4.15673	4.19213	4.12133	4.1231	4.19037
4.71	4.15503	4.19043	4.11962	4.12132	4.18873
4.72	4.15332	4.18872	4.11792	4.11954	4.1871
4.73	4.15161	4.18702	4.11621	4.11776	4.18546
4.74	4.14991	4.18531	4.1145	4.11598	4.18383
4.75	4.1482	4.1836	4.1128	4.11421	4.18219
4.76	4.14649	4.1819	4.11109	4.11243	4.18056
4.77	4.14479	4.18019	4.10939	4.11065	4.17893
4.78	4.14308	4.17848	4.10768	4.10887	4.17729
4.79	4.14138	4.17678	4.10597	4.1071	4.17566
4.8	4.13967	4.17507	4.10427	4.10532	4.17402
4.81	4.13796	4.17337	4.10256	4.10354	4.17239
4.82	4.13626	4.17166	4.10086	4.10176	4.17075
4.83	4.13455	4.16995	4.09915	4.09998	4.16912
4.84	4.13284	4.16825	4.09744	4.09821	4.16748
4.85	4.13114	4.16654	4.09574	4.09643	4.16585
4.86	4.12943	4.16483	4.09403	4.09465	4.16421
4.87	4.12773	4.16313	4.09232	4.09287	4.16258
4.88	4.12602	4.16142	4.09062	4.0911	4.16094
4.89	4.12431	4.15972	4.08891	4.08932	4.15931
4.9	4.12261	4.15801	4.08721	4.08754	4.15767
4.91	4.1209	4.1563	4.0855	4.08576	4.15604
4.92	4.11919	4.1546	4.08379	4.08398	4.15441
4.93	4.11749	4.15289	4.08209	4.08221	4.15277
4.94	4.11578	4.15118	4.08038	4.08043	4.15114
4.95	4.11408	4.14948	4.07867	4.07865	4.1495
4.96	4.11237	4.14777	4.07697	4.07687	4.14787
4.97	4.11066	4.14607	4.07526	4.07509	4.14623
4.98	4.10896	4.14436	4.07356	4.07332	4.1446
4.99	4.10725	4.14265	4.07185	4.07154	4.14296
5	4.10554	4.14095	4.07014	4.06976	4.14133
5.01	4.10384	4.13924	4.06844	4.06798	4.13969
5.02	4.10213	4.13753	4.06673	4.06621	4.13806
5.03	4.10043	4.13583	4.06502	4.06443	4.13642
5.04	4.09872	4.13412	4.06332	4.06265	4.13479
5.05	4.09701	4.13242	4.06161	4.06087	4.13315
5.06	4.09531	4.13071	4.05991	4.05909	4.13152
5.07	4.0936	4.129	4.0582	4.05732	4.12989
5.08	4.09189	4.1273	4.05649	4.05554	4.12825
5.09	4.09019	4.12559	4.05479	4.05376	4.12662
5.1	4.08848	4.12388	4.05308	4.05198	4.12498
5.11	4.08678	4.12218	4.05137	4.05021	4.12335
5.12	4.08507	4.12047	4.04967	4.04843	4.12171
5.13	4.08336	4.11877	4.04796	4.04665	4.12008
5.14	4.08166	4.11706	4.04626	4.04487	4.11844
5.15	4.07995	4.11535	4.04455	4.04309	4.11681
5.16	4.07824	4.11365	4.04284	4.04132	4.11517
5.17	4.07654	4.11194	4.04114	4.03954	4.11354
5.18	4.07483	4.11023	4.03943	4.03776	4.1119
5.19	4.07313	4.10853	4.03772	4.03598	4.11027
5.2	4.07142	4.10682	4.03602	4.03421	4.10863
5.21	4.06971	4.10512	4.03431	4.03243	4.107
5.22	4.06801	4.10341	4.03261	4.03065	4.10536
5.23	4.0663	4.1017	4.0309	4.02887	4.10373
5.24	4.06459	4.1	4.02919	4.02709	4.1021
5.25	4.06289	4.09829	4.02749	4.02532	4.10046
5.26	4.06118	4.09658	4.02578	4.02354	4.09883
5.27	4.05948	4.09488	4.02407	4.02176	4.09719
5.28	4.05777	4.09317	4.02237	4.01998	4.09556
5.29	4.05606	4.09147	4.02066	4.01821	4.09392
5.3	4.05436	4.08976	4.01896	4.01643	4.09229
5.31	4.05265	4.08805	4.01725	4.01465	4.09065
5.32	4.05094	4.08635	4.01554	4.01287	4.08902
5.33	4.04924	4.08464	4.01384	4.01109	4.08738
5.34	4.04753	4.08293	4.01213	4.00932	4.08575
5.35	4.04583	4.08123	4.01042	4.00754	4.08411
5.36	4.04412	4.07952	4.00872	4.00576	4.08248
5.37	4.04241	4.07782	4.00701	4.00398	4.08084
5.38	4.04071	4.07611	4.00531	4.0022	4.07921
5.39	4.039	4.0744	4.0036	4.00043	4.07758
5.4	4.03729	4.0727	4.00189	3.99865	4.07594
5.41	4.03559	4.07099	4.00019	3.99687	4.07431
5.42	4.03388	4.06928	3.99848	3.99509	4.07267
5.43	4.03218	4.06758	3.99677	3.99332	4.07104
5.44	4.03047	4.06587	3.99507	3.99154	4.0694
5.45	4.02876	4.06417	3.99336	3.98976	4.06777
5.46	4.02706	4.06246	3.99166	3.98798	4.06613
5.47	4.02535	4.06075	3.98995	3.9862	4.0645
5.48	4.02365	4.05905	3.98824	3.98443	4.06286
5.49	4.02194	4.05734	3.98654	3.98265	4.06123
5.5	4.02023	4.05563	3.98483	3.98087	4.05959
5.51	4.01853	4.05393	3.98312	3.97909	4.05796
5.52	4.01682	4.05222	3.98142	3.97732	4.05632
5.53	4.01511	4.05052	3.97971	3.97554	4.05469
5.54	4.01341	4.04881	3.97801	3.97376	4.05306
5.55	4.0117	4.0471	3.9763	3.97198	4.05142
5.56	4.01	4.0454	3.97459	3.9702	4.04979
5.57	4.00829	4.04369	3.97289	3.96843	4.04815
5.58	4.00658	4.04198	3.97118	3.96665	4.04652
5.59	4.00488	4.04028	3.96947	3.96487	4.04488
5.6	4.00317	4.03857	3.96777	3.96309	4.04325
5.61	4.00146	4.03687	3.96606	3.96132	4.04161
5.62	3.99976	4.03516	3.96436	3.95954	4.03998
5.63	3.99805	4.03345	3.96265	3.95776	4.03834
5.64	3.99635	4.03175	3.96094	3.95598	4.03671
5.65	3.99464	4.03004	3.95924	3.9542	4.03507
5.66	3.99293	4.02833	3.95753	3.95243	4.03344
5.67	3.99123	4.02663	3.95582	3.95065	4.0318
5.68	3.98952	4.02492	3.95412	3.94887	4.03017
5.69	3.98781	4.02322	3.95241	3.94709	4.02854
5.7	3.98611	4.02151	3.95071	3.94532	4.0269
5.71	3.9844	4.0198	3.949	3.94354	4.02527
5.72	3.9827	4.0181	3.94729	3.94176	4.02363
5.73	3.98099	4.01639	3.94559	3.93998	4.022
5.74	3.97928	4.01468	3.94388	3.9382	4.02036
5.75	3.97758	4.01298	3.94217	3.93643	4.01873
5.76	3.97587	4.01127	3.94047	3.93465	4.01709
5.77	3.97416	4.00957	3.93876	3.93287	4.01546
5.78	3.97246	4.00786	3.93706	3.93109	4.01382
5.79	3.97075	4.00615	3.93535	3.92931	4.01219
5.8	3.96905	4.00445	3.93364	3.92754	4.01055
5.81	3.96734	4.00274	3.93194	3.92576	4.00892
5.82	3.96563	4.00103	3.93023	3.92398	4.00728
5.83	3.96393	3.99933	3.92852	3.9222	4.00565
5.84	3.96222	3.99762	3.92682	3.92043	4.00402
5.85	3.96051	3.99592	3.92511	3.91865	4.00238
5.86	3.95881	3.99421	3.92341	3.91687	4.00075
5.87	3.9571	3.9925	3.9217	3.91509	3.99911
5.88	3.9554	3.9908	3.91999	3.91331	3.99748
5.89	3.95369	3.98909	3.91829	3.91154	3.99584
5.9	3.95198	3.98738	3.91658	3.90976	3.99421
5.91	3.95028	3.98568	3.91487	3.90798	3.99257
5.92	3.94857	3.98397	3.91317	3.9062	3.99094
5.93	3.94686	3.98227	3.91146	3.90443	3.9893
5.94	3.94516	3.98056	3.90976	3.90265	3.98767
5.95	3.94345	3.97885	3.90805	3.90087	3.98603
5.96	3.94175	3.97715	3.90634	3.89909	3.9844
5.97	3.94004	3.97544	3.90464	3.89731	3.98276
5.98	3.93833	3.97373	3.90293	3.89554	3.98113
5.99	3.93663	3.97203	3.90122	3.89376	3.97949
6	3.93492	3.97032	3.89952	3.89198	3.97786
6.01	3.93321	3.96862	3.89781	3.8902	3.97623
6.02	3.93151	3.96691	3.89611	3.88843	3.97459
6.03	3.9298	3.9652	3.8944	3.88665	3.97296
6.04	3.9281	3.9635	3.89269	3.88487	3.97132
6.05	3.92639	3.96179	3.89099	3.88309	3.96969
6.06	3.92468	3.96009	3.88928	3.88131	3.96805
6.07	3.92298	3.95838	3.88757	3.87954	3.96642
6.08	3.92127	3.95667	3.88587	3.87776	3.96478
6.09	3.91956	3.95497	3.88416	3.87598	3.96315
6.1	3.91786	3.95326	3.88246	3.8742	3.96151
6.11	3.91615	3.95155	3.88075	3.87242	3.95988
6.12	3.91445	3.94985	3.87904	3.87065	3.95824
6.13	3.91274	3.94814	3.87734	3.86887	3.95661
6.14	3.91103	3.94644	3.87563	3.86709	3.95497
6.15	3.90933	3.94473	3.87393	3.86531	3.95334
6.16	3.90762	3.94302	3.87222	3.86354	3.95171
6.17	3.90591	3.94132	3.87051	3.86176	3.95007
6.18	3.90421	3.93961	3.86881	3.85998	3.94844
6.19	3.9025	3.9379	3.8671	3.8582	3.9468
6.2	3.9008	3.9362	3.86539	3.85642	3.94517
6.21	3.89909	3.93449	3.86369	3.85465	3.94353
6.22	3.89738	3.93279	3.86198	3.85287	3.9419
6.23	3.89568	3.93108	3.86028	3.85109	3.94026
6.24	3.89397	3.92937	3.85857	3.84931	3.93863
6.25	3.89226	3.92767	3.85686	3.84754	3.93699
6.26	3.89056	3.92596	3.85516	3.84576	3.93536
6.27	3.88885	3.92425	3.85345	3.84398	3.93372
6.28	3.88715	3.92255	3.85174	3.8422	3.93209
6.29	3.88544	3.92084	3.85004	3.84042	3.93045
6.3	3.88373	3.91914	3.84833	3.83865	3.92882
6.31	3.88203	3.91743	3.84663	3.83687	3.92719
6.32	3.88032	3.91572	3.84492	3.83509	3.92555
6.33	3.87861	3.91402	3.84321	3.83331	3.92392
6.34	3.87691	3.91231	3.84151	3.83154	3.92228
6.35	3.8752	3.9106	3.8398	3.82976	3.92065
6.36	3.8735	3.9089	3.83809	3.82798	3.91901
6.37	3.87179	3.90719	3.83639	3.8262	3.91738
6.38	3.87008	3.90549	3.83468	3.82442	3.91574
6.39	3.86838	3.90378	3.83298	3.82265	3.91411
6.4	3.86667	3.90207	3.83127	3.82087	3.91247
6.41	3.86496	3.90037	3.82956	3.81909	3.91084
6.42	3.86326	3.89866	3.82786	3.81731	3.9092
6.43	3.86155	3.89695	3.82615	3.81554	3.90757
6.44	3.85985	3.89525	3.82444	3.81376	3.90593
6.45	3.85814	3.89354	3.82274	3.81198	3.9043
6.46	3.85643	3.89184	3.82103	3.8102	3.90267
6.47	3.85473	3.89013	3.81933	3.80842	3.90103
6.48	3.85302	3.88842	3.81762	3.80665	3.8994
6.49	3.85131	3.88672	3.81591	3.80487	3.89776
6.5	3.84961	3.88501	3.81421	3.80309	3.89613
6.51	3.8479	3.8833	3.8125	3.80131	3.89449
6.52	3.8462	3.8816	3.81079	3.79953	3.89286
6.53	3.84449	3.87989	3.80909	3.79776	3.89122
6.54	3.84278	3.87819	3.80738	3.79598	3.88959
6.55	3.84108	3.87648	3.80568	3.7942	3.88795
6.56	3.83937	3.87477	3.80397	3.79242	3.88632
6.57	3.83766	3.87307	3.80226	3.79065	3.88468
6.58	3.83596	3.87136	3.80056	3.78887	3.88305
6.59	3.83425	3.86965	3.79885	3.78709	3.88141
6.6	3.83255	3.86795	3.79714	3.78531	3.87978
6.61	3.83084	3.86624	3.79544	3.78353	3.87815
6.62	3.82913	3.86454	3.79373	3.78176	3.87651
6.63	3.82743	3.86283	3.79203	3.77998	3.87488
6.64	3.82572	3.86112	3.79032	3.7782	3.87324
6.65	3.82401	3.85942	3.78861	3.77642	3.87161
6.66	3.82231	3.85771	3.78691	3.77465	3.86997
6.67	3.8206	3.856	3.7852	3.77287	3.86834
6.68	3.8189	3.8543	3.78349	3.77109	3.8667
6.69	3.81719	3.85259	3.78179	3.76931	3.86507
6.7	3.81548	3.85089	3.78008	3.76753	3.86343
6.71	3.81378	3.84918	3.77838	3.76576	3.8618
6.72	3.81207	3.84747	3.77667	3.76398	3.86016
6.73	3.81037	3.84577	3.77496	3.7622	3.85853
6.74	3.80866	3.84406	3.77326	3.76042	3.85689
6.75	3.80695	3.84235	3.77155	3.75865	3.85526
6.76	3.80525	3.84065	3.76984	3.75687	3.85363
6.77	3.80354	3.83894	3.76814	3.75509	3.85199
6.78	3.80183	3.83724	3.76643	3.75331	3.85036
6.79	3.80013	3.83553	3.76473	3.75153	3.84872
6.8	3.79842	3.83382	3.76302	3.74976	3.84709
6.81	3.79672	3.83212	3.76131	3.74798	3.84545
6.82	3.79501	3.83041	3.75961	3.7462	3.84382
6.83	3.7933	3.8287	3.7579	3.74442	3.84218
6.84	3.7916	3.827	3.75619	3.74265	3.84055
6.85	3.78989	3.82529	3.75449	3.74087	3.83891
6.86	3.78818	3.82359	3.75278	3.73909	3.83728
6.87	3.78648	3.82188	3.75108	3.73731	3.83564
6.88	3.78477	3.82017	3.74937	3.73553	3.83401
6.89	3.78307	3.81847	3.74766	3.73376	3.83237
6.9	3.78136	3.81676	3.74596	3.73198	3.83074
6.91	3.77965	3.81505	3.74425	3.7302	3.8291
6.92	3.77795	3.81335	3.74254	3.72842	3.82747
6.93	3.77624	3.81164	3.74084	3.72664	3.82584
6.94	3.77453	3.80994	3.73913	3.72487	3.8242
6.95	3.77283	3.80823	3.73743	3.72309	3.82257
6.96	3.77112	3.80652	3.73572	3.72131	3.82093
6.97	3.76942	3.80482	3.73401	3.71953	3.8193
6.98	3.76771	3.80311	3.73231	3.71776	3.81766
6.99	3.766	3.8014	3.7306	3.71598	3.81603
7	3.7643	3.7997	3.72889	3.7142	3.81439
7.01	3.76259	3.79799	3.72719	3.71242	3.81276
7.02	3.76088	3.79629	3.72548	3.71064	3.81112
7.03	3.75918	3.79458	3.72378	3.70887	3.80949
7.04	3.75747	3.79287	3.72207	3.70709	3.80785
7.05	3.75577	3.79117	3.72036	3.70531	3.80622
7.06	3.75406	3.78946	3.71866	3.70353	3.80458
7.07	3.75235	3.78775	3.71695	3.70176	3.80295
7.08	3.75065	3.78605	3.71524	3.69998	3.80132
7.09	3.74894	3.78434	3.71354	3.6982	3.79968
7.1	3.74723	3.78264	3.71183	3.69642	3.79805
7.11	3.74553	3.78093	3.71013	3.69464	3.79641
7.12	3.74382	3.77922	3.70842	3.69287	3.79478
7.13	3.74212	3.77752	3.70671	3.69109	3.79314
7.14	3.74041	3.77581	3.70501	3.68931	3.79151
7.15	3.7387	3.7741	3.7033	3.68753	3.78987
7.16	3.737	3.7724	3.70159	3.68576	3.78824
7.17	3.73529	3.77069	3.69989	3.68398	3.7866
7.18	3.73358	3.76899	3.69818	3.6822	3.78497
7.19	3.73188	3.76728	3.69648	3.68042	3.78333
7.2	3.73017	3.76557	3.69477	3.67864	3.7817
7.21	3.72847	3.76387	3.69306	3.67687	3.78006
7.22	3.72676	3.76216	3.69136	3.67509	3.77843
7.23	3.72505	3.76045	3.68965	3.67331	3.7768
7.24	3.72335	3.75875	3.68794	3.67153	3.77516
7.25	3.72164	3.75704	3.68624	3.66975	3.77353
7.26	3.71993	3.75534	3.68453	3.66798	3.77189
7.27	3.71823	3.75363	3.68283	3.6662	3.77026
7.28	3.71652	3.75192	3.68112	3.66442	3.76862
7.29	3.71482	3.75022	3.67941	3.66264	3.76699
7.3	3.71311	3.74851	3.67771	3.66087	3.76535
7.31	3.7114	3.7468	3.676	3.65909	3.76372
7.32	3.7097	3.7451	3.67429	3.65731	3.76208
7.33	3.70799	3.74339	3.67259	3.65553	3.76045
7.34	3.70628	3.74169	3.67088	3.65375	3.75881
7.35	3.70458	3.73998	3.66918	3.65198	3.75718
7.36	3.70287	3.73827	3.66747	3.6502	3.75554
7.37	3.70117	3.73657	3.66576	3.64842	3.75391
7.38	3.69946	3.73486	3.66406	3.64664	3.75228
7.39	3.69775	3.73316	3.66235	3.64487	3.75064
7.4	3.69605	3.73145	3.66064	3.64309	3.74901
7.41	3.69434	3.72974	3.65894	3.64131	3.74737
7.42	3.69263	3.72804	3.65723	3.63953	3.74574
7.43	3.69093	3.72633	3.65553	3.63775	3.7441
7.44	3.68922	3.72462	3.65382	3.63598	3.74247
7.45	3.68752	3.72292	3.65211	3.6342	3.74083
7.46	3.68581	3.72121	3.65041	3.63242	3.7392
7.47	3.6841	3.71951	3.6487	3.63064	3.73756
7.48	3.6824	3.7178	3.647	3.62887	3.73593
7.49	3.68069	3.71609	3.64529	3.62709	3.73429
7.5	3.67898	3.71439	3.64358	3.62531	3.73266
7.51	3.67728	3.71268	3.64188	3.62353	3.73102
7.52	3.67557	3.71097	3.64017	3.62175	3.72939
7.53	3.67387	3.70927	3.63846	3.61998	3.72776
7.54	3.67216	3.70756	3.63676	3.6182	3.72612
7.55	3.67045	3.70586	3.63505	3.61642	3.72449
7.56	3.66875	3.70415	3.63335	3.61464	3.72285
7.57	3.66704	3.70244	3.63164	3.61287	3.72122
7.58	3.66533	3.70074	3.62993	3.61109	3.71958
7.59	3.66363	3.69903	3.62823	3.60931	3.71795
7.6	3.66192	3.69732	3.62652	3.60753	3.71631
7.61	3.66022	3.69562	3.62481	3.60575	3.71468
7.62	3.65851	3.69391	3.62311	3.60398	3.71304
7.63	3.6568	3.69221	3.6214	3.6022	3.71141
7.64	3.6551	3.6905	3.6197	3.60042	3.70977
7.65	3.65339	3.68879	3.61799	3.59864	3.70814
7.66	3.65168	3.68709	3.61628	3.59686	3.7065
7.67	3.64998	3.68538	3.61458	3.59509	3.70487
7.68	3.64827	3.68367	3.61287	3.59331	3.70324
7.69	3.64657	3.68197	3.61116	3.59153	3.7016
7.7	3.64486	3.68026	3.60946	3.58975	3.69997
7.71	3.64315	3.67856	3.60775	3.58798	3.69833
7.72	3.64145	3.67685	3.60605	3.5862	3.6967
7.73	3.63974	3.67514	3.60434	3.58442	3.69506
7.74	3.63803	3.67344	3.60263	3.58264	3.69343
7.75	3.63633	3.67173	3.60093	3.58086	3.69179
7.76	3.63462	3.67002	3.59922	3.57909	3.69016
7.77	3.63292	3.66832	3.59751	3.57731	3.68852
7.78	3.63121	3.66661	3.59581	3.57553	3.68689
7.79	3.6295	3.66491	3.5941	3.57375	3.68525
7.8	3.6278	3.6632	3.5924	3.57198	3.68362
7.81	3.62609	3.66149	3.59069	3.5702	3.68198
7.82	3.62438	3.65979	3.58898	3.56842	3.68035
7.83	3.62268	3.65808	3.58728	3.56664	3.67871
7.84	3.62097	3.65637	3.58557	3.56486	3.67708
7.85	3.61927	3.65467	3.58386	3.56309	3.67545
7.86	3.61756	3.65296	3.58216	3.56131	3.67381
7.87	3.61585	3.65126	3.58045	3.55953	3.67218
7.88	3.61415	3.64955	3.57875	3.55775	3.67054
7.89	3.61244	3.64784	3.57704	3.55598	3.66891
7.9	3.61073	3.64614	3.57533	3.5542	3.66727
7.91	3.60903	3.64443	3.57363	3.55242	3.66564
7.92	3.60732	3.64272	3.57192	3.55064	3.664
7.93	3.60562	3.64102	3.57021	3.54886	3.66237
7.94	3.60391	3.63931	3.56851	3.54709	3.66073
7.95	3.6022	3.63761	3.5668	3.54531	3.6591
7.96	3.6005	3.6359	3.5651	3.54353	3.65746
7.97	3.59879	3.63419	3.56339	3.54175	3.65583
7.98	3.59708	3.63249	3.56168	3.53998	3.65419
7.99	3.59538	3.63078	3.55998	3.5382	3.65256
8	3.59367	3.62907	3.55827	3.53642	3.65093
8.01	3.59197	3.62737	3.55656	3.53464	3.64929
8.02	3.59026	3.62566	3.55486	3.53286	3.64766
8.03	3.58855	3.62396	3.55315	3.53109	3.64602
8.04	3.58685	3.62225	3.55145	3.52931	3.64439
8.05	3.58514	3.62054	3.54974	3.52753	3.64275
8.06	3.58344	3.61884	3.54803	3.52575	3.64112
8.07	3.58173	3.61713	3.54633	3.52397	3.63948
8.08	3.58002	3.61542	3.54462	3.5222	3.63785
8.09	3.57832	3.61372	3.54291	3.52042	3.63621
8.1	3.57661	3.61201	3.54121	3.51864	3.63458
8.11	3.5749	3.61031	3.5395	3.51686	3.63294
8.12	3.5732	3.6086	3.5378	3.51509	3.63131
8.13	3.57149	3.60689	3.53609	3.51331	3.62967
8.14	3.56979	3.60519	3.53438	3.51153	3.62804
8.15	3.56808	3.60348	3.53268	3.50975	3.62641
8.16	3.56637	3.60177	3.53097	3.50797	3.62477
8.17	3.56467	3.60007	3.52926	3.5062	3.62314
8.18	3.56296	3.59836	3.52756	3.50442	3.6215
8.19	3.56125	3.59666	3.52585	3.50264	3.61987
8.2	3.55955	3.59495	3.52415	3.50086	3.61823
8.21	3.55784	3.59324	3.52244	3.49909	3.6166
8.22	3.55614	3.59154	3.52073	3.49731	3.61496
8.23	3.55443	3.58983	3.51903	3.49553	3.61333
8.24	3.55272	3.58812	3.51732	3.49375	3.61169
8.25	3.55102	3.58642	3.51561	3.49197	3.61006
8.26	3.54931	3.58471	3.51391	3.4902	3.60842
8.27	3.5476	3.58301	3.5122	3.48842	3.60679
8.28	3.5459	3.5813	3.5105	3.48664	3.60515
8.29	3.54419	3.57959	3.50879	3.48486	3.60352
8.3	3.54249	3.57789	3.50708	3.48309	3.60189
8.31	3.54078	3.57618	3.50538	3.48131	3.60025
8.32	3.53907	3.57447	3.50367	3.47953	3.59862
8.33	3.53737	3.57277	3.50196	3.47775	3.59698
8.34	3.53566	3.57106	3.50026	3.47597	3.59535
8.35	3.53395	3.56936	3.49855	3.4742	3.59371
8.36	3.53225	3.56765	3.49685	3.47242	3.59208
8.37	3.53054	3.56594	3.49514	3.47064	3.59044
8.38	3.52884	3.56424	3.49343	3.46886	3.58881
8.39	3.52713	3.56253	3.49173	3.46709	3.58717
8.4	3.52542	3.56082	3.49002	3.46531	3.58554
8.41	3.52372	3.55912	3.48831	3.46353	3.5839
8.42	3.52201	3.55741	3.48661	3.46175	3.58227
8.43	3.5203	3.55571	3.4849	3.45997	3.58063
8.44	3.5186	3.554	3.4832	3.4582	3.579
8.45	3.51689	3.55229	3.48149	3.45642	3.57737
8.46	3.51519	3.55059	3.47978	3.45464	3.57573
8.47	3.51348	3.54888	3.47808	3.45286	3.5741
8.48	3.51177	3.54717	3.47637	3.45108	3.57246
8.49	3.51007	3.54547	3.47466	3.44931	3.57083
8.5	3.50836	3.54376	3.47296	3.44753	3.56919
8.51	3.50665	3.54206	3.47125	3.44575	3.56756
8.52	3.50495	3.54035	3.46955	3.44397	3.56592
8.53	3.50324	3.53864	3.46784	3.4422	3.56429
8.54	3.50154	3.53694	3.46613	3.44042	3.56265
8.55	3.49983	3.53523	3.46443	3.43864	3.56102
8.56	3.49812	3.53352	3.46272	3.43686	3.55938
8.57	3.49642	3.53182	3.46101	3.43508	3.55775
8.58	3.49471	3.53011	3.45931	3.43331	3.55611
8.59	3.493	3.52841	3.4576	3.43153	3.55448
8.6	3.4913	3.5267	3.4559	3.42975	3.55284
8.61	3.48959	3.52499	3.45419	3.42797	3.55121
8.62	3.48789	3.52329	3.45248	3.4262	3.54958
8.63	3.48618	3.52158	3.45078	3.42442	3.54794
8.64	3.48447	3.51988	3.44907	3.42264	3.54631
8.65	3.48277	3.51817	3.44736	3.42086	3.54467
8.66	3.48106	3.51646	3.44566	3.41908	3.54304
8.67	3.47935	3.51476	3.44395	3.41731	3.5414
8.68	3.47765	3.51305	3.44225	3.41553	3.53977
8.69	3.47594	3.51134	3.44054	3.41375	3.53813
8.7	3.47424	3.50964	3.43883	3.41197	3.5365
8.71	3.47253	3.50793	3.43713	3.4102	3.53486
8.72	3.47082	3.50623	3.43542	3.40842	3.53323
8.73	3.46912	3.50452	3.43371	3.40664	3.53159
8.74	3.46741	3.50281	3.43201	3.40486	3.52996
8.75	3.4657	3.50111	3.4303	3.40308	3.52832
8.76	3.464	3.4994	3.4286	3.40131	3.52669
8.77	3.46229	3.49769	3.42689	3.39953	3.52506
8.78	3.46059	3.49599	3.42518	3.39775	3.52342
8.79	3.45888	3.49428	3.42348	3.39597	3.52179
8.8	3.45717	3.49258	3.42177	3.39419	3.52015
8.81	3.45547	3.49087	3.42007	3.39242	3.51852
8.82	3.45376	3.48916	3.41836	3.39064	3.51688
8.83	3.45205	3.48746	3.41665	3.38886	3.51525
8.84	3.45035	3.48575	3.41495	3.38708	3.51361
8.85	3.44864	3.48404	3.41324	3.38531	3.51198
8.86	3.44694	3.48234	3.41153	3.38353	3.51034
8.87	3.44523	3.48063	3.40983	3.38175	3.50871
8.88	3.44352	3.47893	3.40812	3.37997	3.50707
8.89	3.44182	3.47722	3.40642	3.37819	3.50544
8.9	3.44011	3.47551	3.40471	3.37642	3.5038
8.91	3.4384	3.47381	3.403	3.37464	3.50217
8.92	3.4367	3.4721	3.4013	3.37286	3.50054
8.93	3.43499	3.47039	3.39959	3.37108	3.4989
8.94	3.43329	3.46869	3.39788	3.36931	3.49727
8.95	3.43158	3.46698	3.39618	3.36753	3.49563
8.96	3.42987	3.46528	3.39447	3.36575	3.494
8.97	3.42817	3.46357	3.39277	3.36397	3.49236
8.98	3.42646	3.46186	3.39106	3.36219	3.49073
8.99	3.42475	3.46016	3.38935	3.36042	3.48909
9	3.42305	3.45845	3.38765	3.35864	3.48746
9.01	3.42134	3.45674	3.38594	3.35686	3.48582
9.02	3.41964	3.45504	3.38423	3.35508	3.48419
9.03	3.41793	3.45333	3.38253	3.35331	3.48255
9.04	3.41622	3.45163	3.38082	3.35153	3.48092
9.05	3.41452	3.44992	3.37912	3.34975	3.47928
9.06	3.41281	3.44821	3.37741	3.34797	3.47765
9.07	3.4111	3.44651	3.3757	3.34619	3.47602
9.08	3.4094	3.4448	3.374	3.34442	3.47438
9.09	3.40769	3.44309	3.37229	3.34264	3.47275
9.1	3.40599	3.44139	3.37058	3.34086	3.47111
9.11	3.40428	3.43968	3.36888	3.33908	3.46948
9.12	3.40257	3.43798	3.36717	3.33731	3.46784
9.13	3.40087	3.43627	3.36547	3.33553	3.46621
9.14	3.39916	3.43456	3.36376	3.33375	3.46457
9.15	3.39745	3.43286	3.36205	3.33197	3.46294
9.16	3.39575	3.43115	3.36035	3.33019	3.4613
9.17	3.39404	3.42944	3.35864	3.32842	3.45967
9.18	3.39234	3.42774	3.35693	3.32664	3.45803
9.19	3.39063	3.42603	3.35523	3.32486	3.4564
9.2	3.38892	3.42433	3.35352	3.32308	3.45476
9.21	3.38722	3.42262	3.35182	3.3213	3.45313
9.22	3.38551	3.42091	3.35011	3.31953	3.4515
9.23	3.3838	3.41921	3.3484	3.31775	3.44986
9.24	3.3821	3.4175	3.3467	3.31597	3.44823
9.25	3.38039	3.41579	3.34499	3.31419	3.44659
9.26	3.37869	3.41409	3.34328	3.31242	3.44496
9.27	3.37698	3.41238	3.34158	3.31064	3.44332
9.28	3.37527	3.41068	3.33987	3.30886	3.44169
9.29	3.37357	3.40897	3.33817	3.30708	3.44005
9.3	3.37186	3.40726	3.33646	3.3053	3.43842
9.31	3.37015	3.40556	3.33475	3.30353	3.43678
9.32	3.36845	3.40385	3.33305	3.30175	3.43515
9.33	3.36674	3.40214	3.33134	3.29997	3.43351
9.34	3.36504	3.40044	3.32963	3.29819	3.43188
9.35	3.36333	3.39873	3.32793	3.29642	3.43024
9.36	3.36162	3.39703	3.32622	3.29464	3.42861
9.37	3.35992	3.39532	3.32452	3.29286	3.42698
9.38	3.35821	3.39361	3.32281	3.29108	3.42534
9.39	3.35651	3.39191	3.3211	3.2893	3.42371
9.4	3.3548	3.3902	3.3194	3.28753	3.42207
9.41	3.35309	3.38849	3.31769	3.28575	3.42044
9.42	3.35139	3.38679	3.31598	3.28397	3.4188
9.43	3.34968	3.38508	3.31428	3.28219	3.41717
9.44	3.34797	3.38338	3.31257	3.28042	3.41553
9.45	3.34627	3.38167	3.31087	3.27864	3.4139
9.46	3.34456	3.37996	3.30916	3.27686	3.41226
9.47	3.34286	3.37826	3.30745	3.27508	3.41063
9.48	3.34115	3.37655	3.30575	3.2733	3.40899
9.49	3.33944	3.37484	3.30404	3.27153	3.40736
9.5	3.33774	3.37314	3.30233	3.26975	3.40572
9.51	3.33603	3.37143	3.30063	3.26797	3.40409
9.52	3.33432	3.36973	3.29892	3.26619	3.40245
9.53	3.33262	3.36802	3.29722	3.26442	3.40082
9.54	3.33091	3.36631	3.29551	3.26264	3.39919
9.55	3.32921	3.36461	3.2938	3.26086	3.39755
9.56	3.3275	3.3629	3.2921	3.25908	3.39592
9.57	3.32579	3.36119	3.29039	3.2573	3.39428
9.58	3.32409	3.35949	3.28868	3.25553	3.39265
9.59	3.32238	3.35778	3.28698	3.25375	3.39101
9.6	3.32067	3.35608	3.28527	3.25197	3.38938
9.61	3.31897	3.35437	3.28357	3.25019	3.38774
9.62	3.31726	3.35266	3.28186	3.24841	3.38611
9.63	3.31556	3.35096	3.28015	3.24664	3.38447
9.64	3.31385	3.34925	3.27845	3.24486	3.38284
9.65	3.31214	3.34754	3.27674	3.24308	3.3812
9.66	3.31044	3.34584	3.27503	3.2413	3.37957
9.67	3.30873	3.34413	3.27333	3.23953	3.37793
9.68	3.30702	3.34243	3.27162	3.23775	3.3763
9.69	3.30532	3.34072	3.26992	3.23597	3.37467
9.7	3.30361	3.33901	3.26821	3.23419	3.37303
9.71	3.30191	3.33731	3.2665	3.23241	3.3714
9.72	3.3002	3.3356	3.2648	3.23064	3.36976
9.73	3.29849	3.33389	3.26309	3.22886	3.36813
9.74	3.29679	3.33219	3.26138	3.22708	3.36649
9.75	3.29508	3.33048	3.25968	3.2253	3.36486
9.76	3.29337	3.32878	3.25797	3.22353	3.36322
9.77	3.29167	3.32707	3.25627	3.22175	3.36159
9.78	3.28996	3.32536	3.25456	3.21997	3.35995
9.79	3.28826	3.32366	3.25285	3.21819	3.35832
9.8	3.28655	3.32195	3.25115	3.21641	3.35668
9.81	3.28484	3.32024	3.24944	3.21464	3.35505
9.82	3.28314	3.31854	3.24773	3.21286	3.35341
9.83	3.28143	3.31683	3.24603	3.21108	3.35178
9.84	3.27972	3.31513	3.24432	3.2093	3.35015
9.85	3.27802	3.31342	3.24262	3.20753	3.34851
9.86	3.27631	3.31171	3.24091	3.20575	3.34688
9.87	3.27461	3.31001	3.2392	3.20397	3.34524
9.88	3.2729	3.3083	3.2375	3.20219	3.34361
9.89	3.27119	3.30659	3.23579	3.20041	3.34197
9.9	3.26949	3.30489	3.23408	3.19864	3.34034
9.91	3.26778	3.30318	3.23238	3.19686	3.3387
9.92	3.26607	3.30148	3.23067	3.19508	3.33707
9.93	3.26437	3.29977	3.22897	3.1933	3.33543
9.94	3.26266	3.29806	3.22726	3.19152	3.3338
9.95	3.26096	3.29636	3.22555	3.18975	3.33216
9.96	3.25925	3.29465	3.22385	3.18797	3.33053
9.97	3.25754	3.29295	3.22214	3.18619	3.32889
9.98	3.25584	3.29124	3.22043	3.18441	3.32726
9.99	3.25413	3.28953	3.21873	3.18264	3.32563
10	3.25242	3.28783	3.21702	3.18086	3.32399
10.01	3.25072	3.28612	3.21532	3.17908	3.32236
10.02	3.24901	3.28441	3.21361	3.1773	3.32072
10.03	3.24731	3.28271	3.2119	3.17552	3.31909
10.04	3.2456	3.281	3.2102	3.17375	3.31745
10.05	3.24389	3.2793	3.20849	3.17197	3.31582
10.06	3.24219	3.27759	3.20678	3.17019	3.31418
10.07	3.24048	3.27588	3.20508	3.16841	3.31255
10.08	3.23877	3.27418	3.20337	3.16664	3.31091
10.09	3.23707	3.27247	3.20167	3.16486	3.30928
10.1	3.23536	3.27076	3.19996	3.16308	3.30764
10.11	3.23366	3.26906	3.19825	3.1613	3.30601
10.12	3.23195	3.26735	3.19655	3.15952	3.30437
10.13	3.23024	3.26565	3.19484	3.15775	3.30274
10.14	3.22854	3.26394	3.19314	3.15597	3.30111
10.15	3.22683	3.26223	3.19143	3.15419	3.29947
10.16	3.22512	3.26053	3.18972	3.15241	3.29784
10.17	3.22342	3.25882	3.18802	3.15064	3.2962
10.18	3.22171	3.25711	3.18631	3.14886	3.29457
10.19	3.22001	3.25541	3.1846	3.14708	3.29293
10.2	3.2183	3.2537	3.1829	3.1453	3.2913
10.21	3.21659	3.252	3.18119	3.14352	3.28966
10.22	3.21489	3.25029	3.17949	3.14175	3.28803
10.23	3.21318	3.24858	3.17778	3.13997	3.28639
10.24	3.21147	3.24688	3.17607	3.13819	3.28476
10.25	3.20977	3.24517	3.17437	3.13641	3.28312
10.26	3.20806	3.24346	3.17266	3.13464	3.28149
10.27	3.20636	3.24176	3.17095	3.13286	3.27985
10.28	3.20465	3.24005	3.16925	3.13108	3.27822
10.29	3.20294	3.23835	3.16754	3.1293	3.27659
10.3	3.20124	3.23664	3.16584	3.12752	3.27495
10.31	3.19953	3.23493	3.16413	3.12575	3.27332
10.32	3.19782	3.23323	3.16242	3.12397	3.27168
10.33	3.19612	3.23152	3.16072	3.12219	3.27005
10.34	3.19441	3.22981	3.15901	3.12041	3.26841
10.35	3.19271	3.22811	3.1573	3.11863	3.26678
10.36	3.191	3.2264	3.1556	3.11686	3.26514
10.37	3.18929	3.2247	3.15389	3.11508	3.26351
10.38	3.18759	3.22299	3.15219	3.1133	3.26187
10.39	3.18588	3.22128	3.15048	3.11152	3.26024
10.4	3.18417	3.21958	3.14877	3.10975	3.2586
10.41	3.18247	3.21787	3.14707	3.10797	3.25697
10.42	3.18076	3.21616	3.14536	3.10619	3.25533
10.43	3.17906	3.21446	3.14365	3.10441	3.2537
10.44	3.17735	3.21275	3.14195	3.10263	3.25206
10.45	3.17564	3.21105	3.14024	3.10086	3.25043
10.46	3.17394	3.20934	3.13854	3.09908	3.2488
10.47	3.17223	3.20763	3.13683	3.0973	3.24716
10.48	3.17052	3.20593	3.13512	3.09552	3.24553
10.49	3.16882	3.20422	3.13342	3.09375	3.24389
10.5	3.16711	3.20251	3.13171	3.09197	3.24226
10.51	3.16541	3.20081	3.13	3.09019	3.24062
10.52	3.1637	3.1991	3.1283	3.08841	3.23899
10.53	3.16199	3.1974	3.12659	3.08663	3.23735
10.54	3.16029	3.19569	3.12489	3.08486	3.23572
10.55	3.15858	3.19398	3.12318	3.08308	3.23408
10.56	3.15687	3.19228	3.12147	3.0813	3.23245
10.57	3.15517	3.19057	3.11977	3.07952	3.23081
10.58	3.15346	3.18886	3.11806	3.07775	3.22918
10.59	3.15176	3.18716	3.11635	3.07597	3.22754
10.6	3.15005	3.18545	3.11465	3.07419	3.22591
10.61	3.14834	3.18375	3.11294	3.07241	3.22428
10.62	3.14664	3.18204	3.11124	3.07063	3.22264
10.63	3.14493	3.18033	3.10953	3.06886	3.22101
10.64	3.14322	3.17863	3.10782	3.06708	3.21937
10.65	3.14152	3.17692	3.10612	3.0653	3.21774
10.66	3.13981	3.17521	3.10441	3.06352	3.2161
10.67	3.13811	3.17351	3.1027	3.06175	3.21447
10.68	3.1364	3.1718	3.101	3.05997	3.21283
10.69	3.13469	3.1701	3.09929	3.05819	3.2112
10.7	3.13299	3.16839	3.09759	3.05641	3.20956
10.71	3.13128	3.16668	3.09588	3.05463	3.20793
10.72	3.12958	3.16498	3.09417	3.05286	3.20629
10.73	3.12787	3.16327	3.09247	3.05108	3.20466
10.74	3.12616	3.16156	3.09076	3.0493	3.20302
10.75	3.12446	3.15986	3.08905	3.04752	3.20139
10.76	3.12275	3.15815	3.08735	3.04574	3.19976
10.77	3.12104	3.15645	3.08564	3.04397	3.19812
10.78	3.11934	3.15474	3.08394	3.04219	3.19649
10.79	3.11763	3.15303	3.08223	3.04041	3.19485
10.8	3.11593	3.15133	3.08052	3.03863	3.19322
10.81	3.11422	3.14962	3.07882	3.03686	3.19158
10.82	3.11251	3.14791	3.07711	3.03508	3.18995
10.83	3.11081	3.14621	3.0754	3.0333	3.18831
10.84	3.1091	3.1445	3.0737	3.03152	3.18668
10.85	3.10739	3.1428	3.07199	3.02974	3.18504
10.86	3.10569	3.14109	3.07029	3.02797	3.18341
10.87	3.10398	3.13938	3.06858	3.02619	3.18177
10.88	3.10228	3.13768	3.06687	3.02441	3.18014
10.89	3.10057	3.13597	3.06517	3.02263	3.1785
10.9	3.09886	3.13426	3.06346	3.02086	3.17687
10.91	3.09716	3.13256	3.06175	3.01908	3.17524
10.92	3.09545	3.13085	3.06005	3.0173	3.1736
10.93	3.09374	3.12915	3.05834	3.01552	3.17197
10.94	3.09204	3.12744	3.05664	3.01374	3.17033
10.95	3.09033	3.12573	3.05493	3.01197	3.1687
10.96	3.08863	3.12403	3.05322	3.01019	3.16706
10.97	3.08692	3.12232	3.05152	3.00841	3.16543
10.98	3.08521	3.12061	3.04981	3.00663	3.16379
10.99	3.08351	3.11891	3.0481	3.00486	3.16216
11	3.0818	3.1172	3.0464	3.00308	3.16052
11.01	3.08009	3.1155	3.04469	3.0013	3.15889
11.02	3.07839	3.11379	3.04299	2.99952	3.15725
11.03	3.07668	3.11208	3.04128	2.99774	3.15562
11.04	3.07498	3.11038	3.03957	2.99597	3.15398
11.05	3.07327	3.10867	3.03787	2.99419	3.15235
11.06	3.07156	3.10696	3.03616	2.99241	3.15072
11.07	3.06986	3.10526	3.03445	2.99063	3.14908
11.08	3.06815	3.10355	3.03275	2.98886	3.14745
11.09	3.06644	3.10185	3.03104	2.98708	3.14581
11.1	3.06474	3.10014	3.02934	2.9853	3.14418
11.11	3.06303	3.09843	3.02763	2.98352	3.14254
11.12	3.06133	3.09673	3.02592	2.98174	3.14091
11.13	3.05962	3.09502	3.02422	2.97997	3.13927
11.14	3.05791	3.09331	3.02251	2.97819	3.13764
11.15	3.05621	3.09161	3.0208	2.97641	3.136
11.16	3.0545	3.0899	3.0191	2.97463	3.13437
11.17	3.05279	3.0882	3.01739	2.97285	3.13273
11.18	3.05109	3.08649	3.01569	2.97108	3.1311
11.19	3.04938	3.08478	3.01398	2.9693	3.12946
11.2	3.04768	3.08308	3.01227	2.96752	3.12783
11.21	3.04597	3.08137	3.01057	2.96574	3.1262
11.22	3.04426	3.07966	3.00886	2.96397	3.12456
11.23	3.04256	3.07796	3.00715	2.96219	3.12293
11.24	3.04085	3.07625	3.00545	2.96041	3.12129
11.25	3.03914	3.07455	3.00374	2.95863	3.11966
11.26	3.03744	3.07284	3.00204	2.95685	3.11802
11.27	3.03573	3.07113	3.00033	2.95508	3.11639
11.28	3.03403	3.06943	2.99862	2.9533	3.11475
11.29	3.03232	3.06772	2.99692	2.95152	3.11312
11.3	3.03061	3.06602	2.99521	2.94974	3.11148
11.31	3.02891	3.06431	2.9935	2.94797	3.10985
11.32	3.0272	3.0626	2.9918	2.94619	3.10821
11.33	3.02549	3.0609	2.99009	2.94441	3.10658
11.34	3.02379	3.05919	2.98839	2.94263	3.10494
11.35	3.02208	3.05748	2.98668	2.94085	3.10331
11.36	3.02038	3.05578	2.98497	2.93908	3.10167
11.37	3.01867	3.05407	2.98327	2.9373	3.10004
11.38	3.01696	3.05237	2.98156	2.93552	3.09841
11.39	3.01526	3.05066	2.97986	2.93374	3.09677
11.4	3.01355	3.04895	2.97815	2.93197	3.09514
11.41	3.01184	3.04725	2.97644	2.93019	3.0935
11.42	3.01014	3.04554	2.97474	2.92841	3.09187
11.43	3.00843	3.04383	2.97303	2.92663	3.09023
11.44	3.00673	3.04213	2.97132	2.92485	3.0886
11.45	3.00502	3.04042	2.96962	2.92308	3.08696
11.46	3.00331	3.03872	2.96791	2.9213	3.08533
11.47	3.00161	3.03701	2.96621	2.91952	3.08369
11.48	2.9999	3.0353	2.9645	2.91774	3.08206
11.49	2.99819	3.0336	2.96279	2.91596	3.08042
11.5	2.99649	3.03189	2.96109	2.91419	3.07879
11.51	2.99478	3.03018	2.95938	2.91241	3.07715
11.52	2.99308	3.02848	2.95767	2.91063	3.07552
11.53	2.99137	3.02677	2.95597	2.90885	3.07389
11.54	2.98966	3.02507	2.95426	2.90708	3.07225
11.55	2.98796	3.02336	2.95256	2.9053	3.07062
11.56	2.98625	3.02165	2.95085	2.90352	3.06898
11.57	2.98454	3.01995	2.94914	2.90174	3.06735
11.58	2.98284	3.01824	2.94744	2.89996	3.06571
11.59	2.98113	3.01653	2.94573	2.89819	3.06408
11.6	2.97943	3.01483	2.94402	2.89641	3.06244
11.61	2.97772	3.01312	2.94232	2.89463	3.06081
11.62	2.97601	3.01142	2.94061	2.89285	3.05917
11.63	2.97431	3.00971	2.93891	2.89108	3.05754
11.64	2.9726	3.008	2.9372	2.8893	3.0559
11.65	2.97089	3.0063	2.93549	2.88752	3.05427
11.66	2.96919	3.00459	2.93379	2.88574	3.05263
11.67	2.96748	3.00288	2.93208	2.88396	3.051
11.68	2.96578	3.00118	2.93037	2.88219	3.04937
11.69	2.96407	2.99947	2.92867	2.88041	3.04773
11.7	2.96236	2.99777	2.92696	2.87863	3.0461
11.71	2.96066	2.99606	2.92526	2.87685	3.04446
11.72	2.95895	2.99435	2.92355	2.87508	3.04283
11.73	2.95724	2.99265	2.92184	2.8733	3.04119
11.74	2.95554	2.99094	2.92014	2.87152	3.03956
11.75	2.95383	2.98923	2.91843	2.86974	3.03792
11.76	2.95213	2.98753	2.91672	2.86796	3.03629
11.77	2.95042	2.98582	2.91502	2.86619	3.03465
11.78	2.94871	2.98412	2.91331	2.86441	3.03302
11.79	2.94701	2.98241	2.91161	2.86263	3.03138
11.8	2.9453	2.9807	2.9099	2.86085	3.02975
11.81	2.94359	2.979	2.90819	2.85908	3.02811
11.82	2.94189	2.97729	2.90649	2.8573	3.02648
11.83	2.94018	2.97558	2.90478	2.85552	3.02485
11.84	2.93848	2.97388	2.90307	2.85374	3.02321
11.85	2.93677	2.97217	2.90137	2.85196	3.02158
11.86	2.93506	2.97047	2.89966	2.85019	3.01994
11.87	2.93336	2.96876	2.89796	2.84841	3.01831
11.88	2.93165	2.96705	2.89625	2.84663	3.01667
11.89	2.92994	2.96535	2.89454	2.84485	3.01504
11.9	2.92824	2.96364	2.89284	2.84307	3.0134
11.91	2.92653	2.96193	2.89113	2.8413	3.01177
11.92	2.92483	2.96023	2.88942	2.83952	3.01013
11.93	2.92312	2.95852	2.88772	2.83774	3.0085
11.94	2.92141	2.95682	2.88601	2.83596	3.00686
11.95	2.91971	2.95511	2.88431	2.83419	3.00523
11.96	2.918	2.9534	2.8826	2.83241	3.00359
11.97	2.91629	2.9517	2.88089	2.83063	3.00196
11.98	2.91459	2.94999	2.87919	2.82885	3.00033
11.99	2.91288	2.94828	2.87748	2.82707	2.99869
12	2.91118	2.94658	2.87577	2.8253	2.99706
12.01	2.90947	2.94487	2.87407	2.82352	2.99542
12.02	2.90776	2.94317	2.87236	2.82174	2.99379
12.03	2.90606	2.94146	2.87066	2.81996	2.99215
12.04	2.90435	2.93975	2.86895	2.81819	2.99052
12.05	2.90265	2.93805	2.86724	2.81641	2.98888
12.06	2.90094	2.93634	2.86554	2.81463	2.98725
12.07	2.89923	2.93463	2.86383	2.81285	2.98561
12.08	2.89753	2.93293	2.86212	2.81107	2.98398
12.09	2.89582	2.93122	2.86042	2.8093	2.98234
12.1	2.89411	2.92952	2.85871	2.80752	2.98071
12.11	2.89241	2.92781	2.85701	2.80574	2.97907
12.12	2.8907	2.9261	2.8553	2.80396	2.97744
12.13	2.889	2.9244	2.85359	2.80219	2.9758
12.14	2.88729	2.92269	2.85189	2.80041	2.97417
12.15	2.88558	2.92098	2.85018	2.79863	2.97254
12.16	2.88388	2.91928	2.84847	2.79685	2.9709
12.17	2.88217	2.91757	2.84677	2.79507	2.96927
12.18	2.88046	2.91587	2.84506	2.7933	2.96763
12.19	2.87876	2.91416	2.84336	2.79152	2.966
12.2	2.87705	2.91245	2.84165	2.78974	2.96436
12.21	2.87535	2.91075	2.83994	2.78796	2.96273
12.22	2.87364	2.90904	2.83824	2.78619	2.96109
12.23	2.87193	2.90733	2.83653	2.78441	2.95946
12.24	2.87023	2.90563	2.83482	2.78263	2.95782
12.25	2.86852	2.90392	2.83312	2.78085	2.95619
12.26	2.86681	2.90222	2.83141	2.77907	2.95455
12.27	2.86511	2.90051	2.82971	2.7773	2.95292
12.28	2.8634	2.8988	2.828	2.77552	2.95128
12.29	2.8617	2.8971	2.82629	2.77374	2.94965
12.3	2.85999	2.89539	2.82459	2.77196	2.94802
12.31	2.85828	2.89368	2.82288	2.77018	2.94638
12.32	2.85658	2.89198	2.82117	2.76841	2.94475
12.33	2.85487	2.89027	2.81947	2.76663	2.94311
12.34	2.85316	2.88857	2.81776	2.76485	2.94148
12.35	2.85146	2.88686	2.81606	2.76307	2.93984
12.36	2.84975	2.88515	2.81435	2.7613	2.93821
12.37	2.84805	2.88345	2.81264	2.75952	2.93657
12.38	2.84634	2.88174	2.81094	2.75774	2.93494
12.39	2.84463	2.88003	2.80923	2.75596	2.9333
12.4	2.84293	2.87833	2.80752	2.75418	2.93167
12.41	2.84122	2.87662	2.80582	2.75241	2.93003
12.42	2.83951	2.87492	2.80411	2.75063	2.9284
12.43	2.83781	2.87321	2.80241	2.74885	2.92676
12.44	2.8361	2.8715	2.8007	2.74707	2.92513
12.45	2.8344	2.8698	2.79899	2.7453	2.9235
12.46	2.83269	2.86809	2.79729	2.74352	2.92186
12.47	2.83098	2.86638	2.79558	2.74174	2.92023
12.48	2.82928	2.86468	2.79387	2.73996	2.91859
12.49	2.82757	2.86297	2.79217	2.73818	2.91696
12.5	2.82586	2.86127	2.79046	2.73641	2.91532
12.51	2.82416	2.85956	2.78876	2.73463	2.91369
12.52	2.82245	2.85785	2.78705	2.73285	2.91205
12.53	2.82075	2.85615	2.78534	2.73107	2.91042
12.54	2.81904	2.85444	2.78364	2.7293	2.90878
12.55	2.81733	2.85273	2.78193	2.72752	2.90715
12.56	2.81563	2.85103	2.78022	2.72574	2.90551
12.57	2.81392	2.84932	2.77852	2.72396	2.90388
12.58	2.81221	2.84762	2.77681	2.72218	2.90224
12.59	2.81051	2.84591	2.77511	2.72041	2.90061
12.6	2.8088	2.8442	2.7734	2.71863	2.89898
12.61	2.8071	2.8425	2.77169	2.71685	2.89734
12.62	2.80539	2.84079	2.76999	2.71507	2.89571
12.63	2.80368	2.83909	2.76828	2.71329	2.89407
12.64	2.80198	2.83738	2.76657	2.71152	2.89244
12.65	2.80027	2.83567	2.76487	2.70974	2.8908
12.66	2.79856	2.83397	2.76316	2.70796	2.88917
12.67	2.79686	2.83226	2.76146	2.70618	2.88753
12.68	2.79515	2.83055	2.75975	2.70441	2.8859
12.69	2.79345	2.82885	2.75804	2.70263	2.88426
12.7	2.79174	2.82714	2.75634	2.70085	2.88263
12.71	2.79003	2.82544	2.75463	2.69907	2.88099
12.72	2.78833	2.82373	2.75293	2.69729	2.87936
12.73	2.78662	2.82202	2.75122	2.69552	2.87772
12.74	2.78491	2.82032	2.74951	2.69374	2.87609
12.75	2.78321	2.81861	2.74781	2.69196	2.87446
12.76	2.7815	2.8169	2.7461	2.69018	2.87282
12.77	2.7798	2.8152	2.74439	2.68841	2.87119
12.78	2.77809	2.81349	2.74269	2.68663	2.86955
12.79	2.77638	2.81179	2.74098	2.68485	2.86792
12.8	2.77468	2.81008	2.73928	2.68307	2.86628
12.81	2.77297	2.80837	2.73757	2.68129	2.86465
12.82	2.77126	2.80667	2.73586	2.67952	2.86301
12.83	2.76956	2.80496	2.73416	2.67774	2.86138
12.84	2.76785	2.80325	2.73245	2.67596	2.85974
12.85	2.76615	2.80155	2.73074	2.67418	2.85811
12.86	2.76444	2.79984	2.72904	2.67241	2.85647
12.87	2.76273	2.79814	2.72733	2.67063	2.85484
12.88	2.76103	2.79643	2.72563	2.66885	2.8532
12.89	2.75932	2.79472	2.72392	2.66707	2.85157
12.9	2.75761	2.79302	2.72221	2.66529	2.84994
12.91	2.75591	2.79131	2.72051	2.66352	2.8483
12.92	2.7542	2.7896	2.7188	2.66174	2.84667
12.93	2.7525	2.7879	2.71709	2.65996	2.84503
12.94	2.75079	2.78619	2.71539	2.65818	2.8434
12.95	2.74908	2.78449	2.71368	2.65641	2.84176
12.96	2.74738	2.78278	2.71198	2.65463	2.84013
12.97	2.74567	2.78107	2.71027	2.65285	2.83849
12.98	2.74396	2.77937	2.70856	2.65107	2.83686
12.99	2.74226	2.77766	2.70686	2.64929	2.83522
13	2.74055	2.77595	2.70515	2.64752	2.83359
13.01	2.73885	2.77425	2.70344	2.64574	2.83195
13.02	2.73714	2.77254	2.70174	2.64396	2.83032
13.03	2.73543	2.77084	2.70003	2.64218	2.82868
13.04	2.73373	2.76913	2.69833	2.6404	2.82705
13.05	2.73202	2.76742	2.69662	2.63863	2.82541
13.06	2.73031	2.76572	2.69491	2.63685	2.82378
13.07	2.72861	2.76401	2.69321	2.63507	2.82215
13.08	2.7269	2.7623	2.6915	2.63329	2.82051
13.09	2.7252	2.7606	2.68979	2.63152	2.81888
13.1	2.72349	2.75889	2.68809	2.62974	2.81724
13.11	2.72178	2.75719	2.68638	2.62796	2.81561
13.12	2.72008	2.75548	2.68468	2.62618	2.81397
13.13	2.71837	2.75377	2.68297	2.6244	2.81234
13.14	2.71666	2.75207	2.68126	2.62263	2.8107
13.15	2.71496	2.75036	2.67956	2.62085	2.80907
13.16	2.71325	2.74865	2.67785	2.61907	2.80743
13.17	2.71155	2.74695	2.67614	2.61729	2.8058
13.18	2.70984	2.74524	2.67444	2.61552	2.80416
13.19	2.70813	2.74354	2.67273	2.61374	2.80253
13.2	2.70643	2.74183	2.67103	2.61196	2.80089
13.21	2.70472	2.74012	2.66932	2.61018	2.79926
13.22	2.70301	2.73842	2.66761	2.6084	2.79763
13.23	2.70131	2.73671	2.66591	2.60663	2.79599
13.24	2.6996	2.735	2.6642	2.60485	2.79436
13.25	2.6979	2.7333	2.66249	2.60307	2.79272
13.26	2.69619	2.73159	2.66079	2.60129	2.79109
13.27	2.69448	2.72989	2.65908	2.59952	2.78945
13.28	2.69278	2.72818	2.65738	2.59774	2.78782
13.29	2.69107	2.72647	2.65567	2.59596	2.78618
13.3	2.68937	2.72477	2.65396	2.59418	2.78455
13.31	2.68766	2.72306	2.65226	2.5924	2.78291
13.32	2.68595	2.72135	2.65055	2.59063	2.78128
13.33	2.68425	2.71965	2.64884	2.58885	2.77964
13.34	2.68254	2.71794	2.64714	2.58707	2.77801
13.35	2.68083	2.71624	2.64543	2.58529	2.77637
13.36	2.67913	2.71453	2.64373	2.58352	2.77474
13.37	2.67742	2.71282	2.64202	2.58174	2.77311
13.38	2.67572	2.71112	2.64031	2.57996	2.77147
13.39	2.67401	2.70941	2.63861	2.57818	2.76984
13.4	2.6723	2.7077	2.6369	2.5764	2.7682
13.41	2.6706	2.706	2.63519	2.57463	2.76657
13.42	2.66889	2.70429	2.63349	2.57285	2.76493
13.43	2.66718	2.70259	2.63178	2.57107	2.7633
13.44	2.66548	2.70088	2.63008	2.56929	2.76166
13.45	2.66377	2.69917	2.62837	2.56751	2.76003
13.46	2.66207	2.69747	2.62666	2.56574	2.75839
13.47	2.66036	2.69576	2.62496	2.56396	2.75676
13.48	2.65865	2.69405	2.62325	2.56218	2.75512
13.49	2.65695	2.69235	2.62154	2.5604	2.75349
13.5	2.65524	2.69064	2.61984	2.55863	2.75185
13.51	2.65353	2.68894	2.61813	2.55685	2.75022
13.52	2.65183	2.68723	2.61643	2.55507	2.74859
13.53	2.65012	2.68552	2.61472	2.55329	2.74695
13.54	2.64842	2.68382	2.61301	2.55151	2.74532
13.55	2.64671	2.68211	2.61131	2.54974	2.74368
13.56	2.645	2.6804	2.6096	2.54796	2.74205
13.57	2.6433	2.6787	2.60789	2.54618	2.74041
13.58	2.64159	2.67699	2.60619	2.5444	2.73878
13.59	2.63988	2.67529	2.60448	2.54263	2.73714
13.6	2.63818	2.67358	2.60278	2.54085	2.73551
13.61	2.63647	2.67187	2.60107	2.53907	2.73387
13.62	2.63477	2.67017	2.59936	2.53729	2.73224
13.63	2.63306	2.66846	2.59766	2.53551	2.7306
13.64	2.63135	2.66675	2.59595	2.53374	2.72897
13.65	2.62965	2.66505	2.59424	2.53196	2.72733
13.66	2.62794	2.66334	2.59254	2.53018	2.7257
13.67	2.62623	2.66164	2.59083	2.5284	2.72407
13.68	2.62453	2.65993	2.58913	2.52663	2.72243
13.69	2.62282	2.65822	2.58742	2.52485	2.7208
13.7	2.62112	2.65652	2.58571	2.52307	2.71916
13.71	2.61941	2.65481	2.58401	2.52129	2.71753
13.72	2.6177	2.6531	2.5823	2.51951	2.71589
13.73	2.616	2.6514	2.58059	2.51774	2.71426
13.74	2.61429	2.64969	2.57889	2.51596	2.71262
13.75	2.61258	2.64799	2.57718	2.51418	2.71099
13.76	2.61088	2.64628	2.57548	2.5124	2.70935
13.77	2.60917	2.64457	2.57377	2.51063	2.70772
13.78	2.60747	2.64287	2.57206	2.50885	2.70608
13.79	2.60576	2.64116	2.57036	2.50707	2.70445
13.8	2.60405	2.63945	2.56865	2.50529	2.70281
13.81	2.60235	2.63775	2.56694	2.50351	2.70118
13.82	2.60064	2.63604	2.56524	2.50174	2.69955
13.83	2.59893	2.63434	2.56353	2.49996	2.69791
13.84	2.59723	2.63263	2.56183	2.49818	2.69628
13.85	2.59552	2.63092	2.56012	2.4964	2.69464
13.86	2.59382	2.62922	2.55841	2.49462	2.69301
13.87	2.59211	2.62751	2.55671	2.49285	2.69137
13.88	2.5904	2.6258	2.555	2.49107	2.68974
13.89	2.5887	2.6241	2.55329	2.48929	2.6881
13.9	2.58699	2.62239	2.55159	2.48751	2.68647
13.91	2.58528	2.62069	2.54988	2.48574	2.68483
13.92	2.58358	2.61898	2.54818	2.48396	2.6832
13.93	2.58187	2.61727	2.54647	2.48218	2.68156
13.94	2.58017	2.61557	2.54476	2.4804	2.67993
13.95	2.57846	2.61386	2.54306	2.47862	2.67829
13.96	2.57675	2.61216	2.54135	2.47685	2.67666
13.97	2.57505	2.61045	2.53964	2.47507	2.67502
13.98	2.57334	2.60874	2.53794	2.47329	2.67339
13.99	2.57163	2.60704	2.53623	2.47151	2.67176
14	2.56993	2.60533	2.53453	2.46974	2.67012
14.01	2.56822	2.60362	2.53282	2.46796	2.66849
14.02	2.56652	2.60192	2.53111	2.46618	2.66685
14.03	2.56481	2.60021	2.52941	2.4644	2.66522
14.04	2.5631	2.59851	2.5277	2.46262	2.66358
14.05	2.5614	2.5968	2.526	2.46085	2.66195
14.06	2.55969	2.59509	2.52429	2.45907	2.66031
14.07	2.55798	2.59339	2.52258	2.45729	2.65868
14.08	2.55628	2.59168	2.52088	2.45551	2.65704
14.09	2.55457	2.58997	2.51917	2.45374	2.65541
14.1	2.55287	2.58827	2.51746	2.45196	2.65377
14.11	2.55116	2.58656	2.51576	2.45018	2.65214
14.12	2.54945	2.58486	2.51405	2.4484	2.6505
14.13	2.54775	2.58315	2.51235	2.44662	2.64887
14.14	2.54604	2.58144	2.51064	2.44485	2.64724
14.15	2.54433	2.57974	2.50893	2.44307	2.6456
14.16	2.54263	2.57803	2.50723	2.44129	2.64397
14.17	2.54092	2.57632	2.50552	2.43951	2.64233
14.18	2.53922	2.57462	2.50381	2.43773	2.6407
14.19	2.53751	2.57291	2.50211	2.43596	2.63906
14.2	2.5358	2.57121	2.5004	2.43418	2.63743
14.21	2.5341	2.5695	2.4987	2.4324	2.63579
14.22	2.53239	2.56779	2.49699	2.43062	2.63416
14.23	2.53068	2.56609	2.49528	2.42885	2.63252
14.24	2.52898	2.56438	2.49358	2.42707	2.63089
14.25	2.52727	2.56267	2.49187	2.42529	2.62925
14.26	2.52557	2.56097	2.49016	2.42351	2.62762
14.27	2.52386	2.55926	2.48846	2.42173	2.62598
14.28	2.52215	2.55756	2.48675	2.41996	2.62435
14.29	2.52045	2.55585	2.48505	2.41818	2.62272
14.3	2.51874	2.55414	2.48334	2.4164	2.62108
14.31	2.51703	2.55244	2.48163	2.41462	2.61945
14.32	2.51533	2.55073	2.47993	2.41285	2.61781
14.33	2.51362	2.54902	2.47822	2.41107	2.61618
14.34	2.51192	2.54732	2.47651	2.40929	2.61454
14.35	2.51021	2.54561	2.47481	2.40751	2.61291
14.36	2.5085	2.54391	2.4731	2.40573	2.61127
14.37	2.5068	2.5422	2.4714	2.40396	2.60964
14.38	2.50509	2.54049	2.46969	2.40218	2.608
14.39	2.50338	2.53879	2.46798	2.4004	2.60637
14.4	2.50168	2.53708	2.46628	2.39862	2.60473
14.41	2.49997	2.53537	2.46457	2.39685	2.6031
14.42	2.49827	2.53367	2.46286	2.39507	2.60146
14.43	2.49656	2.53196	2.46116	2.39329	2.59983
14.44	2.49485	2.53026	2.45945	2.39151	2.5982
14.45	2.49315	2.52855	2.45775	2.38973	2.59656
14.46	2.49144	2.52684	2.45604	2.38796	2.59493
14.47	2.48973	2.52514	2.45433	2.38618	2.59329
14.48	2.48803	2.52343	2.45263	2.3844	2.59166
14.49	2.48632	2.52172	2.45092	2.38262	2.59002
14.5	2.48462	2.52002	2.44921	2.38085	2.58839
14.51	2.48291	2.51831	2.44751	2.37907	2.58675
14.52	2.4812	2.51661	2.4458	2.37729	2.58512
14.53	2.4795	2.5149	2.4441	2.37551	2.58348
14.54	2.47779	2.51319	2.44239	2.37373	2.58185
14.55	2.47608	2.51149	2.44068	2.37196	2.58021
14.56	2.47438	2.50978	2.43898	2.37018	2.57858
14.57	2.47267	2.50807	2.43727	2.3684	2.57694
14.58	2.47097	2.50637	2.43556	2.36662	2.57531
14.59	2.46926	2.50466	2.43386	2.36484	2.57368
14.6	2.46755	2.50296	2.43215	2.36307	2.57204
14.61	2.46585	2.50125	2.43045	2.36129	2.57041
14.62	2.46414	2.49954	2.42874	2.35951	2.56877
14.63	2.46244	2.49784	2.42703	2.35773	2.56714
14.64	2.46073	2.49613	2.42533	2.35596	2.5655
14.65	2.45902	2.49442	2.42362	2.35418	2.56387
14.66	2.45732	2.49272	2.42191	2.3524	2.56223
14.67	2.45561	2.49101	2.42021	2.35062	2.5606
14.68	2.4539	2.48931	2.4185	2.34884	2.55896
14.69	2.4522	2.4876	2.4168	2.34707	2.55733
14.7	2.45049	2.48589	2.41509	2.34529	2.55569
14.71	2.44879	2.48419	2.41338	2.34351	2.55406
14.72	2.44708	2.48248	2.41168	2.34173	2.55242
14.73	2.44537	2.48077	2.40997	2.33996	2.55079
14.74	2.44367	2.47907	2.40826	2.33818	2.54915
14.75	2.44196	2.47736	2.40656	2.3364	2.54752
14.76	2.44025	2.47566	2.40485	2.33462	2.54589
14.77	2.43855	2.47395	2.40315	2.33284	2.54425
14.78	2.43684	2.47224	2.40144	2.33107	2.54262
14.79	2.43514	2.47054	2.39973	2.32929	2.54098
14.8	2.43343	2.46883	2.39803	2.32751	2.53935
14.81	2.43172	2.46712	2.39632	2.32573	2.53771
14.82	2.43002	2.46542	2.39461	2.32396	2.53608
14.83	2.42831	2.46371	2.39291	2.32218	2.53444
14.84	2.4266	2.46201	2.3912	2.3204	2.53281
14.85	2.4249	2.4603	2.3895	2.31862	2.53117
14.86	2.42319	2.45859	2.38779	2.31684	2.52954
14.87	2.42149	2.45689	2.38608	2.31507	2.5279
14.88	2.41978	2.45518	2.38438	2.31329	2.52627
14.89	2.41807	2.45347	2.38267	2.31151	2.52463
14.9	2.41637	2.45177	2.38096	2.30973	2.523
14.91	2.41466	2.45006	2.37926	2.30796	2.52137
14.92	2.41295	2.44836	2.37755	2.30618	2.51973
14.93	2.41125	2.44665	2.37585	2.3044	2.5181
14.94	2.40954	2.44494	2.37414	2.30262	2.51646
14.95	2.40784	2.44324	2.37243	2.30084	2.51483
14.96	2.40613	2.44153	2.37073	2.29907	2.51319
14.97	2.40442	2.43982	2.36902	2.29729	2.51156
14.98	2.40272	2.43812	2.36731	2.29551	2.50992
14.99	2.40101	2.43641	2.36561	2.29373	2.50829
15	2.3993	2.43471	2.3639	2.29195	2.50665
