x		y
0.0000000000	0.0000000000
0.4142135624	0.7320508076
0.8284271247	0.4641016151
0.2426406871	0.1961524227
0.6568542495	0.9282032303
0.0710678119	0.6602540378
0.4852813742	0.3923048454
0.8994949366	0.1243556530
0.3137084990	0.8564064606
0.7279220614	0.5884572681
0.1421356237	0.3205080757
0.5563491861	0.0525588833
0.9705627485	0.7846096908
0.3847763109	0.5166604984
0.7989898732	0.2487113060
0.2132034356	0.9807621135
0.6274169980	0.7128129211
0.0416305603	0.4448637287
0.4558441227	0.1769145362
0.8700576851	0.9089653438
0.2842712475	0.6410161514
0.6984848098	0.3730669589
0.1126983722	0.1051177665
0.5269119346	0.8371685741
0.9411254970	0.5692193817
0.3553390593	0.3012701892
0.7695526217	0.0333209968
0.1837661841	0.7653718044
0.5979797464	0.4974226119
0.0121933088	0.2294734195
0.4264068712	0.9615242271
0.8406204336	0.6935750346
0.2548339959	0.4256258422
0.6690475583	0.1576766498
0.0832611207	0.8897274573
0.4974746831	0.6217782649
0.9116882454	0.3538290725
0.3259018078	0.0858798800
0.7401153702	0.8179306876
0.1543289326	0.5499814952
0.5685424949	0.2820323028
0.9827560573	0.0140831103
0.3969696197	0.7461339179
0.8111831820	0.4781847255
0.2253967444	0.2102355330
0.6396103068	0.9422863406
0.0538238692	0.6743371482
0.4680374315	0.4063879557
0.8822509939	0.1384387633
0.2964645563	0.8704895709
0.7106781187	0.6025403784
0.1248916810	0.3345911860
0.5391052434	0.0666419936
0.9533188058	0.7986928012
0.3675323681	0.5307436087
0.7817459305	0.2627944163
0.1959594929	0.9948452239
0.6101730553	0.7268960314
0.0243866176	0.4589468390
0.4386001800	0.1909976466
0.8528137424	0.9230484541
0.2670273048	0.6550992617
0.6812408671	0.3871500693
0.0954544295	0.1192008768
0.5096679919	0.8512516844
0.9238815543	0.5833024920
0.3380951166	0.3153532995
0.7523086790	0.0474041071
0.1665222414	0.7794549147
0.5807358037	0.5115057223
0.9949493661	0.2435565298
0.4091629285	0.9756073374
0.8233764909	0.7076581450
0.2375900532	0.4397089525
0.6518036156	0.1717597601
0.0660171780	0.9038105677
0.4802307404	0.6358613752
0.8944443027	0.3679121828
0.3086578651	0.0999629904
0.7228714275	0.8320137979
0.1370849898	0.5640646055
0.5512985522	0.2961154131
0.9655121146	0.0281662206
0.3797256770	0.7602170282
0.7939392393	0.4922678358
0.2081528017	0.2243186434
0.6223663641	0.9563694509
0.0365799265	0.6884202585
0.4507934888	0.4204710661
0.8650070512	0.1525218736
0.2792206136	0.8845726812
0.6934341760	0.6166234888
0.1076477383	0.3486742963
0.5218613007	0.0807251039
0.9360748631	0.8127759115
0.3502884254	0.5448267190
0.7645019878	0.2768775266
0.1787155502	0.0089283342
0.5929291126	0.7409791417
0.0071426749	0.4730299493
0.4213562373	0.2050807569
0.8355697997	0.9371315645
0.2497833621	0.6691823720
0.6639969244	0.4012331796
0.0782104868	0.1332839872
0.4924240492	0.8653347947
0.9066376115	0.5973856023
0.3208511739	0.3294364099
0.7350647363	0.0614872174
0.1492782987	0.7935380250
0.5634918610	0.5255888326
0.9777054234	0.2576396401
0.3919189858	0.9896904477
0.8061325482	0.7217412553
0.2203461105	0.4537920629
0.6345596729	0.1858428704
0.0487732353	0.9178936780
0.4629867977	0.6499444856
0.8772003600	0.3819952931
0.2914139224	0.1140461007
0.7056274848	0.8460969083
0.1198410471	0.5781477158
0.5340546095	0.3101985234
0.9482681719	0.0422493310
0.3624817343	0.7743001385
0.7766952966	0.5063509461
0.1909088590	0.2384017537
0.6051224214	0.9704525612
0.0193359838	0.7025033688
0.4335495461	0.4345541764
0.8477631085	0.1666049840
0.2619766709	0.8986557915
0.6761902332	0.6307065991
0.0904037956	0.3627574067
0.5046173580	0.0948082142
0.9188309204	0.8268590218
0.3330444827	0.5589098294
0.7472580451	0.2909606369
0.1614716075	0.0230114445
0.5756851699	0.7550622521
0.9898987322	0.4871130596
0.4041122946	0.2191638672
0.8183258570	0.9512146748
0.2325394194	0.6832654823
0.6467529817	0.4153162899
0.0609665441	0.1473670975
0.4751801065	0.8794179051
0.8893936688	0.6114687126
0.3036072312	0.3435195202
0.7178207936	0.0755703278
0.1320343560	0.8076211353
0.5462479183	0.5396719429
0.9604614807	0.2717227505
0.3746750431	0.0037735580
0.7888886055	0.7358243656
0.2031021678	0.4678751732
0.6173157302	0.1999259807
0.0315292926	0.9319767883
0.4457428549	0.6640275959
0.8599564173	0.3960784035
0.2741699797	0.1281292110
0.6883835421	0.8601800186
0.1025971044	0.5922308262
0.5168106668	0.3242816337
0.9310242292	0.0563324413
0.3452377916	0.7883832489
0.7594513539	0.5204340564
0.1736649163	0.2524848640
0.5878784787	0.9845356716
0.0020920411	0.7165864791
0.4163056034	0.4486372867
0.8305191658	0.1806880943
0.2447327282	0.9127389018
0.6589462905	0.6447897094
0.0731598529	0.3768405170
0.4873734153	0.1088913246
0.9015869777	0.8409421321
0.3158005400	0.5729929397
0.7300141024	0.3050437473
0.1442276648	0.0370945548
0.5584412272	0.7691453624
0.9726547895	0.5011961700
0.3868683519	0.2332469775
0.8010819143	0.9652977851
0.2152954766	0.6973485927
0.6295090390	0.4293994002
0.0437226014	0.1614502078
0.4579361638	0.8935010154
0.8721497261	0.6255518229
0.2863632885	0.3576026305
0.7005768509	0.0896534381
0.1147904133	0.8217042457
0.5290039756	0.5537550532
0.9432175380	0.2858058608
0.3574311004	0.0178566684
0.7716446628	0.7499074759
0.1858582251	0.4819582835
0.6000717875	0.2140090911
0.0142853499	0.9460598986
0.4284989122	0.6781107062
0.8427124746	0.4101615138
0.2569260370	0.1422123213
0.6711395994	0.8742631289
0.0853531617	0.6063139365
0.4995667241	0.3383647441
0.9137802865	0.0704155516
0.3279938489	0.8024663592
0.7422074112	0.5345171668
0.1564209736	0.2665679743
0.5706345360	0.9986187819
0.9848480983	0.7306695895
0.3990616607	0.4627203970
0.8132752231	0.1947712046
0.2274887855	0.9268220122
0.6417023478	0.6588728197
0.0559159102	0.3909236273
0.4701294726	0.1229744349
0.8843430350	0.8550252424
0.2985565973	0.5870760500
0.7127701597	0.3191268576
0.1269837221	0.0511776652
0.5411972845	0.7832284727
0.9554108468	0.5152792803
0.3696244092	0.2473300879
0.7838379716	0.9793808954
0.1980515339	0.7114317030
0.6122650963	0.4434825106
0.0264786587	0.1755333181
0.4406922211	0.9075841257
0.8549057834	0.6396349333
0.2691193458	0.3716857408
0.6833329082	0.1037365484
0.0975464706	0.8357873560
0.5117600329	0.5678381635
0.9259735953	0.2998889711
0.3401871577	0.0319397787
0.7544007201	0.7639905863
0.1686142824	0.4960413938
0.5828278448	0.2280922014
0.9970414072	0.9601430090
0.4112549695	0.6921938165
0.8254685319	0.4242446241
0.2396820943	0.1562954317
0.6538956567	0.8883462392
0.0681092190	0.6203970468
0.4823227814	0.3524478544
0.8965363438	0.0844986619
0.3107499062	0.8165494695
0.7249634685	0.5486002771
0.1391770309	0.2806510847
0.5533905933	0.0127018922
0.9676041556	0.7447526998
0.3818177180	0.4768035074
0.7960312804	0.2088543149
0.2102448428	0.9409051225
0.6244584051	0.6729559301
0.0386719675	0.4050067376
0.4528855299	0.1370575452
0.8670990923	0.8691083528
0.2813126546	0.6011591603
0.6955262170	0.3332099679
0.1097397794	0.0652607755
0.5239533418	0.7973115830
0.9381669041	0.5293623906
0.3523804665	0.2614131982
0.7665940289	0.9934640058
0.1808075912	0.7255148133
0.5950211536	0.4575656209
0.0092347160	0.1896164285
0.4234482784	0.9216672360
0.8376618407	0.6537180436
0.2518754031	0.3857688512
0.6660889655	0.1178196587
0.0803025279	0.8498704663
0.4945160902	0.5819212739
0.9087296526	0.3139720814
0.3229432150	0.0460228890
0.7371567773	0.7780736966
0.1513703397	0.5101245041
0.5655839021	0.2421753117
0.9797974645	0.9742261193
0.3940110268	0.7062769269
0.8082245892	0.4383277344
0.2224381516	0.1703785420
0.6366517140	0.9024293496
0.0508652763	0.6344801571
0.4650788387	0.3665309647
0.8792924011	0.0985817723
0.2935059635	0.8306325798
0.7077195258	0.5626833874
0.1219330882	0.2947341950
0.5361466506	0.0267850025
0.9503602129	0.7588358101
0.3645737753	0.4908866177
0.7787873377	0.2229374252
0.1930009001	0.9549882328
0.6072144624	0.6870390404
0.0214280248	0.4190898480
0.4356415872	0.1511406555
0.8498551496	0.8831914631
0.2640687119	0.6152422707
0.6782822743	0.3472930782
0.0924958367	0.0793438858
0.5067093990	0.8113946934
0.9209229614	0.5434455009
0.3351365238	0.2754963085
0.7493500862	0.0075471161
0.1635636485	0.7395979236
0.5777772109	0.4716487312
0.9919907733	0.2036995388
0.4062043357	0.9357503464
0.8204178980	0.6678011539
0.2346314604	0.3998519615
0.6488450228	0.1319027691
0.0630585852	0.8639535766
0.4772721475	0.5960043842
0.8914857099	0.3280551918
0.3056992723	0.0601059993
0.7199128346	0.7921568069
0.1341263970	0.5242076145
0.5483399594	0.2562584220
0.9625535218	0.9883092296
0.3767670841	0.7203600372
0.7909806465	0.4524108447
0.2051942089	0.1844616523
0.6194077713	0.9165124599
0.0336213336	0.6485632675
0.4478348960	0.3806140750
0.8620484584	0.1126648826
0.2762620207	0.8447156902
0.6904755831	0.5767664977
0.1046891455	0.3088173053
0.5189027079	0.0408681129
0.9331162702	0.7729189204
0.3473298326	0.5049697280
0.7615433950	0.2370205356
0.1757569574	0.9690713431
0.5899705197	0.7011221507
0.0041840821	0.4331729583
0.4183976445	0.1652237658
0.8326112069	0.8972745734
0.2468247692	0.6293253810
0.6610383316	0.3613761886
0.0752518940	0.0934269961
0.4894654563	0.8254778037
0.9036790187	0.5575286113
0.3178925811	0.2895794188
0.7321061435	0.0216302264
0.1463197058	0.7536810340
0.5605332682	0.4857318415
0.9747468306	0.2177826491
0.3889603930	0.9498334567
0.8031739553	0.6818842642
0.2173875177	0.4139350718
0.6316010801	0.1459858794
0.0458146424	0.8780366870
0.4600282048	0.6100874945
0.8742417672	0.3421383021
0.2884553296	0.0741891097
0.7026688919	0.8062399172
0.1168824543	0.5382907248
0.5310960167	0.2703415324
0.9453095791	0.0023923399
0.3595231414	0.7344431475
0.7737367038	0.4664939551
0.1879502662	0.1985447626
0.6021638286	0.9305955702
0.0163773909	0.6626463778
0.4305909533	0.3946971853
0.8448045157	0.1267479929
0.2590180780	0.8587988005
0.6732316404	0.5908496081
0.0874452028	0.3229004156
0.5016587652	0.0549512232
0.9158723275	0.7870020308
0.3300858899	0.5190528383
0.7442994523	0.2511036459
0.1585130147	0.9831544535
0.5727265770	0.7152052610
0.9869401394	0.4472560686
0.4011537018	0.1793068762
0.8153672641	0.9113576837
0.2295808265	0.6434084913
0.6437943889	0.3754592989
0.0580079513	0.1075101064
0.4722215136	0.8395609140
0.8864350760	0.5716117216
0.3006486384	0.3036625292
0.7148622008	0.0357133367
0.1290757631	0.7677641443
0.5432893255	0.4998149519
0.9575028879	0.2318657594
0.3717164503	0.9639165670
0.7859300126	0.6959673746
0.2001435750	0.4280181821
0.6143571374	0.1600689897
0.0285706997	0.8921197973
0.4427842621	0.6241706048
0.8569978245	0.3562214124
0.2712113869	0.0882722200
0.6854249492	0.8203230276
0.0996385116	0.5523738351
0.5138520740	0.2844246427
0.9280656364	0.0164754503
0.3422791987	0.7485262578
0.7564927611	0.4805770654
0.1707063235	0.2126278730
0.5849198858	0.9446786805
0.9991334482	0.6767294881
0.4133470106	0.4087802957
0.8275605730	0.1408311032
0.2417741353	0.8728819108
0.6559876977	0.6049327184
0.0702012601	0.3369835259
0.4844148225	0.0690343335
0.8986283848	0.8010851411
0.3128419472	0.5331359487
0.7270555096	0.2651867562
0.1412690720	0.9972375638
0.5554826343	0.7292883714
0.9696961967	0.4613391789
0.3839097591	0.1933899865
0.7981233214	0.9254407941
0.2123368838	0.6574916016
0.6265504462	0.3895424092
0.0407640086	0.1215932168
0.4549775709	0.8536440243
0.8691911333	0.5856948319
0.2834046957	0.3177456395
0.6976182581	0.0497964470
0.1118318204	0.7818472546
0.5260453828	0.5138980622
0.9402589452	0.2459488698
0.3544725076	0.9779996773
0.7686860699	0.7100504849
0.1828996323	0.4421012925
0.5971131947	0.1741521000
0.0113267570	0.9062029076
0.4255403194	0.6382537152
0.8397538818	0.3703045227
0.2539674442	0.1023553303
0.6681810065	0.8344061379
0.0823945689	0.5664569454
0.4966081313	0.2985077530
0.9108216937	0.0305585606
0.3250352560	0.7626093682
0.7392488184	0.4946601757
0.1534623808	0.2267109833
0.5676759431	0.9587617909
0.9818895055	0.6908125984
0.3961030679	0.4228634060
0.8103166303	0.1549142136
0.2245301926	0.8869650211
0.6387437550	0.6190158287
0.0529573174	0.3510666363
0.4671708798	0.0831174438
0.8813844421	0.8151682514
0.2955980045	0.5472190590
0.7098115669	0.2792698665
0.1240251293	0.0113206741
0.5382386916	0.7433714817
0.9524522540	0.4754222893
0.3666658164	0.2074730968
0.7808793787	0.9395239044
0.1950929411	0.6715747120
0.6093065035	0.4036255195
0.0235200659	0.1356763271
0.4377336282	0.8677271347
0.8519471906	0.5997779422
0.2661607530	0.3318287498
0.6803743154	0.0638795574
0.0945878777	0.7959303649
0.5088014401	0.5279811725
0.9230150025	0.2600319801
0.3372285648	0.9920827876
0.7514421272	0.7241335952
0.1656556896	0.4561844028
0.5798692520	0.1882352104
0.9940828143	0.9202860179
0.4082963767	0.6523368255
0.8225099391	0.3843876331
0.2367235015	0.1164384406
0.6509370638	0.8484892482
0.0651506262	0.5805400558
0.4793641886	0.3125908633
0.8935777510	0.0446416709
0.3077913133	0.7766924785
0.7220048757	0.5087432860
0.1362184381	0.2407940936
0.5504320004	0.9728449012
0.9646455628	0.7048957087
0.3788591252	0.4369465163
0.7930726876	0.1689973239
0.2072862499	0.9010481315
0.6214998123	0.6330989390
0.0357133747	0.3651497466
0.4499269371	0.0972005542
0.8641404994	0.8292513617
0.2783540618	0.5613021693
0.6925676242	0.2933529769
0.1067811865	0.0254037844
0.5209947489	0.7574545920
0.9352083113	0.4895053996
0.3494218737	0.2215562071
0.7636354360	0.9536070147
0.1778489984	0.6856578223
0.5920625608	0.4177086299
0.0062761232	0.1497594374
0.4204896855	0.8818102450
0.8347032479	0.6138610526
0.2489168103	0.3459118601
0.6631303727	0.0779626677
0.0773439350	0.8100134753
0.4915574974	0.5420642828
0.9057710598	0.2741150904
0.3199846221	0.0061658980
0.7341981845	0.7382167055
0.1484117469	0.4702675131
0.5626253093	0.2023183207
0.9768388716	0.9343691282
0.3910524340	0.6664199358
0.8052659964	0.3984707434
0.2194795588	0.1305215510
0.6336931211	0.8625723585
0.0479066835	0.5946231661
0.4621202459	0.3266739737
0.8763338082	0.0587247812
0.2905473706	0.7907755888
0.7047609330	0.5228263964
0.1189744954	0.2548772039
0.5331880577	0.9869280115
0.9474016201	0.7189788191
0.3616151825	0.4510296266
0.7758287449	0.1830804342
0.1900423072	0.9151312418
0.6042558696	0.6471820493
0.0184694320	0.3792328569
0.4326829944	0.1112836645
0.8468965567	0.8433344721
0.2611101191	0.5753852796
0.6753236815	0.3074360872
0.0895372438	0.0394868948
0.5037508062	0.7715377023
0.9179643686	0.5035885099
0.3321779310	0.2356393175
0.7463914933	0.9676901250
0.1606050557	0.6997409326
0.5748186181	0.4317917402
0.9890321805	0.1638425477
0.4032457428	0.8958933553
0.8174593052	0.6279441629
0.2316728676	0.3599949705
0.6458864299	0.0920457780
0.0600999923	0.8240965856
0.4743135547	0.5561473932
0.8885271171	0.2881982007
0.3027406794	0.0202490083
0.7169542418	0.7522998159
0.1311678042	0.4843506234
0.5453813666	0.2164014310
0.9595949289	0.9484522386
0.3738084913	0.6805030461
0.7880220537	0.4125538537
0.2022356161	0.1446046613
0.6164491784	0.8766554688
0.0306627408	0.6087062764
0.4448763032	0.3407570840
0.8590898655	0.0728078916
0.2733034279	0.8048586991
0.6875169903	0.5369095067
0.1017305527	0.2689603143
0.5159441150	0.0010111218
0.9301576774	0.7330619294
0.3443712398	0.4651127370
0.7585848022	0.1971635445
0.1727983645	0.9292143521
0.5870119269	0.6612651597
0.0012254893	0.3933159672
0.4154390516	0.1253667748
0.8296526140	0.8574175824
0.2438661764	0.5894683899
0.6580797388	0.3215191975
0.0722933011	0.0535700051
0.4865068635	0.7856208127
0.9007204259	0.5176716202
0.3149339883	0.2497224278
0.7291475506	0.9817732354
0.1433611130	0.7138240429
0.5575746754	0.4458748505
0.9717882378	0.1779256581
0.3860018001	0.9099764656
0.8002153625	0.6420272732
0.2144289249	0.3740780808
0.6286424872	0.1061288883
0.0428560496	0.8381796959
0.4570696120	0.5702305035
0.8712831744	0.3022813111
0.2854967367	0.0343321186
0.6997102991	0.7663829262
0.1139238615	0.4984337338
0.5281374239	0.2304845413
0.9423509862	0.9625353489
0.3565645486	0.6945861565
0.7707781110	0.4266369640
0.1849916733	0.1586877716
0.5992052357	0.8907385792
0.0134187981	0.6227893867
0.4276323605	0.3548401943
0.8418459228	0.0868910019
0.2560594852	0.8189418094
0.6702730476	0.5509926170
0.0844866100	0.2830434246
0.4987001723	0.0150942322
0.9129137347	0.7471450397
0.3271272971	0.4791958473
0.7413408595	0.2112466549
0.1555544218	0.9432974624
0.5697679842	0.6753482700
0.9839815466	0.4073990776
0.3981951089	0.1394498851
0.8124086713	0.8715006927
0.2266222337	0.6035515003
0.6408357961	0.3356023078
0.0550493584	0.0676531154
0.4692629208	0.7997039230
0.8834764832	0.5317547305
0.2976900456	0.2638055381
0.7119036079	0.9958563457
0.1261171703	0.7279071533
0.5403307327	0.4599579608
0.9545442950	0.1920087684
0.3687578574	0.9240595760
0.7829714198	0.6561103835
0.1971849822	0.3881611911
0.6113985445	0.1202119987
0.0256121069	0.8522628062
0.4398256693	0.5843136138
0.8540392317	0.3163644214
0.2682527940	0.0484152289
0.6824663564	0.7804660365
0.0966799188	0.5125168441
0.5108934812	0.2445676517
0.9251070435	0.9766184592
0.3393206059	0.7086692668
0.7535341683	0.4407200744
0.1677477306	0.1727708819
0.5819612930	0.9048216895
0.9961748554	0.6368724971
0.4103884178	0.3689233046
0.8246019801	0.1009741122
0.2388155425	0.8330249198
0.6530291049	0.5650757273
0.0672426673	0.2971265349
0.4814562296	0.0291773425
0.8956697920	0.7612281500
0.3098833544	0.4932789576
0.7240969168	0.2253297652
0.1383104791	0.9573805728
0.5525240415	0.6894313803
0.9667376039	0.4214821879
0.3809511662	0.1535329955
0.7951647286	0.8855838030
0.2093782910	0.6176346106
0.6235918534	0.3496854182
0.0378054157	0.0817362257
0.4520189781	0.8137870333
0.8662325405	0.5458378409
0.2804461029	0.2778886484
0.6946596652	0.0099394560
0.1088732276	0.7419902636
0.5230867900	0.4740410711
0.9373003523	0.2060918787
0.3515139147	0.9381426863
0.7657274771	0.6701934939
0.1799410395	0.4022443014
0.5941546018	0.1342951090
0.0083681642	0.8663459166
0.4225817266	0.5983967241
0.8367952890	0.3304475317
0.2510088513	0.0624983393
0.6652224137	0.7945491468
0.0794359761	0.5265999544
0.4936495385	0.2586507620
0.9078631008	0.9907015695
0.3220766632	0.7227523771
0.7362902256	0.4548031847
0.1505037879	0.1868539922
0.5647173503	0.9189047998
0.9789309127	0.6509556074
0.3931444751	0.3830064150
0.8073580374	0.1150572225
0.2215715998	0.8471080301
0.6357851622	0.5791588377
0.0499987246	0.3112096452
0.4642122869	0.0432604528
0.8784258493	0.7753112604
0.2926394117	0.5073620679
0.7068529740	0.2394128755
0.1210665364	0.9714636831
0.5352800988	0.7035144906
0.9494936612	0.4355652982
0.3637072235	0.1676161058
0.7779207859	0.8996669134
0.1921343483	0.6317177209
0.6063479107	0.3637685285
0.0205614730	0.0958193361
0.4347750354	0.8278701436
0.8489885978	0.5599209512
0.2632021602	0.2919717588
0.6774157225	0.0240225663
0.0916292849	0.7560733739
0.5058428473	0.4881241815
0.9200564096	0.2201749890
0.3342699720	0.9522257966
0.7484835344	0.6842766042
0.1626970968	0.4163274117
0.5769106591	0.1483782193
0.9911242215	0.8804290269
0.4053377839	0.6124798345
0.8195513463	0.3445306420
0.2337649086	0.0765814496
0.6479784710	0.8086322572
0.0621920334	0.5406830647
0.4764055957	0.2727338723
0.8906191581	0.0047846799
0.3048327205	0.7368354874
0.7190462829	0.4688862950
0.1332598452	0.2009371026
0.5474734076	0.9329879101
0.9616869700	0.6650387177
0.3759005324	0.3970895253
0.7901140947	0.1291403328
0.2043276571	0.8611911404
0.6185412195	0.5932419480
0.0327547819	0.3252927556
0.4469683442	0.0573435631
0.8611819066	0.7893943707
0.2753954690	0.5214451783
0.6896090313	0.2534959858
0.1038225937	0.9855467934
0.5180361561	0.7175976010
0.9322497185	0.4496484085
0.3464632808	0.1816992161
0.7606768432	0.9137500237
0.1748904056	0.6458008312
0.5891039680	0.3778516388
0.0033175303	0.1099024464
0.4175310927	0.8419532540
0.8317446551	0.5740040615
0.2459582174	0.3060548691
0.6601717798	0.0381056767
0.0743853422	0.7701564842
0.4885989046	0.5022072918
0.9028124669	0.2342580994
0.3170260293	0.9663089069
0.7312395917	0.6983597145
0.1454531541	0.4304105221
0.5596667164	0.1624613296
0.9738802788	0.8945121372
0.3880938412	0.6265629448
0.8023074036	0.3586137523
0.2165209659	0.0906645599
0.6307345283	0.8227153675
0.0449480907	0.5547661751
0.4591616530	0.2868169826
0.8733752154	0.0188677902
0.2875887778	0.7509185978
0.7018023402	0.4829694053
0.1160159025	0.2150202129
0.5302294649	0.9470710205
0.9444430273	0.6791218280
0.3586565897	0.4111726356
0.7728701520	0.1432234432
0.1870837144	0.8752742507
0.6012972768	0.6073250583
0.0155108391	0.3393758659
0.4297244015	0.0714266734
0.8439379639	0.8034774810
0.2581515263	0.5355282886
0.6723650886	0.2675790962
0.0865786510	0.9996299037
0.5007922134	0.7316807113
0.9150057758	0.4637315189
0.3292193381	0.1957823264
0.7434329005	0.9278331340
0.1576464629	0.6598839416
0.5718600253	0.3919347491
0.9860735876	0.1239855567
0.4002871500	0.8560363643
0.8145007124	0.5880871718
0.2287142747	0.3201379794
0.6429278371	0.0521887870
0.0571413995	0.7842395946
0.4713549619	0.5162904021
0.8855685242	0.2483412097
0.2997820866	0.9803920173
0.7139956490	0.7124428248
0.1282092114	0.4444936324
0.5424227737	0.1765444400
0.9566363361	0.9085952475
0.3708498985	0.6406460551
0.7850634608	0.3726968627
0.1992770232	0.1047476702
0.6134905856	0.8367984778
0.0277041480	0.5688492854
0.4419177103	0.3009000929
0.8561312727	0.0329509005
0.2703448351	0.7650017081
0.6845583975	0.4970525157
0.0987719598	0.2291033232
0.5129855222	0.9611541308
0.9271990846	0.6932049384
0.3414126470	0.4252557459
0.7556262093	0.1573065535
0.1698397717	0.8893573611
0.5840533341	0.6214081686
0.9982668964	0.3534589762
0.4124804588	0.0855097838
0.8266940212	0.8175605913
0.2409075836	0.5496113989
0.6551211459	0.2816622065
0.0693347083	0.0137130140
0.4835482707	0.7457638216
0.8977618331	0.4778146292
0.3119753954	0.2098654368
0.7261889578	0.9419162443
0.1404025202	0.6739670519
0.5546160825	0.4060178595
0.9688296449	0.1380686670
0.3830432073	0.8701194746
0.7972567697	0.6021702822
0.2114703320	0.3342210897
0.6256838944	0.0662718973
0.0398974568	0.7983227049
0.4541110192	0.5303735124
0.8683245815	0.2624243200
0.2825381439	0.9944751276
0.6967517063	0.7265259352
0.1109652687	0.4585767427
0.5251788310	0.1906275503
0.9393923934	0.9226783579
0.3536059558	0.6547291654
0.7678195181	0.3867799730
0.1820330805	0.1188307806
0.5962466429	0.8508815881
0.0104602053	0.5829323957
0.4246737676	0.3149832033
0.8388873300	0.0470340108
0.2531008924	0.7790848184
0.6673144548	0.5111356260
0.0815280171	0.2431864335
0.4957415795	0.9752372411
0.9099551419	0.7072880487
0.3241687043	0.4393388563
0.7383822666	0.1713896638
0.1525958290	0.9034404714
0.5668093914	0.6354912790
0.9810229537	0.3675420865
0.3952365161	0.0995928941
0.8094500785	0.8316437017
0.2236636409	0.5636945092
0.6378772032	0.2957453168
0.0520907656	0.0277961244
0.4663043280	0.7598469319
0.8805178904	0.4918977395
0.2947314527	0.2239485471
0.7089450151	0.9559993546
0.1231585775	0.6880501622
0.5373721398	0.4201009698
0.9515857022	0.1521517774
0.3657992646	0.8842025849
0.7800128270	0.6162533925
0.1942263893	0.3483042001
0.6084399517	0.0803550076
0.0226535141	0.8124058152
0.4368670765	0.5444566228
0.8510806388	0.2765074303
0.2652942012	0.0085582379
0.6795077636	0.7406090455
0.0937213260	0.4726598530
0.5079348883	0.2047106606
0.9221484507	0.9367614682
0.3363620131	0.6688122757
0.7505755754	0.4008630833
0.1647891378	0.1329138909
0.5790027002	0.8649646985
0.9932162626	0.5970155060
0.4074298249	0.3290663136
0.8216433873	0.0611171212
0.2358569497	0.7931679287
0.6500705121	0.5252187363
0.0642840744	0.2572695439
0.4784976368	0.9893203514
0.8927111992	0.7213711590
0.3069247615	0.4534219666
0.7211383239	0.1854727741
0.1353518863	0.9175235817
0.5495654487	0.6495743893
0.9637790110	0.3816251969
0.3779925734	0.1136760044
0.7922061358	0.8457268120
0.2064196982	0.5777776196
0.6206332605	0.3098284271
0.0348468229	0.0418792347
0.4490603853	0.7739300423
0.8632739477	0.5059808498
0.2774875100	0.2380316574
0.6917010724	0.9700824650
0.1059146348	0.7021332725
0.5201281971	0.4341840801
0.9343417595	0.1662348877
0.3485553219	0.8982856952
0.7627688843	0.6303365028
0.1769824466	0.3623873104
0.5911960090	0.0944381180
0.0054095714	0.8264889255
0.4196231338	0.5585397331
0.8338366961	0.2905905407
0.2480502585	0.0226413482
0.6622638209	0.7546921558
0.0764773832	0.4867429634
0.4906909456	0.2187937709
0.9049045080	0.9508445785
0.3191180704	0.6828953861
0.7333316327	0.4149461936
0.1475451951	0.1469970012
0.5617587575	0.8790478088
0.9759723199	0.6110986163
0.3901858822	0.3431494239
0.8043994446	0.0752002315
0.2186130070	0.8072510391
0.6328265694	0.5393018466
0.0470401317	0.2713526542
0.4612536941	0.0034034618
0.8754672565	0.7354542693
0.2896808188	0.4675050769
0.7038943812	0.1995558845
0.1181079436	0.9316066920
0.5323215060	0.6636574996
0.9465350683	0.3957083072
0.3607486307	0.1277591147
0.7749621931	0.8598099223
0.1891757555	0.5918607299
0.6033893178	0.3239115375
0.0176028802	0.0559623450
0.4318164426	0.7880131526
0.8460300049	0.5200639602
0.2602435673	0.2521147677
0.6744571297	0.9841655753
0.0886706921	0.7162163829
0.5028842544	0.4482671904
0.9170978168	0.1803179980
0.3313113792	0.9123688056
0.7455249416	0.6444196131
0.1597385039	0.3764704207
0.5739520663	0.1085212283
0.9881656287	0.8405720358
0.4023791911	0.5726228434
0.8165927534	0.3046736510
0.2308063158	0.0367244586
0.6450198782	0.7687752661
0.0592334405	0.5008260737
0.4734470029	0.2328768813
0.8876605653	0.9649276888
0.3018741277	0.6969784964
0.7160876900	0.4290293040
0.1303012524	0.1610801115
0.5445148148	0.8931309191
0.9587283772	0.6251817267
0.3729419395	0.3572325342
0.7871555019	0.0892833418
0.2013690643	0.8213341494
0.6155826266	0.5533849569
0.0297961890	0.2854357645
0.4440097514	0.0174865721
0.8582233138	0.7495373797
0.2724368761	0.4815881872
0.6866504385	0.2136389948
0.1008640009	0.9456898024
0.5150775633	0.6777406099
0.9292911256	0.4097914175
0.3435046880	0.1418422251
0.7577182504	0.8738930326
0.1719318128	0.6059438402
0.5861453751	0.3379946478
0.0003589375	0.0700454553
0.4145724999	0.8020962629
0.8287860622	0.5341470705
0.2429996246	0.2661978781
0.6572131870	0.9982486856
0.0714267494	0.7302994932
0.4856403117	0.4623503008
0.8998538741	0.1944011083
0.3140674365	0.9264519159
0.7282809989	0.6585027235
0.1424945612	0.3905535310
0.5567081236	0.1226043386
0.9709216860	0.8546551462
0.3851352483	0.5867059537
0.7993488107	0.3187567613
