-3 -0.999978
-2.99219 -0.999977
-2.98438 -0.999976
-2.97656 -0.999974
-2.96875 -0.999973
-2.96094 -0.999972
-2.95312 -0.99997
-2.94531 -0.999969
-2.9375 -0.999967
-2.92969 -0.999966
-2.92188 -0.999964
-2.91406 -0.999962
-2.90625 -0.99996
-2.89844 -0.999958
-2.89062 -0.999956
-2.88281 -0.999954
-2.875 -0.999952
-2.86719 -0.99995
-2.85938 -0.999947
-2.85156 -0.999945
-2.84375 -0.999942
-2.83594 -0.999939
-2.82812 -0.999937
-2.82031 -0.999933
-2.8125 -0.99993
-2.80469 -0.999927
-2.79688 -0.999924
-2.78906 -0.99992
-2.78125 -0.999916
-2.77344 -0.999912
-2.76562 -0.999908
-2.75781 -0.999904
-2.75 -0.999899
-2.74219 -0.999895
-2.73438 -0.99989
-2.72656 -0.999885
-2.71875 -0.999879
-2.71094 -0.999874
-2.70312 -0.999868
-2.69531 -0.999862
-2.6875 -0.999856
-2.67969 -0.999849
-2.67188 -0.999842
-2.66406 -0.999835
-2.65625 -0.999828
-2.64844 -0.99982
-2.64062 -0.999812
-2.63281 -0.999803
-2.625 -0.999795
-2.61719 -0.999785
-2.60938 -0.999776
-2.60156 -0.999766
-2.59375 -0.999756
-2.58594 -0.999745
-2.57812 -0.999734
-2.57031 -0.999722
-2.5625 -0.99971
-2.55469 -0.999697
-2.54688 -0.999684
-2.53906 -0.99967
-2.53125 -0.999656
-2.52344 -0.999641
-2.51562 -0.999626
-2.50781 -0.99961
-2.5 -0.999593
-2.49219 -0.999576
-2.48438 -0.999558
-2.47656 -0.999539
-2.46875 -0.999519
-2.46094 -0.999499
-2.45312 -0.999478
-2.44531 -0.999456
-2.4375 -0.999433
-2.42969 -0.99941
-2.42188 -0.999385
-2.41406 -0.99936
-2.40625 -0.999333
-2.39844 -0.999306
-2.39062 -0.999277
-2.38281 -0.999248
-2.375 -0.999217
-2.36719 -0.999185
-2.35938 -0.999152
-2.35156 -0.999118
-2.34375 -0.999082
-2.33594 -0.999045
-2.32812 -0.999007
-2.32031 -0.998967
-2.3125 -0.998926
-2.30469 -0.998883
-2.29688 -0.998839
-2.28906 -0.998793
-2.28125 -0.998745
-2.27344 -0.998696
-2.26562 -0.998645
-2.25781 -0.998592
-2.25 -0.998537
-2.24219 -0.99848
-2.23438 -0.998422
-2.22656 -0.998361
-2.21875 -0.998298
-2.21094 -0.998232
-2.20312 -0.998165
-2.19531 -0.998095
-2.1875 -0.998022
-2.17969 -0.997947
-2.17188 -0.99787
-2.16406 -0.99779
-2.15625 -0.997707
-2.14844 -0.997621
-2.14062 -0.997532
-2.13281 -0.997441
-2.125 -0.997346
-2.11719 -0.997248
-2.10938 -0.997146
-2.10156 -0.997042
-2.09375 -0.996934
-2.08594 -0.996822
-2.07812 -0.996706
-2.07031 -0.996587
-2.0625 -0.996464
-2.05469 -0.996336
-2.04688 -0.996205
-2.03906 -0.996069
-2.03125 -0.995929
-2.02344 -0.995784
-2.01562 -0.995635
-2.00781 -0.995481
-2 -0.995322
-1.99219 -0.995158
-1.98438 -0.994989
-1.97656 -0.994814
-1.96875 -0.994634
-1.96094 -0.994449
-1.95312 -0.994257
-1.94531 -0.99406
-1.9375 -0.993857
-1.92969 -0.993647
-1.92188 -0.993431
-1.91406 -0.993208
-1.90625 -0.992979
-1.89844 -0.992742
-1.89062 -0.992499
-1.88281 -0.992248
-1.875 -0.99199
-1.86719 -0.991724
-1.85938 -0.99145
-1.85156 -0.991168
-1.84375 -0.990878
-1.83594 -0.99058
-1.82812 -0.990272
-1.82031 -0.989956
-1.8125 -0.989631
-1.80469 -0.989296
-1.79688 -0.988952
-1.78906 -0.988597
-1.78125 -0.988233
-1.77344 -0.987859
-1.76562 -0.987474
-1.75781 -0.987078
-1.75 -0.986672
-1.74219 -0.986254
-1.73438 -0.985824
-1.72656 -0.985383
-1.71875 -0.984929
-1.71094 -0.984464
-1.70312 -0.983985
-1.69531 -0.983494
-1.6875 -0.98299
-1.67969 -0.982472
-1.67188 -0.98194
-1.66406 -0.981394
-1.65625 -0.980834
-1.64844 -0.980259
-1.64062 -0.97967
-1.63281 -0.979065
-1.625 -0.978444
-1.61719 -0.977807
-1.60938 -0.977154
-1.60156 -0.976484
-1.59375 -0.975798
-1.58594 -0.975094
-1.57812 -0.974372
-1.57031 -0.973633
-1.5625 -0.972875
-1.55469 -0.972098
-1.54688 -0.971302
-1.53906 -0.970487
-1.53125 -0.969652
-1.52344 -0.968796
-1.51562 -0.967921
-1.50781 -0.967024
-1.5 -0.966105
-1.49219 -0.965165
-1.48438 -0.964203
-1.47656 -0.963218
-1.46875 -0.96221
-1.46094 -0.961179
-1.45312 -0.960124
-1.44531 -0.959045
-1.4375 -0.957941
-1.42969 -0.956812
-1.42188 -0.955657
-1.41406 -0.954477
-1.40625 -0.95327
-1.39844 -0.952036
-1.39062 -0.950775
-1.38281 -0.949487
-1.375 -0.94817
-1.36719 -0.946825
-1.35938 -0.945451
-1.35156 -0.944047
-1.34375 -0.942613
-1.33594 -0.941149
-1.32812 -0.939653
-1.32031 -0.938127
-1.3125 -0.936569
-1.30469 -0.934978
-1.29688 -0.933355
-1.28906 -0.931698
-1.28125 -0.930008
-1.27344 -0.928283
-1.26562 -0.926524
-1.25781 -0.92473
-1.25 -0.9229
-1.24219 -0.921034
-1.23438 -0.919132
-1.22656 -0.917192
-1.21875 -0.915215
-1.21094 -0.9132
-1.20312 -0.911146
-1.19531 -0.909054
-1.1875 -0.906922
-1.17969 -0.90475
-1.17188 -0.902537
-1.16406 -0.900284
-1.15625 -0.89799
-1.14844 -0.895653
-1.14062 -0.893274
-1.13281 -0.890853
-1.125 -0.888388
-1.11719 -0.88588
-1.10938 -0.883327
-1.10156 -0.88073
-1.09375 -0.878088
-1.08594 -0.8754
-1.07812 -0.872666
-1.07031 -0.869885
-1.0625 -0.867058
-1.05469 -0.864184
-1.04688 -0.861261
-1.03906 -0.858291
-1.03125 -0.855272
-1.02344 -0.852204
-1.01562 -0.849086
-1.00781 -0.845918
-1 -0.842701
-0.992188 -0.839432
-0.984375 -0.836113
-0.976562 -0.832742
-0.96875 -0.829319
-0.960938 -0.825844
-0.953125 -0.822316
-0.945312 -0.818736
-0.9375 -0.815102
-0.929688 -0.811415
-0.921875 -0.807674
-0.914062 -0.803878
-0.90625 -0.800028
-0.898438 -0.796123
-0.890625 -0.792162
-0.882812 -0.788147
-0.875 -0.784075
-0.867188 -0.779947
-0.859375 -0.775763
-0.851562 -0.771523
-0.84375 -0.767226
-0.835938 -0.762871
-0.828125 -0.75846
-0.820312 -0.753991
-0.8125 -0.749464
-0.804688 -0.744879
-0.796875 -0.740237
-0.789062 -0.735536
-0.78125 -0.730777
-0.773438 -0.72596
-0.765625 -0.721084
-0.757812 -0.716149
-0.75 -0.711156
-0.742188 -0.706103
-0.734375 -0.700992
-0.726562 -0.695822
-0.71875 -0.690592
-0.710938 -0.685304
-0.703125 -0.679957
-0.695312 -0.67455
-0.6875 -0.669085
-0.679688 -0.66356
-0.671875 -0.657977
-0.664062 -0.652334
-0.65625 -0.646633
-0.648438 -0.640873
-0.640625 -0.635054
-0.632812 -0.629177
-0.625 -0.623241
-0.617188 -0.617247
-0.609375 -0.611195
-0.601562 -0.605085
-0.59375 -0.598917
-0.585938 -0.592692
-0.578125 -0.58641
-0.570312 -0.580071
-0.5625 -0.573675
-0.554688 -0.567222
-0.546875 -0.560713
-0.539062 -0.554149
-0.53125 -0.547529
-0.523438 -0.540853
-0.515625 -0.534123
-0.507812 -0.527339
-0.5 -0.5205
-0.492188 -0.513608
-0.484375 -0.506662
-0.476562 -0.499664
-0.46875 -0.492614
-0.460938 -0.485511
-0.453125 -0.478358
-0.445312 -0.471153
-0.4375 -0.463898
-0.429688 -0.456594
-0.421875 -0.44924
-0.414062 -0.441837
-0.40625 -0.434387
-0.398438 -0.426889
-0.390625 -0.419344
-0.382812 -0.411753
-0.375 -0.404117
-0.367188 -0.396436
-0.359375 -0.38871
-0.351562 -0.380941
-0.34375 -0.373129
-0.335938 -0.365275
-0.328125 -0.35738
-0.320312 -0.349444
-0.3125 -0.341469
-0.304688 -0.333454
-0.296875 -0.325401
-0.289062 -0.317311
-0.28125 -0.309184
-0.273438 -0.301021
-0.265625 -0.292823
-0.257812 -0.284591
-0.25 -0.276326
-0.242188 -0.268029
-0.234375 -0.2597
-0.226562 -0.251341
-0.21875 -0.242952
-0.210938 -0.234534
-0.203125 -0.226088
-0.195312 -0.217616
-0.1875 -0.209118
-0.179688 -0.200594
-0.171875 -0.192047
-0.164062 -0.183477
-0.15625 -0.174885
-0.148438 -0.166272
-0.140625 -0.157638
-0.132812 -0.148986
-0.125 -0.140316
-0.117188 -0.131629
-0.109375 -0.122926
-0.101562 -0.114208
-0.09375 -0.105477
-0.0859375 -0.096732
-0.078125 -0.0879757
-0.0703125 -0.0792087
-0.0625 -0.0704321
-0.0546875 -0.0616469
-0.046875 -0.0528542
-0.0390625 -0.044055
-0.03125 -0.0352505
-0.0234375 -0.0264417
-0.015625 -0.0176296
-0.0078125 -0.00881533
0 1e-09
0.0078125 0.00881533
0.015625 0.0176296
0.0234375 0.0264417
0.03125 0.0352505
0.0390625 0.044055
0.046875 0.0528542
0.0546875 0.0616469
0.0625 0.0704321
0.0703125 0.0792087
0.078125 0.0879757
0.0859375 0.096732
0.09375 0.105477
0.101562 0.114208
0.109375 0.122926
0.117188 0.131629
0.125 0.140316
0.132812 0.148986
0.140625 0.157638
0.148438 0.166272
0.15625 0.174885
0.164062 0.183477
0.171875 0.192047
0.179688 0.200594
0.1875 0.209118
0.195312 0.217616
0.203125 0.226088
0.210938 0.234534
0.21875 0.242952
0.226562 0.251341
0.234375 0.2597
0.242188 0.268029
0.25 0.276326
0.257812 0.284591
0.265625 0.292823
0.273438 0.301021
0.28125 0.309184
0.289062 0.317311
0.296875 0.325401
0.304688 0.333454
0.3125 0.341469
0.320312 0.349444
0.328125 0.35738
0.335938 0.365275
0.34375 0.373129
0.351562 0.380941
0.359375 0.38871
0.367188 0.396436
0.375 0.404117
0.382812 0.411753
0.390625 0.419344
0.398438 0.426889
0.40625 0.434387
0.414062 0.441837
0.421875 0.44924
0.429688 0.456594
0.4375 0.463898
0.445312 0.471153
0.453125 0.478358
0.460938 0.485511
0.46875 0.492614
0.476562 0.499664
0.484375 0.506662
0.492188 0.513608
0.5 0.5205
0.507812 0.527339
0.515625 0.534123
0.523438 0.540853
0.53125 0.547529
0.539062 0.554149
0.546875 0.560713
0.554688 0.567222
0.5625 0.573675
0.570312 0.580071
0.578125 0.58641
0.585938 0.592692
0.59375 0.598917
0.601562 0.605085
0.609375 0.611195
0.617188 0.617247
0.625 0.623241
0.632812 0.629177
0.640625 0.635054
0.648438 0.640873
0.65625 0.646633
0.664062 0.652334
0.671875 0.657977
0.679688 0.66356
0.6875 0.669085
0.695312 0.67455
0.703125 0.679957
0.710938 0.685304
0.71875 0.690592
0.726562 0.695822
0.734375 0.700992
0.742188 0.706103
0.75 0.711156
0.757812 0.716149
0.765625 0.721084
0.773438 0.72596
0.78125 0.730777
0.789062 0.735536
0.796875 0.740237
0.804688 0.744879
0.8125 0.749464
0.820312 0.753991
0.828125 0.75846
0.835938 0.762871
0.84375 0.767226
0.851562 0.771523
0.859375 0.775763
0.867188 0.779947
0.875 0.784075
0.882812 0.788147
0.890625 0.792162
0.898438 0.796123
0.90625 0.800028
0.914062 0.803878
0.921875 0.807674
0.929688 0.811415
0.9375 0.815102
0.945312 0.818736
0.953125 0.822316
0.960938 0.825844
0.96875 0.829319
0.976562 0.832742
0.984375 0.836113
0.992188 0.839432
1 0.842701
1.00781 0.845918
1.01562 0.849086
1.02344 0.852204
1.03125 0.855272
1.03906 0.858291
1.04688 0.861261
1.05469 0.864184
1.0625 0.867058
1.07031 0.869885
1.07812 0.872666
1.08594 0.8754
1.09375 0.878088
1.10156 0.88073
1.10938 0.883327
1.11719 0.88588
1.125 0.888388
1.13281 0.890853
1.14062 0.893274
1.14844 0.895653
1.15625 0.89799
1.16406 0.900284
1.17188 0.902537
1.17969 0.90475
1.1875 0.906922
1.19531 0.909054
1.20312 0.911146
1.21094 0.9132
1.21875 0.915215
1.22656 0.917192
1.23438 0.919132
1.24219 0.921034
1.25 0.9229
1.25781 0.92473
1.26562 0.926524
1.27344 0.928283
1.28125 0.930008
1.28906 0.931698
1.29688 0.933355
1.30469 0.934978
1.3125 0.936569
1.32031 0.938127
1.32812 0.939653
1.33594 0.941149
1.34375 0.942613
1.35156 0.944047
1.35938 0.945451
1.36719 0.946825
1.375 0.94817
1.38281 0.949487
1.39062 0.950775
1.39844 0.952036
1.40625 0.95327
1.41406 0.954477
1.42188 0.955657
1.42969 0.956812
1.4375 0.957941
1.44531 0.959045
1.45312 0.960124
1.46094 0.961179
1.46875 0.96221
1.47656 0.963218
1.48438 0.964203
1.49219 0.965165
1.5 0.966105
1.50781 0.967024
1.51562 0.967921
1.52344 0.968796
1.53125 0.969652
1.53906 0.970487
1.54688 0.971302
1.55469 0.972098
1.5625 0.972875
1.57031 0.973633
1.57812 0.974372
1.58594 0.975094
1.59375 0.975798
1.60156 0.976484
1.60938 0.977154
1.61719 0.977807
1.625 0.978444
1.63281 0.979065
1.64062 0.97967
1.64844 0.980259
1.65625 0.980834
1.66406 0.981394
1.67188 0.98194
1.67969 0.982472
1.6875 0.98299
1.69531 0.983494
1.70312 0.983985
1.71094 0.984464
1.71875 0.984929
1.72656 0.985383
1.73438 0.985824
1.74219 0.986254
1.75 0.986672
1.75781 0.987078
1.76562 0.987474
1.77344 0.987859
1.78125 0.988233
1.78906 0.988597
1.79688 0.988952
1.80469 0.989296
1.8125 0.989631
1.82031 0.989956
1.82812 0.990272
1.83594 0.99058
1.84375 0.990878
1.85156 0.991168
1.85938 0.99145
1.86719 0.991724
1.875 0.99199
1.88281 0.992248
1.89062 0.992499
1.89844 0.992742
1.90625 0.992979
1.91406 0.993208
1.92188 0.993431
1.92969 0.993647
1.9375 0.993857
1.94531 0.99406
1.95312 0.994257
1.96094 0.994449
1.96875 0.994634
1.97656 0.994814
1.98438 0.994989
1.99219 0.995158
2 0.995322
2.00781 0.995481
2.01562 0.995635
2.02344 0.995784
2.03125 0.995929
2.03906 0.996069
2.04688 0.996205
2.05469 0.996336
2.0625 0.996464
2.07031 0.996587
2.07812 0.996706
2.08594 0.996822
2.09375 0.996934
2.10156 0.997042
2.10938 0.997146
2.11719 0.997248
2.125 0.997346
2.13281 0.997441
2.14062 0.997532
2.14844 0.997621
2.15625 0.997707
2.16406 0.99779
2.17188 0.99787
2.17969 0.997947
2.1875 0.998022
2.19531 0.998095
2.20312 0.998165
2.21094 0.998232
2.21875 0.998298
2.22656 0.998361
2.23438 0.998422
2.24219 0.99848
2.25 0.998537
2.25781 0.998592
2.26562 0.998645
2.27344 0.998696
2.28125 0.998745
2.28906 0.998793
2.29688 0.998839
2.30469 0.998883
2.3125 0.998926
2.32031 0.998967
2.32812 0.999007
2.33594 0.999045
2.34375 0.999082
2.35156 0.999118
2.35938 0.999152
2.36719 0.999185
2.375 0.999217
2.38281 0.999248
2.39062 0.999277
2.39844 0.999306
2.40625 0.999333
2.41406 0.99936
2.42188 0.999385
2.42969 0.99941
2.4375 0.999433
2.44531 0.999456
2.45312 0.999478
2.46094 0.999499
2.46875 0.999519
2.47656 0.999539
2.48438 0.999558
2.49219 0.999576
2.5 0.999593
2.50781 0.99961
2.51562 0.999626
2.52344 0.999641
2.53125 0.999656
2.53906 0.99967
2.54688 0.999684
2.55469 0.999697
2.5625 0.99971
2.57031 0.999722
2.57812 0.999734
2.58594 0.999745
2.59375 0.999756
2.60156 0.999766
2.60938 0.999776
2.61719 0.999785
2.625 0.999795
2.63281 0.999803
2.64062 0.999812
2.64844 0.99982
2.65625 0.999828
2.66406 0.999835
2.67188 0.999842
2.67969 0.999849
2.6875 0.999856
2.69531 0.999862
2.70312 0.999868
2.71094 0.999874
2.71875 0.999879
2.72656 0.999885
2.73438 0.99989
2.74219 0.999895
2.75 0.999899
2.75781 0.999904
2.76562 0.999908
2.77344 0.999912
2.78125 0.999916
2.78906 0.99992
2.79688 0.999924
2.80469 0.999927
2.8125 0.99993
2.82031 0.999933
2.82812 0.999937
2.83594 0.999939
2.84375 0.999942
2.85156 0.999945
2.85938 0.999947
2.86719 0.99995
2.875 0.999952
2.88281 0.999954
2.89062 0.999956
2.89844 0.999958
2.90625 0.99996
2.91406 0.999962
2.92188 0.999964
2.92969 0.999966
2.9375 0.999967
2.94531 0.999969
2.95312 0.99997
2.96094 0.999972
2.96875 0.999973
2.97656 0.999974
2.98438 0.999976
2.99219 0.999977
3 0.999978


-4.99609 -2.14765
-4.98828 -0.725627
-4.98047 -0.441385
-4.97266 -0.319688
-4.96484 -0.252174
-4.95703 -0.209291
-4.94922 -0.179674
-4.94141 -0.158017
-4.93359 -0.141512
-4.92578 -0.128535
-4.91797 -0.118079
-4.91016 -0.109487
-4.90234 -0.102314
-4.89453 -0.0962449
-4.88672 -0.0910532
-4.87891 -0.08657
-4.87109 -0.0826677
-4.86328 -0.0792479
-4.85547 -0.0762335
-4.84766 -0.0735632
-4.83984 -0.0711877
-4.83203 -0.0690671
-4.82422 -0.0671685
-4.81641 -0.0654646
-4.80859 -0.0639326
-4.80078 -0.0625535
-4.79297 -0.0613111
-4.78516 -0.0601915
-4.77734 -0.0591829
-4.76953 -0.0582753
-4.76172 -0.0574598
-4.75391 -0.0567288
-4.74609 -0.0560757
-4.73828 -0.0554947
-4.73047 -0.0549808
-4.72266 -0.0545295
-4.71484 -0.054137
-4.70703 -0.0537999
-4.69922 -0.0535151
-4.69141 -0.05328
-4.68359 -0.0530924
-4.67578 -0.0529502
-4.66797 -0.0528517
-4.66016 -0.0527954
-4.65234 -0.0527799
-4.64453 -0.0528042
-4.63672 -0.0528672
-4.62891 -0.0529683
-4.62109 -0.0531069
-4.61328 -0.0532824
-4.60547 -0.0534945
-4.59766 -0.053743
-4.58984 -0.0540278
-4.58203 -0.0543489
-4.57422 -0.0547066
-4.56641 -0.055101
-4.55859 -0.0555325
-4.55078 -0.0560017
-4.54297 -0.056509
-4.53516 -0.0570552
-4.52734 -0.0576412
-4.51953 -0.0582678
-4.51172 -0.0589362
-4.50391 -0.0596475
-4.49609 -0.060403
-4.48828 -0.0612042
-4.48047 -0.0620527
-4.47266 -0.0629502
-4.46484 -0.0638987
-4.45703 -0.0649003
-4.44922 -0.0659572
-4.44141 -0.067072
-4.43359 -0.0682473
-4.42578 -0.069486
-4.41797 -0.0707914
-4.41016 -0.0721669
-4.40234 -0.0736163
-4.39453 -0.0751437
-4.38672 -0.0767535
-4.37891 -0.0784506
-4.37109 -0.0802403
-4.36328 -0.0821283
-4.35547 -0.084121
-4.34766 -0.0862253
-4.33984 -0.0884487
-4.33203 -0.0907996
-4.32422 -0.093287
-4.31641 -0.0959211
-4.30859 -0.0987129
-4.30078 -0.101675
-4.29297 -0.10482
-4.28516 -0.108165
-4.27734 -0.111725
-4.26953 -0.115519
-4.26172 -0.119569
-4.25391 -0.123899
-4.24609 -0.128535
-4.23828 -0.133507
-4.23047 -0.138851
-4.22266 -0.144605
-4.21484 -0.150815
-4.20703 -0.157532
-4.19922 -0.164817
-4.19141 -0.17274
-4.18359 -0.181383
-4.17578 -0.190842
-4.16797 -0.201233
-4.16016 -0.212691
-4.15234 -0.225383
-4.14453 -0.23951
-4.13672 -0.255317
-4.12891 -0.273113
-4.12109 -0.293284
-4.11328 -0.316321
-4.10547 -0.342865
-4.09766 -0.373759
-4.08984 -0.410139
-4.08203 -0.453575
-4.07422 -0.5063
-4.06641 -0.571594
-4.05859 -0.654489
-4.05078 -0.763115
-4.04297 -0.91151
-4.03516 -1.1262
-4.02734 -1.46401
-4.01953 -2.07271
-4.01172 -3.49409
-4.00391 -10.6043
-3.99609 10.7299
-3.98828 3.61963
-3.98047 2.19831
-3.97266 1.5897
-3.96484 1.252
-3.95703 1.03746
-3.94922 0.889243
-3.94141 0.780824
-3.93359 0.698165
-3.92578 0.633137
-3.91797 0.580709
-3.91016 0.5376
-3.90234 0.501578
-3.89453 0.471074
-3.88672 0.444951
-3.87891 0.422367
-3.87109 0.402682
-3.86328 0.385405
-3.85547 0.370149
-3.84766 0.356609
-3.83984 0.344538
-3.83203 0.333735
-3.82422 0.324036
-3.81641 0.315304
-3.80859 0.307426
-3.80078 0.300306
-3.79297 0.293862
-3.78516 0.288026
-3.77734 0.282737
-3.76953 0.277946
-3.76172 0.273607
-3.75391 0.269683
-3.74609 0.26614
-3.73828 0.262949
-3.73047 0.260085
-3.72266 0.257524
-3.71484 0.255248
-3.70703 0.253238
-3.69922 0.251479
-3.69141 0.249958
-3.68359 0.248663
-3.67578 0.247584
-3.66797 0.24671
-3.66016 0.246035
-3.65234 0.24555
-3.64453 0.245251
-3.63672 0.24513
-3.62891 0.245185
-3.62109 0.245412
-3.61328 0.245806
-3.60547 0.246367
-3.59766 0.247092
-3.58984 0.247979
-3.58203 0.249029
-3.57422 0.25024
-3.56641 0.251614
-3.55859 0.25315
-3.55078 0.254851
-3.54297 0.256719
-3.53516 0.258754
-3.52734 0.260962
-3.51953 0.263343
-3.51172 0.265904
-3.50391 0.268647
-3.49609 0.271577
-3.48828 0.274702
-3.48047 0.278025
-3.47266 0.281555
-3.46484 0.285298
-3.45703 0.289263
-3.44922 0.293458
-3.44141 0.297894
-3.43359 0.302581
-3.42578 0.30753
-3.41797 0.312754
-3.41016 0.318268
-3.40234 0.324084
-3.39453 0.330221
-3.38672 0.336696
-3.37891 0.343528
-3.37109 0.350738
-3.36328 0.358349
-3.35547 0.366387
-3.34766 0.374878
-3.33984 0.383854
-3.33203 0.393347
-3.32422 0.403393
-3.31641 0.414034
-3.30859 0.425314
-3.30078 0.437281
-3.29297 0.44999
-3.28516 0.463502
-3.27734 0.477884
-3.26953 0.493212
-3.26172 0.50957
-3.25391 0.527054
-3.24609 0.54577
-3.23828 0.565841
-3.23047 0.587404
-3.22266 0.610616
-3.21484 0.63566
-3.20703 0.662742
-3.19922 0.692103
-3.19141 0.724024
-3.18359 0.758832
-3.17578 0.796915
-3.16797 0.838731
-3.16016 0.884829
-3.15234 0.935869
-3.14453 0.992655
-3.13672 1.05618
-3.12891 1.12766
-3.12109 1.20865
-3.11328 1.30112
-3.10547 1.40762
-3.09766 1.53153
-3.08984 1.6774
-3.08203 1.85151
-3.07422 2.06278
-3.06641 2.32433
-3.05859 2.65631
-3.05078 3.09121
-3.04297 3.68521
-3.03516 4.54438
-3.02734 5.89607
-3.01953 8.3313
-3.01172 14.0173
-3.00391 42.4588
-2.99609 -42.8775
-2.98828 -14.4361
-2.98047 -8.75029
-2.97266 -6.31532
-2.96484 -4.964
-2.95703 -4.10527
-2.94922 -3.51182
-2.94141 -3.07755
-2.93359 -2.7463
-2.92578 -2.48556
-2.91797 -2.2752
-2.91016 -2.1021
-2.90234 -1.95733
-2.89453 -1.83461
-2.88672 -1.7294
-2.87891 -1.63832
-2.87109 -1.55882
-2.86328 -1.48893
-2.85547 -1.4271
-2.84766 -1.37211
-2.83984 -1.32297
-2.83203 -1.27888
-2.82422 -1.23918
-2.81641 -1.20333
-2.80859 -1.17086
-2.80078 -1.1414
-2.79297 -1.11461
-2.78516 -1.09022
-2.77734 -1.068
-2.76953 -1.04773
-2.76172 -1.02923
-2.75391 -1.01237
-2.74609 -0.996987
-2.73828 -0.982979
-2.73047 -0.970238
-2.72266 -0.958674
-2.71484 -0.948205
-2.70703 -0.93876
-2.69922 -0.930276
-2.69141 -0.922697
-2.68359 -0.915975
-2.67578 -0.910064
-2.66797 -0.904925
-2.66016 -0.900526
-2.65234 -0.896834
-2.64453 -0.893823
-2.63672 -0.89147
-2.62891 -0.889755
-2.62109 -0.888659
-2.61328 -0.888168
-2.60547 -0.888269
-2.59766 -0.888951
-2.58984 -0.890206
-2.58203 -0.892028
-2.57422 -0.894412
-2.56641 -0.897356
-2.55859 -0.900859
-2.55078 -0.904921
-2.54297 -0.909546
-2.53516 -0.914737
-2.52734 -0.920501
-2.51953 -0.926845
-2.51172 -0.933778
-2.50391 -0.941312
-2.49609 -0.94946
-2.48828 -0.958236
-2.48047 -0.967657
-2.47266 -0.977742
-2.46484 -0.988512
-2.45703 -0.99999
-2.44922 -1.0122
-2.44141 -1.02517
-2.43359 -1.03894
-2.42578 -1.05353
-2.41797 -1.06898
-2.41016 -1.08534
-2.40234 -1.10265
-2.39453 -1.12095
-2.38672 -1.1403
-2.37891 -1.16075
-2.37109 -1.18237
-2.36328 -1.20523
-2.35547 -1.2294
-2.34766 -1.25496
-2.33984 -1.28201
-2.33203 -1.31064
-2.32422 -1.34097
-2.31641 -1.37311
-2.30859 -1.40719
-2.30078 -1.44337
-2.29297 -1.4818
-2.28516 -1.52268
-2.27734 -1.56619
-2.26953 -1.61257
-2.26172 -1.66207
-2.25391 -1.71498
-2.24609 -1.77162
-2.23828 -1.83235
-2.23047 -1.89759
-2.22266 -1.96781
-2.21484 -2.04355
-2.20703 -2.12543
-2.19922 -2.21419
-2.19141 -2.31065
-2.18359 -2.41581
-2.17578 -2.53083
-2.16797 -2.65707
-2.16016 -2.7962
-2.15234 -2.95018
-2.14453 -3.12143
-2.13672 -3.31293
-2.12891 -3.52834
-2.12109 -3.77231
-2.11328 -4.05075
-2.10547 -4.37133
-2.09766 -4.74417
-2.08984 -5.18291
-2.08203 -5.70641
-2.07422 -6.34142
-2.06641 -7.12735
-2.05859 -8.12456
-2.05078 -9.43061
-2.04297 -11.214
-2.03516 -13.7929
-2.02734 -17.8494
-2.01953 -25.1566
-2.01172 -42.2162
-2.00391 -127.542
-1.99609 128.465
-1.98828 43.1391
-1.98047 26.08
-1.97266 18.7733
-1.96484 14.7175
-1.95703 12.1394
-1.94922 10.3571
-1.94141 9.05231
-1.93359 8.05652
-1.92578 7.2722
-1.91797 6.63896
-1.91016 6.11743
-1.90234 5.68084
-1.89453 5.31034
-1.88672 4.99229
-1.87891 4.71657
-1.87109 4.47552
-1.86328 4.26322
-1.85547 4.07504
-1.84766 3.90729
-1.83984 3.75703
-1.83203 3.62183
-1.82422 3.49972
-1.81641 3.38906
-1.80859 3.28847
-1.80078 3.1968
-1.79297 3.11307
-1.78516 3.03644
-1.77734 2.96619
-1.76953 2.90171
-1.76172 2.84245
-1.75391 2.78796
-1.74609 2.73782
-1.73828 2.69167
-1.73047 2.64921
-1.72266 2.61014
-1.71484 2.57423
-1.70703 2.54125
-1.69922 2.51102
-1.69141 2.48335
-1.68359 2.4581
-1.67578 2.43513
-1.66797 2.41431
-1.66016 2.39554
-1.65234 2.37871
-1.64453 2.36374
-1.63672 2.35056
-1.62891 2.33908
-1.62109 2.32926
-1.61328 2.32103
-1.60547 2.31436
-1.59766 2.30919
-1.58984 2.30549
-1.58203 2.30324
-1.57422 2.30241
-1.56641 2.30298
-1.55859 2.30493
-1.55078 2.30826
-1.54297 2.31295
-1.53516 2.319
-1.52734 2.32642
-1.51953 2.33521
-1.51172 2.34539
-1.50391 2.35696
-1.49609 2.36994
-1.48828 2.38436
-1.48047 2.40024
-1.47266 2.41762
-1.46484 2.43653
-1.45703 2.45701
-1.44922 2.4791
-1.44141 2.50287
-1.43359 2.52836
-1.42578 2.55563
-1.41797 2.58477
-1.41016 2.61584
-1.40234 2.64894
-1.39453 2.68414
-1.38672 2.72156
-1.37891 2.76131
-1.37109 2.80351
-1.36328 2.84829
-1.35547 2.89581
-1.34766 2.94622
-1.33984 2.99971
-1.33203 3.05646
-1.32422 3.1167
-1.31641 3.18067
-1.30859 3.24863
-1.30078 3.32087
-1.29297 3.39773
-1.28516 3.47955
-1.27734 3.56675
-1.26953 3.65978
-1.26172 3.75915
-1.25391 3.86541
-1.24609 3.97923
-1.23828 4.10132
-1.23047 4.23251
-1.22266 4.37376
-1.21484 4.52614
-1.20703 4.6909
-1.19922 4.86948
-1.19141 5.06358
-1.18359 5.27516
-1.17578 5.50653
-1.16797 5.76046
-1.16016 6.04022
-1.15234 6.3498
-1.14453 6.69401
-1.13672 7.07879
-1.12891 7.5115
-1.12109 8.00142
-1.11328 8.56037
-1.10547 9.20369
-1.09766 9.95163
-1.08984 10.8315
-1.08203 11.8809
-1.07422 13.1535
-1.06641 14.728
-1.05859 16.7252
-1.05078 19.3401
-1.04297 22.9098
-1.03516 28.0707
-1.02734 36.1869
-1.01953 50.8046
-1.01172 84.927
-1.00391 255.583
-0.996094 -256.428
-0.988281 -85.7727
-0.980469 -51.6506
-0.972656 -37.0332
-0.964844 -28.9176
-0.957031 -23.7572
-0.949219 -20.1883
-0.941406 -17.5742
-0.933594 -15.578
-0.925781 -14.0047
-0.917969 -12.7333
-0.910156 -11.6853
-0.902344 -10.8069
-0.894531 -10.0606
-0.886719 -9.41905
-0.878906 -8.862
-0.871094 -8.37412
-0.863281 -7.94357
-0.855469 -7.5611
-0.847656 -7.21934
-0.839844 -6.91235
-0.832031 -6.63531
-0.824219 -6.38426
-0.816406 -6.15591
-0.808594 -5.94751
-0.800781 -5.75674
-0.792969 -5.58164
-0.785156 -5.42052
-0.777344 -5.27194
-0.769531 -5.13466
-0.761719 -5.0076
-0.753906 -4.88982
-0.746094 -4.78049
-0.738281 -4.67888
-0.730469 -4.58437
-0.722656 -4.49637
-0.714844 -4.4144
-0.707031 -4.338
-0.699219 -4.26677
-0.691406 -4.20036
-0.683594 -4.13845
-0.675781 -4.08075
-0.667969 -4.027
-0.660156 -3.97697
-0.652344 -3.93045
-0.644531 -3.88725
-0.636719 -3.8472
-0.628906 -3.81015
-0.621094 -3.77595
-0.613281 -3.74448
-0.605469 -3.71563
-0.597656 -3.68929
-0.589844 -3.66538
-0.582031 -3.6438
-0.574219 -3.6245
-0.566406 -3.6074
-0.558594 -3.59245
-0.550781 -3.5796
-0.542969 -3.56881
-0.535156 -3.56003
-0.527344 -3.55325
-0.519531 -3.54843
-0.511719 -3.54557
-0.503906 -3.54464
-0.496094 -3.54565
-0.488281 -3.5486
-0.480469 -3.55349
-0.472656 -3.56032
-0.464844 -3.56913
-0.457031 -3.57994
-0.449219 -3.59276
-0.441406 -3.60765
-0.433594 -3.62464
-0.425781 -3.64378
-0.417969 -3.66512
-0.410156 -3.68875
-0.402344 -3.71472
-0.394531 -3.74312
-0.386719 -3.77404
-0.378906 -3.80759
-0.371094 -3.84388
-0.363281 -3.88303
-0.355469 -3.92518
-0.347656 -3.97049
-0.339844 -4.01914
-0.332031 -4.0713
-0.324219 -4.1272
-0.316406 -4.18706
-0.308594 -4.25114
-0.300781 -4.31973
-0.292969 -4.39316
-0.285156 -4.47177
-0.277344 -4.55597
-0.269531 -4.64621
-0.261719 -4.74299
-0.253906 -4.84687
-0.246094 -4.95849
-0.238281 -5.07859
-0.230469 -5.20797
-0.222656 -5.3476
-0.214844 -5.49855
-0.207031 -5.66206
-0.199219 -5.83958
-0.191406 -6.03278
-0.183594 -6.24364
-0.175781 -6.47447
-0.167969 -6.72803
-0.160156 -7.0076
-0.152344 -7.31715
-0.144531 -7.66151
-0.136719 -8.04659
-0.128906 -8.47978
-0.121094 -8.97034
-0.113281 -9.5301
-0.105469 -10.1744
-0.0976562 -10.9235
-0.0898438 -11.8046
-0.0820312 -12.8555
-0.0742188 -14.1297
-0.0664062 -15.706
-0.0585938 -17.7052
-0.0507812 -20.3222
-0.0429688 -23.8942
-0.0351562 -29.0576
-0.0273438 -37.1764
-0.0195312 -51.7969
-0.0117188 -85.9223
-0.00390625 -256.581
0.00390625 255.427
0.0117188 84.7676
0.0195312 50.6418
0.0273438 36.0206
0.0351562 27.9009
0.0429688 22.7364
0.0507812 19.1631
0.0585938 16.5445
0.0664062 14.5436
0.0742188 12.9652
0.0820312 11.6888
0.0898438 10.6354
0.0976562 9.75155
0.105469 8.99953
0.113281 8.35205
0.121094 7.78887
0.128906 7.29464
0.136719 6.85754
0.144531 6.46829
0.152344 6.11951
0.160156 5.80529
0.167969 5.52078
0.175781 5.26203
0.183594 5.02572
0.191406 4.80912
0.199219 4.60989
0.207031 4.42606
0.214844 4.25595
0.222656 4.09811
0.230469 3.95128
0.238281 3.81439
0.246094 3.68647
0.253906 3.56669
0.261719 3.45433
0.269531 3.34874
0.277344 3.24933
0.285156 3.1556
0.292969 3.0671
0.300781 2.98341
0.308594 2.90416
0.316406 2.82902
0.324219 2.75769
0.332031 2.68991
0.339844 2.62542
0.347656 2.564
0.355469 2.50545
0.363281 2.44958
0.371094 2.39622
0.378906 2.34522
0.386719 2.29642
0.394531 2.2497
0.402344 2.20493
0.410156 2.162
0.417969 2.12081
0.425781 2.08126
0.433594 2.04326
0.441406 2.00672
0.449219 1.97158
0.457031 1.93775
0.464844 1.90517
0.472656 1.87378
0.480469 1.84352
0.488281 1.81433
0.496094 1.78617
0.503906 1.75898
0.511719 1.73271
0.519531 1.70734
0.527344 1.68281
0.535156 1.65909
0.542969 1.63614
0.550781 1.61394
0.558594 1.59244
0.566406 1.57162
0.574219 1.55145
0.582031 1.53191
0.589844 1.51296
0.597656 1.49459
0.605469 1.47678
0.613281 1.45949
0.621094 1.44272
0.628906 1.42644
0.636719 1.41063
0.644531 1.39528
0.652344 1.38037
0.660156 1.36588
0.667969 1.3518
0.675781 1.33811
0.683594 1.32481
0.691406 1.31187
0.699219 1.29929
0.707031 1.28706
0.714844 1.27515
0.722656 1.26357
0.730469 1.2523
0.738281 1.24133
0.746094 1.23065
0.753906 1.22025
0.761719 1.21013
0.769531 1.20028
0.777344 1.19068
0.785156 1.18133
0.792969 1.17222
0.800781 1.16335
0.808594 1.15471
0.816406 1.14629
0.824219 1.13809
0.832031 1.1301
0.839844 1.12231
0.847656 1.11472
0.855469 1.10733
0.863281 1.10012
0.871094 1.0931
0.878906 1.08625
0.886719 1.07958
0.894531 1.07308
0.902344 1.06675
0.910156 1.06057
0.917969 1.05455
0.925781 1.04869
0.933594 1.04298
0.941406 1.03741
0.949219 1.03199
0.957031 1.0267
0.964844 1.02156
0.972656 1.01654
0.980469 1.01166
0.988281 1.0069
0.996094 1.00227
1.00391 0.99776
1.01172 0.99337
1.01953 0.989097
1.02734 0.984938
1.03516 0.980892
1.04297 0.976955
1.05078 0.973126
1.05859 0.969403
1.06641 0.965783
1.07422 0.962265
1.08203 0.958846
1.08984 0.955525
1.09766 0.9523
1.10547 0.949169
1.11328 0.946131
1.12109 0.943183
1.12891 0.940325
1.13672 0.937554
1.14453 0.93487
1.15234 0.93227
1.16016 0.929754
1.16797 0.927319
1.17578 0.924966
1.18359 0.922691
1.19141 0.920495
1.19922 0.918376
1.20703 0.916333
1.21484 0.914365
1.22266 0.91247
1.23047 0.910648
1.23828 0.908897
1.24609 0.907216
1.25391 0.905606
1.26172 0.904064
1.26953 0.902589
1.27734 0.901182
1.28516 0.89984
1.29297 0.898564
1.30078 0.897352
1.30859 0.896204
1.31641 0.895119
1.32422 0.894096
1.33203 0.893134
1.33984 0.892233
1.34766 0.891392
1.35547 0.890611
1.36328 0.889888
1.37109 0.889224
1.37891 0.888617
1.38672 0.888068
1.39453 0.887575
1.40234 0.887139
1.41016 0.886758
1.41797 0.886432
1.42578 0.88616
1.43359 0.885943
1.44141 0.88578
1.44922 0.885669
1.45703 0.885612
1.46484 0.885608
1.47266 0.885655
1.48047 0.885754
1.48828 0.885905
1.49609 0.886107
1.50391 0.88636
1.51172 0.886663
1.51953 0.887016
1.52734 0.887419
1.53516 0.887872
1.54297 0.888374
1.55078 0.888926
1.55859 0.889526
1.56641 0.890175
1.57422 0.890872
1.58203 0.891618
1.58984 0.892412
1.59766 0.893254
1.60547 0.894143
1.61328 0.89508
1.62109 0.896064
1.62891 0.897096
1.63672 0.898175
1.64453 0.899301
1.65234 0.900474
1.66016 0.901693
1.66797 0.90296
1.67578 0.904273
1.68359 0.905632
1.69141 0.907038
1.69922 0.908491
1.70703 0.90999
1.71484 0.911535
1.72266 0.913127
1.73047 0.914765
1.73828 0.916449
1.74609 0.91818
1.75391 0.919957
1.76172 0.92178
1.76953 0.923649
1.77734 0.925565
1.78516 0.927528
1.79297 0.929536
1.80078 0.931591
1.80859 0.933693
1.81641 0.935841
1.82422 0.938036
1.83203 0.940278
1.83984 0.942566
1.84766 0.944901
1.85547 0.947284
1.86328 0.949713
1.87109 0.95219
1.87891 0.954714
1.88672 0.957285
1.89453 0.959904
1.90234 0.962571
1.91016 0.965285
1.91797 0.968048
1.92578 0.970859
1.93359 0.973718
1.94141 0.976626
1.94922 0.979582
1.95703 0.982588
1.96484 0.985642
1.97266 0.988746
1.98047 0.991899
1.98828 0.995102
1.99609 0.998355
2.00391 1.00166
2.01172 1.00501
2.01953 1.00842
2.02734 1.01187
2.03516 1.01538
2.04297 1.01893
2.05078 1.02254
2.05859 1.0262
2.06641 1.02992
2.07422 1.03368
2.08203 1.0375
2.08984 1.04137
2.09766 1.0453
2.10547 1.04928
2.11328 1.05331
2.12109 1.0574
2.12891 1.06154
2.13672 1.06574
2.14453 1.06999
2.15234 1.0743
2.16016 1.07866
2.16797 1.08308
2.17578 1.08756
2.18359 1.09209
2.19141 1.09668
2.19922 1.10133
2.20703 1.10604
2.21484 1.11081
2.22266 1.11564
2.23047 1.12052
2.23828 1.12547
2.24609 1.13048
2.25391 1.13554
2.26172 1.14067
2.26953 1.14587
2.27734 1.15112
2.28516 1.15644
2.29297 1.16182
2.30078 1.16726
2.30859 1.17277
2.31641 1.17834
2.32422 1.18398
2.33203 1.18968
2.33984 1.19545
2.34766 1.20129
2.35547 1.20719
2.36328 1.21317
2.37109 1.21921
2.37891 1.22532
2.38672 1.2315
2.39453 1.23775
2.40234 1.24407
2.41016 1.25047
2.41797 1.25693
2.42578 1.26347
2.43359 1.27008
2.44141 1.27677
2.44922 1.28353
2.45703 1.29036
2.46484 1.29728
2.47266 1.30427
2.48047 1.31133
2.48828 1.31848
2.49609 1.3257
2.50391 1.333
2.51172 1.34038
2.51953 1.34785
2.52734 1.35539
2.53516 1.36302
2.54297 1.37073
2.55078 1.37853
2.55859 1.38641
2.56641 1.39438
2.57422 1.40243
2.58203 1.41057
2.58984 1.4188
2.59766 1.42711
2.60547 1.43552
2.61328 1.44402
2.62109 1.4526
2.62891 1.46129
2.63672 1.47006
2.64453 1.47893
2.65234 1.48789
2.66016 1.49695
2.66797 1.50611
2.67578 1.51536
2.68359 1.52472
2.69141 1.53417
2.69922 1.54372
2.70703 1.55338
2.71484 1.56314
2.72266 1.573
2.73047 1.58297
2.73828 1.59305
2.74609 1.60323
2.75391 1.61352
2.76172 1.62392
2.76953 1.63443
2.77734 1.64505
2.78516 1.65578
2.79297 1.66663
2.80078 1.67759
2.80859 1.68867
2.81641 1.69987
2.82422 1.71118
2.83203 1.72262
2.83984 1.73417
2.84766 1.74585
2.85547 1.75766
2.86328 1.76958
2.87109 1.78164
2.87891 1.79382
2.88672 1.80613
2.89453 1.81857
2.90234 1.83114
2.91016 1.84385
2.91797 1.85669
2.92578 1.86966
2.93359 1.88278
2.94141 1.89603
2.94922 1.90942
2.95703 1.92295
2.96484 1.93663
2.97266 1.95046
2.98047 1.96442
2.98828 1.97854
2.99609 1.99281
3.00391 2.00723
3.01172 2.0218
3.01953 2.03653
3.02734 2.05141
3.03516 2.06645
3.04297 2.08165
3.05078 2.09701
3.05859 2.11254
3.06641 2.12823
3.07422 2.14408
3.08203 2.16011
3.08984 2.17631
3.09766 2.19268
3.10547 2.20922
3.11328 2.22594
3.12109 2.24284
3.12891 2.25992
3.13672 2.27718
3.14453 2.29462
3.15234 2.31225
3.16016 2.33007
3.16797 2.34808
3.17578 2.36629
3.18359 2.38468
3.19141 2.40328
3.19922 2.42207
3.20703 2.44107
3.21484 2.46027
3.22266 2.47968
3.23047 2.49929
3.23828 2.51912
3.24609 2.53916
3.25391 2.55941
3.26172 2.57988
3.26953 2.60058
3.27734 2.62149
3.28516 2.64264
3.29297 2.66401
3.30078 2.68561
3.30859 2.70744
3.31641 2.72951
3.32422 2.75182
3.33203 2.77438
3.33984 2.79717
3.34766 2.82022
3.35547 2.84351
3.36328 2.86706
3.37109 2.89086
3.37891 2.91492
3.38672 2.93925
3.39453 2.96383
3.40234 2.98869
3.41016 3.01382
3.41797 3.03922
3.42578 3.0649
3.43359 3.09086
3.44141 3.11711
3.44922 3.14364
3.45703 3.17047
3.46484 3.19758
3.47266 3.225
3.48047 3.25272
3.48828 3.28074
3.49609 3.30907
3.50391 3.33771
3.51172 3.36667
3.51953 3.39595
3.52734 3.42555
3.53516 3.45547
3.54297 3.48573
3.55078 3.51633
3.55859 3.54726
3.56641 3.57853
3.57422 3.61016
3.58203 3.64213
3.58984 3.67446
3.59766 3.70715
3.60547 3.7402
3.61328 3.77362
3.62109 3.80741
3.62891 3.84158
3.63672 3.87613
3.64453 3.91107
3.65234 3.9464
3.66016 3.98213
3.66797 4.01825
3.67578 4.05478
3.68359 4.09172
3.69141 4.12908
3.69922 4.16685
3.70703 4.20505
3.71484 4.24368
3.72266 4.28275
3.73047 4.32226
3.73828 4.36221
3.74609 4.40261
3.75391 4.44348
3.76172 4.4848
3.76953 4.5266
3.77734 4.56886
3.78516 4.61161
3.79297 4.65484
3.80078 4.69857
3.80859 4.74279
3.81641 4.78752
3.82422 4.83276
3.83203 4.87851
3.83984 4.92478
3.84766 4.97159
3.85547 5.01893
3.86328 5.06681
3.87109 5.11524
3.87891 5.16423
3.88672 5.21378
3.89453 5.2639
3.90234 5.3146
3.91016 5.36588
3.91797 5.41775
3.92578 5.47022
3.93359 5.5233
3.94141 5.57699
3.94922 5.6313
3.95703 5.68624
3.96484 5.74181
3.97266 5.79803
3.98047 5.85491
3.98828 5.91244
3.99609 5.97064
4.00391 6.02953
4.01172 6.08909
4.01953 6.14935
4.02734 6.21032
4.03516 6.272
4.04297 6.33439
4.05078 6.39752
4.05859 6.46139
4.06641 6.52601
4.07422 6.59138
4.08203 6.65753
4.08984 6.72445
4.09766 6.79216
4.10547 6.86066
4.11328 6.92997
4.12109 7.0001
4.12891 7.07106
4.13672 7.14286
4.14453 7.21551
4.15234 7.28902
4.16016 7.36339
4.16797 7.43865
4.17578 7.51481
4.18359 7.59187
4.19141 7.66984
4.19922 7.74875
4.20703 7.82859
4.21484 7.90939
4.22266 7.99115
4.23047 8.07389
4.23828 8.15761
4.24609 8.24234
4.25391 8.32808
4.26172 8.41486
4.26953 8.50267
4.27734 8.59154
4.28516 8.68147
4.29297 8.77249
4.30078 8.8646
4.30859 8.95783
4.31641 9.05218
4.32422 9.14767
4.33203 9.24431
4.33984 9.34212
4.34766 9.44111
4.35547 9.54131
4.36328 9.64272
4.37109 9.74536
4.37891 9.84925
4.38672 9.9544
4.39453 10.0608
4.40234 10.1686
4.41016 10.2776
4.41797 10.388
4.42578 10.4997
4.43359 10.6128
4.44141 10.7272
4.44922 10.8431
4.45703 10.9604
4.46484 11.0791
4.47266 11.1993
4.48047 11.321
4.48828 11.4441
4.49609 11.5688
4.50391 11.695
4.51172 11.8228
4.51953 11.9521
4.52734 12.0831
4.53516 12.2156
4.54297 12.3498
4.55078 12.4857
4.55859 12.6233
4.56641 12.7625
4.57422 12.9035
4.58203 13.0462
4.58984 13.1907
4.59766 13.337
4.60547 13.4852
4.61328 13.6351
4.62109 13.787
4.62891 13.9407
4.63672 14.0964
4.64453 14.254
4.65234 14.4136
4.66016 14.5752
4.66797 14.7388
4.67578 14.9045
4.68359 15.0722
4.69141 15.2421
4.69922 15.4141
4.70703 15.5883
4.71484 15.7646
4.72266 15.9432
4.73047 16.124
4.73828 16.3072
4.74609 16.4926
4.75391 16.6804
4.76172 16.8706
4.76953 17.0631
4.77734 17.2582
4.78516 17.4557
4.79297 17.6557
4.80078 17.8582
4.80859 18.0634
4.81641 18.2711
4.82422 18.4815
4.83203 18.6946
4.83984 18.9104
4.84766 19.129
4.85547 19.3503
4.86328 19.5745
4.87109 19.8016
4.87891 20.0316
4.88672 20.2645
4.89453 20.5004
4.90234 20.7394
4.91016 20.9814
4.91797 21.2266
4.92578 21.4749
4.93359 21.7264
4.94141 21.9812
4.94922 22.2392
4.95703 22.5006
4.96484 22.7654
4.97266 23.0336
4.98047 23.3053
4.98828 23.5805
4.99609 23.8593


0.0078125 4.84757
0.015625 4.15006
0.0234375 3.74034
0.03125 3.44849
0.0390625 3.22128
0.046875 3.03498
0.0546875 2.87695
0.0625 2.73963
0.0703125 2.61815
0.078125 2.50919
0.0859375 2.41036
0.09375 2.31993
0.101562 2.23655
0.109375 2.15919
0.117188 2.08703
0.125 2.01942
0.132812 1.9558
0.140625 1.89573
0.148438 1.83884
0.15625 1.7848
0.164062 1.73335
0.171875 1.68425
0.179688 1.6373
0.1875 1.59231
0.195312 1.54915
0.203125 1.50766
0.210938 1.46773
0.21875 1.42925
0.226562 1.39213
0.234375 1.35626
0.242188 1.32158
0.25 1.28802
0.257812 1.25551
0.265625 1.22399
0.273438 1.19341
0.28125 1.16371
0.289062 1.13486
0.296875 1.1068
0.304688 1.07951
0.3125 1.05295
0.320312 1.02708
0.328125 1.00187
0.335938 0.977298
0.34375 0.953333
0.351562 0.92995
0.359375 0.907127
0.367188 0.884842
0.375 0.863074
0.382812 0.841804
0.390625 0.821015
0.398438 0.800689
0.40625 0.78081
0.414062 0.761363
0.421875 0.742334
0.429688 0.723709
0.4375 0.705476
0.445312 0.687622
0.453125 0.670136
0.460938 0.653007
0.46875 0.636224
0.476562 0.619777
0.484375 0.603658
0.492188 0.587857
0.5 0.572365
0.507812 0.557174
0.515625 0.542277
0.523438 0.527666
0.53125 0.513333
0.539062 0.499272
0.546875 0.485476
0.554688 0.471939
0.5625 0.458655
0.570312 0.445618
0.578125 0.432823
0.585938 0.420263
0.59375 0.407934
0.601562 0.395831
0.609375 0.383949
0.617188 0.372283
0.625 0.360829
0.632812 0.349583
0.640625 0.338541
0.648438 0.327697
0.65625 0.31705
0.664062 0.306594
0.671875 0.296326
0.679688 0.286243
0.6875 0.276341
0.695312 0.266617
0.703125 0.257068
0.710938 0.247691
0.71875 0.238483
0.726562 0.229441
0.734375 0.220561
0.742188 0.211842
0.75 0.203281
0.757812 0.194875
0.765625 0.186621
0.773438 0.178518
0.78125 0.170563
0.789062 0.162753
0.796875 0.155087
0.804688 0.147561
0.8125 0.140175
0.820312 0.132926
0.828125 0.125812
0.835938 0.118831
0.84375 0.111982
0.851562 0.105261
0.859375 0.0986685
0.867188 0.0922016
0.875 0.0858587
0.882812 0.0796383
0.890625 0.0735386
0.898438 0.0675582
0.90625 0.0616954
0.914062 0.0559487
0.921875 0.0503167
0.929688 0.0447979
0.9375 0.0393909
0.945312 0.0340943
0.953125 0.0289068
0.960938 0.023827
0.96875 0.0188537
0.976562 0.0139855
0.984375 0.00922133
0.992188 0.00455988
1 -1.09351e-08
1.00781 -0.0044595
1.01562 -0.00881972
1.02344 -0.0130818
1.03125 -0.0172468
1.03906 -0.0213158
1.04688 -0.0252898
1.05469 -0.0291699
1.0625 -0.0329571
1.07031 -0.0366523
1.07812 -0.0402566
1.08594 -0.0437708
1.09375 -0.0471959
1.10156 -0.0505328
1.10938 -0.0537824
1.11719 -0.0569456
1.125 -0.0600232
1.13281 -0.0630161
1.14062 -0.065925
1.14844 -0.0687509
1.15625 -0.0714945
1.16406 -0.0741567
1.17188 -0.076738
1.17969 -0.0792394
1.1875 -0.0816616
1.19531 -0.0840053
1.20312 -0.0862712
1.21094 -0.08846
1.21875 -0.0905724
1.22656 -0.0926092
1.23438 -0.0945709
1.24219 -0.0964582
1.25 -0.0982718
1.25781 -0.100012
1.26562 -0.10168
1.27344 -0.103277
1.28125 -0.104802
1.28906 -0.106256
1.29688 -0.107641
1.30469 -0.108955
1.3125 -0.110201
1.32031 -0.111379
1.32812 -0.112489
1.33594 -0.113532
1.34375 -0.114508
1.35156 -0.115418
1.35938 -0.116262
1.36719 -0.117041
1.375 -0.117755
1.38281 -0.118406
1.39062 -0.118992
1.39844 -0.119516
1.40625 -0.119977
1.41406 -0.120375
1.42188 -0.120712
1.42969 -0.120988
1.4375 -0.121202
1.44531 -0.121357
1.45312 -0.121451
1.46094 -0.121486
1.46875 -0.121462
1.47656 -0.121379
1.48438 -0.121238
1.49219 -0.121039
1.5 -0.120782
1.50781 -0.120469
1.51562 -0.120099
1.52344 -0.119672
1.53125 -0.11919
1.53906 -0.118652
1.54688 -0.118059
1.55469 -0.117411
1.5625 -0.116709
1.57031 -0.115952
1.57812 -0.115142
1.58594 -0.114279
1.59375 -0.113363
1.60156 -0.112394
1.60938 -0.111372
1.61719 -0.110299
1.625 -0.109174
1.63281 -0.107998
1.64062 -0.10677
1.64844 -0.105492
1.65625 -0.104164
1.66406 -0.102785
1.67188 -0.101357
1.67969 -0.0998793
1.6875 -0.0983524
1.69531 -0.0967765
1.70312 -0.0951521
1.71094 -0.0934794
1.71875 -0.0917587
1.72656 -0.0899902
1.73438 -0.0881743
1.74219 -0.0863111
1.75 -0.0844011
1.75781 -0.0824445
1.76562 -0.0804415
1.77344 -0.0783923
1.78125 -0.0762973
1.78906 -0.0741568
1.79688 -0.0719709
1.80469 -0.0697399
1.8125 -0.0674641
1.82031 -0.0651437
1.82812 -0.0627789
1.83594 -0.0603701
1.84375 -0.0579174
1.85156 -0.0554211
1.85938 -0.0528814
1.86719 -0.0502985
1.875 -0.0476727
1.88281 -0.0450042
1.89062 -0.0422932
1.89844 -0.03954
1.90625 -0.0367447
1.91406 -0.0339076
1.92188 -0.0310289
1.92969 -0.0281089
1.9375 -0.0251476
1.94531 -0.0221454
1.95312 -0.0191024
1.96094 -0.0160189
1.96875 -0.012895
1.97656 -0.009731
1.98438 -0.00652703
1.99219 -0.0032833
2 -1.09351e-08
2.00781 0.00332264
2.01562 0.00668447
2.02344 0.0100853
2.03125 0.0135249
2.03906 0.0170031
2.04688 0.0205197
2.05469 0.0240746
2.0625 0.0276675
2.07031 0.0312983
2.07812 0.0349668
2.08594 0.0386729
2.09375 0.0424162
2.10156 0.0461968
2.10938 0.0500144
2.11719 0.0538688
2.125 0.0577598
2.13281 0.0616874
2.14062 0.0656513
2.14844 0.0696514
2.15625 0.0736875
2.16406 0.0777594
2.17188 0.081867
2.17969 0.0860101
2.1875 0.0901887
2.19531 0.0944024
2.20312 0.0986512
2.21094 0.102935
2.21875 0.107253
2.22656 0.111606
2.23438 0.115994
2.24219 0.120416
2.25 0.124872
2.25781 0.129362
2.26562 0.133886
2.27344 0.138443
2.28125 0.143034
2.28906 0.147659
2.29688 0.152317
2.30469 0.157008
2.3125 0.161732
2.32031 0.166489
2.32812 0.171279
2.33594 0.176102
2.34375 0.180956
2.35156 0.185844
2.35938 0.190763
2.36719 0.195715
2.375 0.200698
2.38281 0.205714
2.39062 0.210761
2.39844 0.21584
2.40625 0.22095
2.41406 0.226092
2.42188 0.231264
2.42969 0.236468
2.4375 0.241703
2.44531 0.246969
2.45312 0.252265
2.46094 0.257592
2.46875 0.26295
2.47656 0.268338
2.48438 0.273756
2.49219 0.279204
2.5 0.284683
2.50781 0.290191
2.51562 0.295729
2.52344 0.301297
2.53125 0.306895
2.53906 0.312522
2.54688 0.318178
2.55469 0.323864
2.5625 0.329578
2.57031 0.335322
2.57812 0.341095
2.58594 0.346897
2.59375 0.352727
2.60156 0.358586
2.60938 0.364473
2.61719 0.370389
2.625 0.376334
2.63281 0.382306
2.64062 0.388307
2.64844 0.394335
2.65625 0.400392
2.66406 0.406476
2.67188 0.412589
2.67969 0.418728
2.6875 0.424896
2.69531 0.431091
2.70312 0.437313
2.71094 0.443562
2.71875 0.449839
2.72656 0.456142
2.73438 0.462473
2.74219 0.46883
2.75 0.475215
2.75781 0.481626
2.76562 0.488063
2.77344 0.494527
2.78125 0.501018
2.78906 0.507535
2.79688 0.514078
2.80469 0.520648
2.8125 0.527243
2.82031 0.533865
2.82812 0.540512
2.83594 0.547185
2.84375 0.553884
2.85156 0.560609
2.85938 0.567359
2.86719 0.574135
2.875 0.580936
2.88281 0.587762
2.89062 0.594614
2.89844 0.601491
2.90625 0.608393
2.91406 0.61532
2.92188 0.622272
2.92969 0.629249
2.9375 0.636251
2.94531 0.643277
2.95312 0.650328
2.96094 0.657404
2.96875 0.664504
2.97656 0.671628
2.98438 0.678777
2.99219 0.68595
3 0.693147
3.00781 0.700368
3.01562 0.707614
3.02344 0.714883
3.03125 0.722176
3.03906 0.729493
3.04688 0.736834
3.05469 0.744198
3.0625 0.751586
3.07031 0.758998
3.07812 0.766433
3.08594 0.773891
3.09375 0.781373
3.10156 0.788878
3.10938 0.796406
3.11719 0.803957
3.125 0.811532
3.13281 0.819129
3.14062 0.826749
3.14844 0.834392
3.15625 0.842058
3.16406 0.849747
3.17188 0.857458
3.17969 0.865192
3.1875 0.872948
3.19531 0.880727
3.20312 0.888528
3.21094 0.896352
3.21875 0.904197
3.22656 0.912065
3.23438 0.919955
3.24219 0.927868
3.25 0.935802
3.25781 0.943758
3.26562 0.951736
3.27344 0.959736
3.28125 0.967758
3.28906 0.975801
3.29688 0.983866
3.30469 0.991953
3.3125 1.00006
3.32031 1.00819
3.32812 1.01634
3.33594 1.02451
3.34375 1.03271
3.35156 1.04092
3.35938 1.04916
3.36719 1.05742
3.375 1.0657
3.38281 1.074
3.39062 1.08232
3.39844 1.09066
3.40625 1.09902
3.41406 1.1074
3.42188 1.11581
3.42969 1.12423
3.4375 1.13268
3.44531 1.14114
3.45312 1.14963
3.46094 1.15813
3.46875 1.16666
3.47656 1.17521
3.48438 1.18378
3.49219 1.19237
3.5 1.20097
3.50781 1.2096
3.51562 1.21825
3.52344 1.22692
3.53125 1.23561
3.53906 1.24432
3.54688 1.25305
3.55469 1.26179
3.5625 1.27056
3.57031 1.27935
3.57812 1.28816
3.58594 1.29698
3.59375 1.30583
3.60156 1.3147
3.60938 1.32358
3.61719 1.33249
3.625 1.34141
3.63281 1.35036
3.64062 1.35932
3.64844 1.36831
3.65625 1.37731
3.66406 1.38633
3.67188 1.39537
3.67969 1.40443
3.6875 1.41351
3.69531 1.4226
3.70312 1.43172
3.71094 1.44086
3.71875 1.45001
3.72656 1.45918
3.73438 1.46838
3.74219 1.47759
3.75 1.48682
3.75781 1.49606
3.76562 1.50533
3.77344 1.51461
3.78125 1.52392
3.78906 1.53324
3.79688 1.54258
3.80469 1.55194
3.8125 1.56132
3.82031 1.57071
3.82812 1.58013
3.83594 1.58956
3.84375 1.59901
3.85156 1.60848
3.85938 1.61796
3.86719 1.62747
3.875 1.63699
3.88281 1.64653
3.89062 1.65609
3.89844 1.66566
3.90625 1.67526
3.91406 1.68487
3.92188 1.6945
3.92969 1.70414
3.9375 1.71381
3.94531 1.72349
3.95312 1.73319
3.96094 1.74291
3.96875 1.75264
3.97656 1.7624
3.98438 1.77217
3.99219 1.78195
4 1.79176
4.00781 1.80158
4.01562 1.81142
4.02344 1.82128
4.03125 1.83115
4.03906 1.84104
4.04688 1.85095
4.05469 1.86088
4.0625 1.87082
4.07031 1.88078
4.07812 1.89075
4.08594 1.90075
4.09375 1.91076
4.10156 1.92078
4.10938 1.93083
4.11719 1.94089
4.125 1.95097
4.13281 1.96106
4.14062 1.97117
4.14844 1.9813
4.15625 1.99144
4.16406 2.0016
4.17188 2.01178
4.17969 2.02197
4.1875 2.03218
4.19531 2.04241
4.20312 2.05265
4.21094 2.06291
4.21875 2.07319
4.22656 2.08348
4.23438 2.09379
4.24219 2.10412
4.25 2.11446
4.25781 2.12481
4.26562 2.13519
4.27344 2.14558
4.28125 2.15598
4.28906 2.1664
4.29688 2.17684
4.30469 2.1873
4.3125 2.19776
4.32031 2.20825
4.32812 2.21875
4.33594 2.22927
4.34375 2.2398
4.35156 2.25035
4.35938 2.26091
4.36719 2.2715
4.375 2.28209
4.38281 2.2927
4.39062 2.30333
4.39844 2.31397
4.40625 2.32463
4.41406 2.33531
4.42188 2.346
4.42969 2.3567
4.4375 2.36742
4.44531 2.37816
4.45312 2.38891
4.46094 2.39967
4.46875 2.41046
4.47656 2.42125
4.48438 2.43207
4.49219 2.44289
4.5 2.45374
4.50781 2.46459
4.51562 2.47547
4.52344 2.48636
4.53125 2.49726
4.53906 2.50818
4.54688 2.51911
4.55469 2.53006
4.5625 2.54102
4.57031 2.552
4.57812 2.563
4.58594 2.574
4.59375 2.58503
4.60156 2.59607
4.60938 2.60712
4.61719 2.61819
4.625 2.62927
4.63281 2.64037
4.64062 2.65148
4.64844 2.6626
4.65625 2.67375
4.66406 2.6849
4.67188 2.69607
4.67969 2.70726
4.6875 2.71846
4.69531 2.72967
4.70312 2.7409
4.71094 2.75214
4.71875 2.7634
4.72656 2.77467
4.73438 2.78596
4.74219 2.79726
4.75 2.80857
4.75781 2.8199
4.76562 2.83124
4.77344 2.8426
4.78125 2.85397
4.78906 2.86536
4.79688 2.87676
4.80469 2.88817
4.8125 2.8996
4.82031 2.91104
4.82812 2.9225
4.83594 2.93397
4.84375 2.94546
4.85156 2.95695
4.85938 2.96847
4.86719 2.97999
4.875 2.99153
4.88281 3.00309
4.89062 3.01466
4.89844 3.02624
4.90625 3.03783
4.91406 3.04944
4.92188 3.06107
4.92969 3.0727
4.9375 3.08436
4.94531 3.09602
4.95312 3.1077
4.96094 3.11939
4.96875 3.1311
4.97656 3.14282
4.98438 3.15455
4.99219 3.16629
5 3.17805
5.00781 3.18983
5.01562 3.20161
5.02344 3.21341
5.03125 3.22523
5.03906 3.23705
5.04688 3.2489
5.05469 3.26075
5.0625 3.27262
5.07031 3.2845
5.07812 3.29639
5.08594 3.3083
5.09375 3.32022
5.10156 3.33215
5.10938 3.3441
5.11719 3.35606
5.125 3.36803
5.13281 3.38002
5.14062 3.39202
5.14844 3.40403
5.15625 3.41606
5.16406 3.42809
5.17188 3.44015
5.17969 3.45221
5.1875 3.46429
5.19531 3.47638
5.20312 3.48848
5.21094 3.5006
5.21875 3.51273
5.22656 3.52487
5.23438 3.53703
5.24219 3.54919
5.25 3.56138
5.25781 3.57357
5.26562 3.58578
5.27344 3.598
5.28125 3.61023
5.28906 3.62247
5.29688 3.63473
5.30469 3.647
5.3125 3.65928
5.32031 3.67158
5.32812 3.68389
5.33594 3.69621
5.34375 3.70854
5.35156 3.72089
5.35938 3.73324
5.36719 3.74561
5.375 3.758
5.38281 3.77039
5.39062 3.7828
5.39844 3.79522
5.40625 3.80766
5.41406 3.8201
5.42188 3.83256
5.42969 3.84503
5.4375 3.85751
5.44531 3.87001
5.45312 3.88251
5.46094 3.89503
5.46875 3.90756
5.47656 3.92011
5.48438 3.93266
5.49219 3.94523
5.5 3.95781
5.50781 3.97041
5.51562 3.98301
5.52344 3.99563
5.53125 4.00826
5.53906 4.0209
5.54688 4.03355
5.55469 4.04622
5.5625 4.0589
5.57031 4.07158
5.57812 4.08429
5.58594 4.097
5.59375 4.10972
5.60156 4.12246
5.60938 4.13521
5.61719 4.14797
5.625 4.16075
5.63281 4.17353
5.64062 4.18633
5.64844 4.19914
5.65625 4.21196
5.66406 4.22479
5.67188 4.23763
5.67969 4.25049
5.6875 4.26336
5.69531 4.27623
5.70312 4.28913
5.71094 4.30203
5.71875 4.31494
5.72656 4.32787
5.73438 4.34081
5.74219 4.35376
5.75 4.36672
5.75781 4.37969
5.76562 4.39267
5.77344 4.40567
5.78125 4.41868
5.78906 4.43169
5.79688 4.44472
5.80469 4.45777
5.8125 4.47082
5.82031 4.48388
5.82812 4.49696
5.83594 4.51005
5.84375 4.52315
5.85156 4.53626
5.85938 4.54938
5.86719 4.56251
5.875 4.57565
5.88281 4.58881
5.89062 4.60198
5.89844 4.61516
5.90625 4.62834
5.91406 4.64155
5.92188 4.65476
5.92969 4.66798
5.9375 4.68121
5.94531 4.69446
5.95312 4.70772
5.96094 4.72099
5.96875 4.73426
5.97656 4.74755
5.98438 4.76086
5.99219 4.77417
6 4.78749
6.00781 4.80083
6.01562 4.81417
6.02344 4.82753
6.03125 4.8409
6.03906 4.85427
6.04688 4.86766
6.05469 4.88107
6.0625 4.89448
6.07031 4.9079
6.07812 4.92133
6.08594 4.93478
6.09375 4.94823
6.10156 4.9617
6.10938 4.97518
6.11719 4.98866
6.125 5.00216
6.13281 5.01567
6.14062 5.02919
6.14844 5.04272
6.15625 5.05627
6.16406 5.06982
6.17188 5.08338
6.17969 5.09696
6.1875 5.11054
6.19531 5.12414
6.20312 5.13774
6.21094 5.15136
6.21875 5.16499
6.22656 5.17863
6.23438 5.19227
6.24219 5.20593
6.25 5.2196
6.25781 5.23328
6.26562 5.24698
6.27344 5.26068
6.28125 5.27439
6.28906 5.28811
6.29688 5.30185
6.30469 5.31559
6.3125 5.32934
6.32031 5.34311
6.32812 5.35689
6.33594 5.37067
6.34375 5.38447
6.35156 5.39827
6.35938 5.41209
6.36719 5.42592
6.375 5.43976
6.38281 5.4536
6.39062 5.46746
6.39844 5.48133
6.40625 5.49521
6.41406 5.5091
6.42188 5.523
6.42969 5.53691
6.4375 5.55083
6.44531 5.56476
6.45312 5.5787
6.46094 5.59265
6.46875 5.60661
6.47656 5.62059
6.48438 5.63457
6.49219 5.64856
6.5 5.66256
6.50781 5.67657
6.51562 5.6906
6.52344 5.70463
6.53125 5.71867
6.53906 5.73272
6.54688 5.74679
6.55469 5.76086
6.5625 5.77494
6.57031 5.78904
6.57812 5.80314
6.58594 5.81725
6.59375 5.83137
6.60156 5.84551
6.60938 5.85965
6.61719 5.8738
6.625 5.88797
6.63281 5.90214
6.64062 5.91632
6.64844 5.93051
6.65625 5.94472
6.66406 5.95893
6.67188 5.97315
6.67969 5.98738
6.6875 6.00163
6.69531 6.01588
6.70312 6.03014
6.71094 6.04441
6.71875 6.05869
6.72656 6.07298
6.73438 6.08728
6.74219 6.1016
6.75 6.11592
6.75781 6.13025
6.76562 6.14459
6.77344 6.15894
6.78125 6.1733
6.78906 6.18766
6.79688 6.20204
6.80469 6.21643
6.8125 6.23083
6.82031 6.24524
6.82812 6.25965
6.83594 6.27408
6.84375 6.28852
6.85156 6.30296
6.85938 6.31742
6.86719 6.33189
6.875 6.34636
6.88281 6.36084
6.89062 6.37534
6.89844 6.38984
6.90625 6.40436
6.91406 6.41888
6.92188 6.43341
6.92969 6.44795
6.9375 6.4625
6.94531 6.47706
6.95312 6.49163
6.96094 6.50621
6.96875 6.5208
6.97656 6.5354
6.98438 6.55001
6.99219 6.56462
7 6.57925
7.00781 6.59389
7.01562 6.60853
7.02344 6.62319
7.03125 6.63785
7.03906 6.65252
7.04688 6.66721
7.05469 6.6819
7.0625 6.6966
7.07031 6.71131
7.07812 6.72603
7.08594 6.74076
7.09375 6.7555
7.10156 6.77024
7.10938 6.785
7.11719 6.79977
7.125 6.81454
7.13281 6.82933
7.14062 6.84412
7.14844 6.85892
7.15625 6.87373
7.16406 6.88855
7.17188 6.90338
7.17969 6.91822
7.1875 6.93307
7.19531 6.94793
7.20312 6.9628
7.21094 6.97767
7.21875 6.99256
7.22656 7.00745
7.23438 7.02235
7.24219 7.03726
7.25 7.05219
7.25781 7.06712
7.26562 7.08205
7.27344 7.097
7.28125 7.11196
7.28906 7.12693
7.29688 7.1419
7.30469 7.15688
7.3125 7.17188
7.32031 7.18688
7.32812 7.20189
7.33594 7.21691
7.34375 7.23194
7.35156 7.24697
7.35938 7.26202
7.36719 7.27708
7.375 7.29214
7.38281 7.30721
7.39062 7.3223
7.39844 7.33739
7.40625 7.35249
7.41406 7.36759
7.42188 7.38271
7.42969 7.39784
7.4375 7.41297
7.44531 7.42811
7.45312 7.44327
7.46094 7.45843
7.46875 7.4736
7.47656 7.48878
7.48438 7.50396
7.49219 7.51916
7.5 7.53436
7.50781 7.54958
7.51562 7.5648
7.52344 7.58003
7.53125 7.59527
7.53906 7.61052
7.54688 7.62577
7.55469 7.64104
7.5625 7.65631
7.57031 7.6716
7.57812 7.68689
7.58594 7.70219
7.59375 7.7175
7.60156 7.73281
7.60938 7.74814
7.61719 7.76347
7.625 7.77882
7.63281 7.79417
7.64062 7.80953
7.64844 7.8249
7.65625 7.84027
7.66406 7.85566
7.67188 7.87105
7.67969 7.88646
7.6875 7.90187
7.69531 7.91729
7.70312 7.93271
7.71094 7.94815
7.71875 7.96359
7.72656 7.97905
7.73438 7.99451
7.74219 8.00998
7.75 8.02546
7.75781 8.04095
7.76562 8.05644
7.77344 8.07194
7.78125 8.08746
7.78906 8.10298
7.79688 8.11851
7.80469 8.13404
7.8125 8.14959
7.82031 8.16514
7.82812 8.1807
7.83594 8.19628
7.84375 8.21185
7.85156 8.22744
7.85938 8.24304
7.86719 8.25864
7.875 8.27425
7.88281 8.28987
7.89062 8.3055
7.89844 8.32114
7.90625 8.33678
7.91406 8.35244
7.92188 8.3681
7.92969 8.38377
7.9375 8.39944
7.94531 8.41513
7.95312 8.43082
7.96094 8.44653
7.96875 8.46224
7.97656 8.47796
7.98438 8.49368
7.99219 8.50942
8 8.52516
8.00781 8.54091
8.01562 8.55667
8.02344 8.57244
8.03125 8.58822
8.03906 8.604
8.04688 8.61979
8.05469 8.63559
8.0625 8.6514
8.07031 8.66721
8.07812 8.68304
8.08594 8.69887
8.09375 8.71471
8.10156 8.73056
8.10938 8.74641
8.11719 8.76228
8.125 8.77815
8.13281 8.79403
8.14062 8.80992
8.14844 8.82582
8.15625 8.84172
8.16406 8.85763
8.17188 8.87355
8.17969 8.88948
8.1875 8.90542
8.19531 8.92136
8.20312 8.93731
8.21094 8.95327
8.21875 8.96924
8.22656 8.98521
8.23438 9.0012
8.24219 9.01719
8.25 9.03319
8.25781 9.04919
8.26562 9.06521
8.27344 9.08123
8.28125 9.09726
8.28906 9.1133
8.29688 9.12935
8.30469 9.1454
8.3125 9.16146
8.32031 9.17753
8.32812 9.19361
8.33594 9.20969
8.34375 9.22579
8.35156 9.24189
8.35938 9.258
8.36719 9.27411
8.375 9.29024
8.38281 9.30637
8.39062 9.32251
8.39844 9.33865
8.40625 9.35481
8.41406 9.37097
8.42188 9.38714
8.42969 9.40332
8.4375 9.41951
8.44531 9.4357
8.45312 9.4519
8.46094 9.46811
8.46875 9.48433
8.47656 9.50055
8.48438 9.51678
8.49219 9.53302
8.5 9.54927
8.50781 9.56552
8.51562 9.58178
8.52344 9.59805
8.53125 9.61433
8.53906 9.63062
8.54688 9.64691
8.55469 9.66321
8.5625 9.67952
8.57031 9.69583
8.57812 9.71215
8.58594 9.72848
8.59375 9.74482
8.60156 9.76117
8.60938 9.77752
8.61719 9.79388
8.625 9.81025
8.63281 9.82662
8.64062 9.84301
8.64844 9.8594
8.65625 9.8758
8.66406 9.8922
8.67188 9.90861
8.67969 9.92503
8.6875 9.94146
8.69531 9.9579
8.70312 9.97434
8.71094 9.99079
8.71875 10.0072
8.72656 10.0237
8.73438 10.0402
8.74219 10.0567
8.75 10.0732
8.75781 10.0896
8.76562 10.1061
8.77344 10.1227
8.78125 10.1392
8.78906 10.1557
8.79688 10.1722
8.80469 10.1888
8.8125 10.2053
8.82031 10.2219
8.82812 10.2384
8.83594 10.255
8.84375 10.2716
8.85156 10.2882
8.85938 10.3047
8.86719 10.3213
8.875 10.3379
8.88281 10.3546
8.89062 10.3712
8.89844 10.3878
8.90625 10.4044
8.91406 10.4211
8.92188 10.4377
8.92969 10.4544
8.9375 10.471
8.94531 10.4877
8.95312 10.5044
8.96094 10.5211
8.96875 10.5378
8.97656 10.5545
8.98438 10.5712
8.99219 10.5879
9 10.6046
9.00781 10.6213
9.01562 10.6381
9.02344 10.6548
9.03125 10.6716
9.03906 10.6883
9.04688 10.7051
9.05469 10.7218
9.0625 10.7386
9.07031 10.7554
9.07812 10.7722
9.08594 10.789
9.09375 10.8058
9.10156 10.8226
9.10938 10.8394
9.11719 10.8563
9.125 10.8731
9.13281 10.8899
9.14062 10.9068
9.14844 10.9236
9.15625 10.9405
9.16406 10.9574
9.17188 10.9742
9.17969 10.9911
9.1875 11.008
9.19531 11.0249
9.20312 11.0418
9.21094 11.0587
9.21875 11.0757
9.22656 11.0926
9.23438 11.1095
9.24219 11.1265
9.25 11.1434
9.25781 11.1604
9.26562 11.1773
9.27344 11.1943
9.28125 11.2113
9.28906 11.2282
9.29688 11.2452
9.30469 11.2622
9.3125 11.2792
9.32031 11.2962
9.32812 11.3132
9.33594 11.3303
9.34375 11.3473
9.35156 11.3643
9.35938 11.3814
9.36719 11.3984
9.375 11.4155
9.38281 11.4326
9.39062 11.4496
9.39844 11.4667
9.40625 11.4838
9.41406 11.5009
9.42188 11.518
9.42969 11.5351
9.4375 11.5522
9.44531 11.5693
9.45312 11.5864
9.46094 11.6036
9.46875 11.6207
9.47656 11.6379
9.48438 11.655
9.49219 11.6722
9.5 11.6893
9.50781 11.7065
9.51562 11.7237
9.52344 11.7409
9.53125 11.7581
9.53906 11.7753
9.54688 11.7925
9.55469 11.8097
9.5625 11.8269
9.57031 11.8441
9.57812 11.8614
9.58594 11.8786
9.59375 11.8959
9.60156 11.9131
9.60938 11.9304
9.61719 11.9476
9.625 11.9649
9.63281 11.9822
9.64062 11.9995
9.64844 12.0168
9.65625 12.0341
9.66406 12.0514
9.67188 12.0687
9.67969 12.086
9.6875 12.1033
9.69531 12.1207
9.70312 12.138
9.71094 12.1554
9.71875 12.1727
9.72656 12.1901
9.73438 12.2075
9.74219 12.2248
9.75 12.2422
9.75781 12.2596
9.76562 12.277
9.77344 12.2944
9.78125 12.3118
9.78906 12.3292
9.79688 12.3466
9.80469 12.3641
9.8125 12.3815
9.82031 12.3989
9.82812 12.4164
9.83594 12.4338
9.84375 12.4513
9.85156 12.4687
9.85938 12.4862
9.86719 12.5037
9.875 12.5212
9.88281 12.5387
9.89062 12.5562
9.89844 12.5737
9.90625 12.5912
9.91406 12.6087
9.92188 12.6262
9.92969 12.6438
9.9375 12.6613
9.94531 12.6788
9.95312 12.6964
9.96094 12.7139
9.96875 12.7315
9.97656 12.7491
9.98438 12.7667
9.99219 12.7842
10 12.8018


1 1
2 1
3 2
4 6
5 24
6 120
7 720
8 5040
9 40320
10 362880
11 3.6288e+06


1 0
2 0
3 0.693147
4 1.79176
5 3.17805
6 4.78749
7 6.57925
8 8.52516
9 10.6046
10 12.8018
11 15.1044
