-1.5 0.0221047	0.246913	2.01535	-0.00136071
-1.4697 0.0305592	0.312608	2.31776	-0.00215362
-1.43939 0.0411398	0.387099	2.59181	-0.00323427
-1.40909 0.0540962	0.469135	2.81103	-0.00467095
-1.37879 0.0696274	0.556607	2.94529	-0.00653886
-1.34848 0.0878543	0.646453	2.96221	-0.00891806
-1.31818 0.10879	0.73462	2.82919	-0.0118908
-1.28788 0.132309	0.816096	2.51588	-0.0155375
-1.25758 0.158124	0.885018	1.99702	-0.0199328
-1.22727 0.185754	0.934874	1.25541	-0.0251392
-1.19697 0.21452	0.958786	0.284794	-0.0312021
-1.16667 0.243531	0.949889	-0.907565	-0.038143
-1.13636 0.271693	0.901765	-2.29908	-0.0459531
-1.10606 0.297731	0.808927	-3.85086	-0.0545878
-1.07576 0.320225	0.667311	-5.50791	-0.0639616
-1.04545 0.337659	0.474751	-7.20052	-0.0739443
-1.01515 0.348484	0.231379	-8.84699	-0.0843591
-0.984848 0.351196	-0.0600584	-10.3575	-0.0949826
-0.954545 0.344414	-0.394031	-11.6388	-0.105548
-0.924242 0.326969	-0.7622	-12.5998	-0.115748
-0.893939 0.297984	-1.15358	-13.1576	-0.125247
-0.863636 0.256954	-1.55485	-13.2426	-0.133686
-0.833333 0.203804	-1.95086	-12.8038	-0.140698
-0.80303 0.138938	-2.32526	-11.8133	-0.145919
-0.772727 0.0632677	-2.66121	-10.2688	-0.149009
-0.742424 -0.0217921	-2.94225	-8.1949	-0.149659
-0.712121 -0.11434	-3.15304	-5.64343	-0.147612
-0.681818 -0.21204	-3.28022	-2.69127	-0.142677
-0.651515 -0.312188	-3.31309	0.562696	-0.134737
-0.621212 -0.411805	-3.24424	4.0021	-0.123762
-0.590909 -0.507742	-3.06997	7.49849	-0.109816
-0.560606 -0.5968	-2.79057	10.9174	-0.093059
-0.530303 -0.675849	-2.41045	14.1245	-0.0737473
-0.5 -0.741954	-1.93797	16.992	-0.0522293
-0.469697 -0.79249	-1.38523	19.4042	-0.0289378
-0.439394 -0.825251	-0.767564	21.2624	-0.00437933
-0.409091 -0.838535	-0.10299	22.489	0.0208804
-0.378788 -0.83122	0.588477	23.0305	0.0462327
-0.348485 -0.802812	1.28559	22.8591	0.0710441
-0.318182 -0.753468	1.96665	21.9733	0.0946763
-0.287879 -0.683999	2.61032	20.3971	0.116505
-0.257576 -0.59585	3.19634	18.1786	0.135942
-0.227273 -0.491051	3.70627	15.3877	0.152449
-0.19697 -0.372159	4.12403	12.1122	0.16556
-0.166667 -0.242174	4.43648	8.45494	0.174892
-0.136364 -0.104446	4.63374	4.52922	0.180159
-0.106061 0.0374295	4.70948	0.455041	0.18118
-0.0757576 0.179721	4.66106	-3.64502	0.177886
-0.0454545 0.318673	4.48954	-7.64958	0.170322
-0.0151515 0.450617	4.19959	-11.4419	0.158644
0.0151515 0.572079	3.79933	-14.9131	0.143118
0.0454545 0.679878	3.30001	-17.9646	0.12411
0.0757576 0.77122	2.71568	-20.5102	0.102079
0.106061 0.843772	2.06281	-22.4783	0.0775597
0.136364 0.895731	1.35977	-23.8129	0.0511498
0.166667 0.925875	0.626397	-24.4752	0.0234936
0.19697 0.933598	-0.116565	-24.444	-0.00473714
0.227273 0.918927	-0.848025	-23.7173	-0.0328617
0.257576 0.882529	-1.54712	-22.3125	-0.06021
0.287879 0.825692	-2.19382	-20.2673	-0.0861417
0.318182 0.750288	-2.76955	-17.6394	-0.110064
0.348485 0.658725	-3.25778	-14.5072	-0.13145
0.378788 0.553872	-3.64466	-10.968	-0.149853
0.409091 0.438969	-3.91955	-7.13666	-0.164917
0.439394 0.317526	-4.07553	-3.14269	-0.176391
0.469697 0.193198	-4.10978	0.874075	-0.184132
0.5 0.069664	-4.02379	4.76868	-0.188108
0.530303 -0.0495116	-3.82346	8.39742	-0.188398
0.560606 -0.161007	-3.51892	11.6249	-0.185185
0.590909 -0.261867	-3.12419	14.3316	-0.178747
0.621212 -0.349615	-2.65659	16.4203	-0.169447
0.651515 -0.422336	-2.13596	17.8228	-0.15771
0.681818 -0.478747	-1.58372	18.5039	-0.144015
0.712121 -0.518222	-1.02181	18.464	-0.128867
0.742424 -0.540794	-0.471622	17.739	-0.112779
0.772727 -0.547124	0.047052	16.3982	-0.0962557
0.80303 -0.538436	0.516962	14.5389	-0.0797718
0.833333 -0.516428	0.924159	12.2804	-0.0637578
0.863636 -0.483163	1.25853	9.75523	-0.0485869
0.893939 -0.440951	1.51408	7.10101	-0.0345656
0.924242 -0.392217	1.68895	4.45131	-0.0219285
0.954545 -0.339386	1.78514	1.92796	-0.0108362
0.984848 -0.284767	1.80812	-0.365535	-0.00137761
1.01515 -0.23046	1.76613	-2.34865	0.00642564
1.04545 -0.178282	1.66948	-3.96654	0.0126113
1.07576 -0.129715	1.52972	-5.19065	0.0172672
1.10606 -0.0858848	1.35891	-6.01737	0.0205208
1.13636 -0.0475509	1.16887	-6.46517	0.022528
1.16667 -0.0151275	0.970549	-6.57053	0.0234625
1.19697 0.0112847	0.773612	-6.38314	0.0235056
1.22727 0.0318535	0.586065	-5.96092	0.0228376
1.25758 0.0469618	0.414097	-5.36516	0.0216303
1.28788 0.0571521	0.262046	-4.6562	0.0200412
1.31818 0.0630711	0.13248	-3.88987	0.0182097
1.34848 0.0654187	0.0263806	-3.11486	0.0162548
1.37879 0.0649036	-0.056617	-2.37099	0.0142738
1.40909 0.0622065	-0.117939	-1.68849	0.0123432
1.43939 0.0579527	-0.15978	-1.08792	0.0105194
1.4697 0.0526927	-0.184822	-0.580948	0.00884108
1.5 0.0468917	-0.195976	-0.17143	0.00733138
