-1.5 -0.0143151
-1.4697 -0.016754
-1.43939 -0.0193537
-1.40909 -0.0220598
-1.37879 -0.024801
-1.34848 -0.0274902
-1.31818 -0.030026
-1.28788 -0.0322954
-1.25758 -0.0341792
-1.22727 -0.0355566
-1.19697 -0.0363127
-1.16667 -0.0363458
-1.13636 -0.0355748
-1.10606 -0.0339471
-1.07576 -0.031445
-1.04545 -0.0280907
-1.01515 -0.0239496
-0.984848 -0.0191307
-0.954545 -0.0137845
-0.924242 -0.00809805
-0.893939 -0.00228694
-0.863636 0.00341469
-0.833333 0.00876631
-0.80303 0.0135343
-0.772727 0.0175052
-0.742424 0.0204993
-0.712121 0.0223817
-0.681818 0.0230721
-0.651515 0.0225517
-0.621212 0.0208665
-0.590909 0.0181275
-0.560606 0.0145075
-0.530303 0.0102341
-0.5 0.00558025
-0.469697 0.000851439
-0.439394 -0.00362862
-0.409091 -0.00753403
-0.378788 -0.0105534
-0.348485 -0.0124067
-0.318182 -0.0128608
-0.287879 -0.0117439
-0.257576 -0.00895703
-0.227273 -0.00448258
-0.19697 0.00161168
-0.166667 0.00917242
-0.136364 0.0179657
-0.106061 0.0276864
-0.0757576 0.037972
-0.0454545 0.0484205
-0.0151515 0.0586097
0.0151515 0.0681196
0.0454545 0.076553
0.0757576 0.0835563
0.106061 0.0888358
0.136364 0.0921716
0.166667 0.0934257
0.19697 0.0925453
0.227273 0.0895614
0.257576 0.0845825
0.287879 0.0777841
0.318182 0.0693964
0.348485 0.0596902
0.378788 0.048962
0.409091 0.0375207
0.439394 0.0256752
0.469697 0.0137247
0.5 0.00195076
0.530303 -0.00938794
0.560606 -0.0200594
0.590909 -0.0298602
0.621212 -0.0386172
0.651515 -0.0461883
0.681818 -0.0524633
0.712121 -0.057365
0.742424 -0.0608505
0.772727 -0.062912
0.80303 -0.0635777
0.833333 -0.0629116
0.863636 -0.0610124
0.893939 -0.0580105
0.924242 -0.054064
0.954545 -0.0493529
0.984848 -0.0440716
1.01515 -0.0384214
1.04545 -0.0326017
1.07576 -0.0268016
1.10606 -0.0211926
1.13636 -0.0159224
1.16667 -0.0111096
1.19697 -0.00684188
1.22727 -0.00317426
1.25758 -0.000130852
1.28788 0.0022927
1.31818 0.00412511
1.34848 0.00541455
1.37879 0.00622329
1.40909 0.00662232
1.43939 0.00668631
1.4697 0.00648921
1.5 0.00610065
