-1 0.353227
-0.979798 0.354979
-0.959596 0.352231
-0.939394 0.344682
-0.919192 0.33208
-0.89899 0.314239
-0.878788 0.291036
-0.858586 0.262427
-0.838384 0.228445
-0.818182 0.189209
-0.79798 0.144925
-0.777778 0.0958884
-0.757576 0.042484
-0.737374 -0.0148151
-0.717172 -0.0754506
-0.69697 -0.138784
-0.676768 -0.204102
-0.656566 -0.270626
-0.636364 -0.337521
-0.616162 -0.403906
-0.59596 -0.468865
-0.575758 -0.531464
-0.555556 -0.590763
-0.535354 -0.645831
-0.515152 -0.695761
-0.494949 -0.739686
-0.474747 -0.776797
-0.454545 -0.806352
-0.434343 -0.827697
-0.414141 -0.840274
-0.393939 -0.843635
-0.373737 -0.837453
-0.353535 -0.821531
-0.333333 -0.795804
-0.313131 -0.760352
-0.292929 -0.715393
-0.272727 -0.661287
-0.252525 -0.598536
-0.232323 -0.527773
-0.212121 -0.449759
-0.191919 -0.365369
-0.171717 -0.275586
-0.151515 -0.181481
-0.131313 -0.0841998
-0.111111 0.0150532
-0.0909091 0.115035
-0.0707071 0.214481
-0.0505051 0.312128
-0.030303 0.40673
-0.010101 0.497082
0.010101 0.582034
0.030303 0.660514
0.0505051 0.731539
0.0707071 0.794238
0.0909091 0.847855
0.111111 0.891772
0.131313 0.925507
0.151515 0.948727
0.171717 0.961251
0.191919 0.96305
0.212121 0.954247
0.232323 0.93511
0.252525 0.906051
0.272727 0.867616
0.292929 0.820469
0.313131 0.765387
0.333333 0.703243
0.353535 0.634988
0.373737 0.561637
0.393939 0.484254
0.414141 0.403929
0.434343 0.321764
0.454545 0.238856
0.474747 0.156278
0.494949 0.0750642
0.515152 -0.00380483
0.535354 -0.0794155
0.555556 -0.150933
0.575758 -0.217612
0.59596 -0.278805
0.616162 -0.333968
0.636364 -0.382664
0.656566 -0.424567
0.676768 -0.459464
0.69697 -0.487249
0.717172 -0.507922
0.737374 -0.521587
0.757576 -0.528439
0.777778 -0.528764
0.79798 -0.522923
0.818182 -0.511347
0.838384 -0.494527
0.858586 -0.472998
0.878788 -0.447333
0.89899 -0.418132
0.919192 -0.386007
0.939394 -0.351575
0.959596 -0.315447
0.979798 -0.278219
1 -0.240462
