0.1 1 
0.142466 1.04337 
0.183273 1.08681 
0.222865 1.13069 
0.26152 1.17525 
0.299423 1.22064 
0.336695 1.26698 
0.37342 1.31436 
0.409655 1.36285 
0.445446 1.4125 
0.480824 1.46336 
0.515815 1.51546 
0.550443 1.56884 
0.584724 1.62355 
0.618676 1.67961 
0.652313 1.73705 
0.685649 1.79592 
0.718694 1.85625 
0.751462 1.91807 
0.783963 1.98143 
0.816207 2.04635 
0.848204 2.11287 
0.879963 2.18104 
0.911492 2.25089 
0.9428 2.32246 
0.973894 2.3958 
1.00478 2.47095 
1.03547 2.54794 
1.06597 2.62684 
1.09628 2.70767 
1.12642 2.79049 
1.15638 2.87535 
1.18617 2.9623 
1.21581 3.05138 
1.24528 3.14265 
1.27461 3.23616 
1.30379 3.33197 
1.33283 3.43012 
1.36173 3.53069 
1.39049 3.63372 
1.41913 3.73927 
1.44765 3.84741 
1.47604 3.95821 
1.50432 4.07171 
1.53248 4.188 
1.56053 4.30713 
1.58848 4.42918 
1.61632 4.55422 
1.64406 4.68232 
1.67171 4.81355 
1.69926 4.948 
1.72672 5.08573 
1.75409 5.22683 
1.78137 5.37138 
1.80857 5.51947 
1.83569 5.67117 
1.86273 5.82658 
1.88969 5.9858 
1.91658 6.1489 
1.94339 6.31599 
1.97014 6.48716 
1.99681 6.66252 
2.02342 6.84216 
2.04996 7.02618 
2.07644 7.2147 
2.10286 7.40783 
2.12922 7.60567 
2.15552 7.80835 
2.18177 8.01597 
2.20796 8.22867 
2.2341 8.44655 
2.26018 8.66976 
2.28622 8.89841 
2.3122 9.13265 
2.33814 9.37261 
2.36403 9.61842 
2.38988 9.87024 
2.41568 10.1282 
2.44144 10.3925 
2.46716 10.6632 
2.49284 10.9405 
2.51847 11.2245 
2.54407 11.5156 
2.56963 11.8137 
2.59516 12.1191 
2.62065 12.4319 
2.6461 12.7524 
2.67152 13.0807 
2.69691 13.417 
2.72227 13.7615 
2.74759 14.1144 
2.77288 14.4759 
2.79815 14.8463 
2.82338 15.2257 
2.84859 15.6143 
2.87377 16.0124 
2.89893 16.4202 
2.92405 16.838 
2.94915 17.266 
2.97423 17.7044 
2.99929 18.1535 
3.02431 18.6136 
3.04932 19.0849 
3.07431 19.5676 
3.09927 20.0622 
3.12421 20.5688 
3.14913 21.0878 
3.17403 21.6194 
3.19891 22.1641 
3.22378 22.7219 
3.24862 23.2934 
3.27344 23.8789 
3.29825 24.4786 
3.32304 25.093 
3.34781 25.7223 
3.37257 26.367 
3.39731 27.0274 
3.42204 27.7039 
3.44675 28.3969 
3.47144 29.1068 
3.49612 29.8341 
3.52079 30.579 
3.54544 31.3422 
3.57008 32.1239 
3.59471 32.9248 
3.61932 33.7451 
3.64392 34.5855 
3.66851 35.4463 
3.69308 36.3282 
3.71765 37.2316 
3.7422 38.1569 
3.76675 39.1049 
3.79128 40.076 
3.8158 41.0708 
3.84031 42.0898 
3.86481 43.1337 
3.8893 44.203 
3.91379 45.2985 
3.93826 46.4206 
3.96272 47.5701 
3.98718 48.7477 
4.01162 49.9539 
4.03606 51.1896 
4.06049 52.4554 
4.08491 53.7521 
4.10933 55.0804 
4.13373 56.4411 
4.15813 57.835 
4.18252 59.2629 
4.20691 60.7256 
4.23129 62.224 
4.25566 63.759 
4.28002 65.3313 
4.30438 66.9421 
4.32873 68.5921 
4.35308 70.2823 
4.37742 72.0138 
4.40175 73.7875 
4.42608 75.6044 
4.4504 77.4657 
4.47472 79.3723 
4.49903 81.3255 
4.52334 83.3263 
4.54764 85.3759 
4.57193 87.4754 
4.59623 89.6262 
4.62051 91.8294 
4.6448 94.0864 
4.66908 96.3984 
4.69335 98.7668 
4.71762 101.193 
4.74189 103.678 
4.76615 106.224 
4.79041 108.832 
4.81466 111.504 
4.83891 114.241 
4.86316 117.044 
4.8874 119.916 
4.91164 122.858 
4.93588 125.872 
4.96011 128.959 
4.98434 132.121 
5.00856 135.361 
5.03279 138.68 
5.05701 142.079 
5.08123 145.562 
5.10544 149.129 
5.12965 152.783 
5.15386 156.527 
5.17807 160.362 
5.20227 164.29 
5.22647 168.314 
5.25067 172.437 
5.27487 176.659 
5.29906 180.985 
5.32325 185.416 
5.34744 189.956 
5.37163 194.606 
5.39582 199.369 
5.42 204.249 
5.44418 209.248 
5.46836 214.368 
5.49254 219.614 
5.51671 224.987 
5.54088 230.492 
5.56506 236.13 
5.58923 241.906 
5.61339 247.824 
5.63756 253.885 
5.66172 260.094 
5.68589 266.455 
5.71005 272.97 
5.73421 279.645 
5.75837 286.482 
5.78252 293.487 
5.80668 300.662 
5.83083 308.012 
5.85499 315.541 
5.87914 323.254 
5.90329 331.155 
5.92744 339.248 
5.95159 347.539 
5.97573 356.033 
5.99988 364.733 
6.02402 373.646 
6.04817 382.775 
6.07231 392.128 
6.09645 401.709 
6.12059 411.523 
6.14473 421.577 
6.16887 431.876 
6.193 442.426 
6.21714 453.233 
6.24128 464.304 
6.26541 475.645 
6.28954 487.262 
6.31368 499.163 
6.33781 511.354 
6.36194 523.842 
6.38607 536.635 
6.4102 549.74 
6.43433 563.165 
6.45845 576.917 
6.48258 591.004 
6.50671 605.435 
6.53083 620.218 
6.55496 635.361 
6.57908 650.873 
6.60321 666.764 
6.62733 683.043 
6.65145 699.718 
6.67558 716.801 
6.6997 734.299 
6.72382 752.225 
6.74794 770.588 
6.77206 789.398 
6.79618 808.668 
6.8203 828.407 
6.84441 848.627 
6.86853 869.341 
6.89265 890.56 
6.91677 912.297 
6.94088 934.563 
6.965 957.373 
6.98911 980.739 
7.01323 1004.67 
7.03734 1029.19 
7.06146 1054.31 
7.08557 1080.04 
7.10968 1106.4 
7.1338 1133.4 
7.15791 1161.06 
7.18202 1189.39 
7.20613 1218.42 
7.23025 1248.15 
7.25436 1278.6 
7.27847 1309.8 
7.30258 1341.77 
7.32669 1374.51 
7.3508 1408.05 
7.37491 1442.4 
7.39902 1477.6 
7.42313 1513.65 
7.44724 1550.58 
7.47135 1588.42 
7.49545 1627.17 
7.51956 1666.87 
7.54367 1707.54 
7.56778 1749.2 
7.59189 1791.88 
7.61599 1835.6 
7.6401 1880.38 
7.66421 1926.26 
7.68831 1973.25 
7.71242 2021.39 
7.73653 2070.71 
7.76063 2121.23 
7.78474 2172.98 
7.80884 2225.99 
7.83295 2280.29 
7.85705 2335.92 
7.88116 2392.91 
7.90526 2451.28 
7.92937 2511.08 
7.95347 2572.34 
7.97758 2635.09 
8.00168 2699.38 
8.02578 2765.23 
8.04989 2832.68 
8.07399 2901.78 
8.09809 2972.57 
8.1222 3045.08 
8.1463 3119.36 
8.1704 3195.45 
8.19451 3273.4 
8.21861 3353.25 
8.24271 3435.05 
8.26682 3518.84 
8.29092 3604.67 
8.31502 3692.6 
8.33912 3782.68 
8.36323 3874.94 
8.38733 3969.46 
8.41143 4066.29 
8.43553 4165.48 
8.45963 4267.08 
8.48373 4371.16 
8.50784 4477.78 
8.53194 4587.01 
8.55604 4698.89 
8.58014 4813.51 
8.60424 4930.92 
8.62834 5051.19 
8.65244 5174.39 
8.67654 5300.6 
8.70065 5429.89 
8.72475 5562.33 
8.74885 5698.01 
8.77295 5836.99 
8.79705 5979.36 
8.82115 6125.2 
8.84525 6274.6 
8.86935 6427.64 
8.89345 6584.42 
8.91755 6745.01 
8.94165 6909.53 
8.96575 7078.06 
8.98985 7250.69 
9.01395 7427.54 
9.03805 7608.7 
9.06215 7794.28 
9.08625 7984.38 
9.11035 8179.12 
9.13445 8378.61 
9.15855 8582.97 
9.18265 8792.31 
9.20675 9006.75 
9.23085 9226.43 
9.25495 9451.46 
9.27905 9681.98 
9.30315 9918.12 
9.32725 10160 
9.35135 10407.8 
9.37544 10661.7 
9.39954 10921.7 
9.42364 11188.1 
9.44774 11460.9 
9.47184 11740.5 
9.49594 12026.8 
9.52004 12320.1 
9.54414 12620.6 
9.56824 12928.4 
9.59234 13243.8 
9.61644 13566.8 
9.64053 13897.6 
9.66463 14236.6 
9.68873 14583.8 
9.71283 14939.5 
9.73693 15303.9 
9.76103 15677.1 
9.78513 16059.5 
9.80923 16451.1 
9.83332 16852.4 
9.85742 17263.4 
9.88152 17684.4 
9.90562 18115.7 
9.92972 18557.5 
9.95382 19010.1 
9.97792 19473.8 
10.002 19948.7 
10.0261 20435.3 
10.0502 20933.6 
10.0743 21444.2 
10.0984 21967.2 
10.1225 22502.9 
10.1466 23051.8 
10.1707 23614 
10.1948 24189.9 
10.2189 24779.8 
10.243 25384.2 
10.2671 26003.3 
10.2912 26637.5 
10.3153 27287.1 
10.3394 27952.6 
10.3635 28634.3 
10.3876 29332.7 
10.4117 30048.1 
10.4358 30780.9 
10.4599 31531.6 
10.484 32300.6 
10.5081 33088.4 
10.5322 33895.4 
10.5563 34722 
10.5804 35568.8 
10.6045 36436.3 
10.6286 37324.9 
10.6527 38235.2 
10.6768 39167.7 
10.7009 40123 
10.725 41101.5 
10.7491 42103.9 
10.7732 43130.8 
10.7973 44182.7 
10.8214 45260.2 
10.8455 46364 
10.8696 47494.8 
10.8936 48653.1 
10.9177 49839.7 
10.9418 51055.2 
10.9659 52300.3 
10.99 53575.8 
11.0141 54882.5 
11.0382 56221 
11.0623 57592.1 
11.0864 58996.7 
11.1105 60435.5 
11.1346 61909.4 
11.1587 63419.3 
11.1828 64966 
11.2069 66550.4 
11.231 68173.4 
11.2551 69836.1 
11.2792 71539.2 
11.3033 73283.9 
11.3274 75071.2 
11.3515 76902.1 
11.3756 78777.6 
11.3997 80698.8 
11.4238 82666.9 
11.4479 84683 
11.472 86748.3 
11.4961 88863.9 
11.5202 91031.2 
11.5443 93251.2 
11.5684 95525.5 
11.5925 97855.2 
11.6166 100242 
11.6407 102686 
11.6648 105191 
11.6889 107756 
11.713 110384 
11.7371 113076 
11.7612 115834 
11.7853 118659 
11.8094 121553 
11.8335 124517 
11.8576 127554 
11.8817 130665 
11.9058 133851 
11.9299 137116 
11.954 140460 
11.9781 143885 
12.0022 147394 
12.0262 150989 
12.0503 154671 
12.0744 158444 
12.0985 162308 
12.1226 166266 
12.1467 170321 
12.1708 174475 
12.1949 178730 
12.219 183089 
12.2431 187554 
12.2672 192128 
12.2913 196814 
12.3154 201614 
12.3395 206531 
12.3636 211568 
12.3877 216727 
12.4118 222013 
12.4359 227427 
12.46 232974 
12.4841 238656 
12.5082 244476 
12.5323 250438 
12.5564 256546 
12.5805 262803 
12.6046 269212 
12.6287 275777 
12.6528 282503 
12.6769 289393 
12.701 296451 
12.7251 303680 
12.7492 311087 
12.7733 318673 
12.7974 326445 
12.8215 334407 
12.8456 342562 
12.8697 350917 
12.8938 359475 
12.9179 368242 
12.942 377222 
12.9661 386422 
12.9902 395846 
13.0143 405500 
13.0384 415389 
13.0625 425520 
13.0865 435898 
13.1106 446528 
13.1347 457418 
13.1588 468574 
13.1829 480001 
13.207 491708 
13.2311 503699 
13.2552 515984 
13.2793 528567 
13.3034 541458 
13.3275 554663 
13.3516 568190 
13.3757 582048 
13.3998 596243 
13.4239 610784 
13.448 625680 
13.4721 640939 
13.4962 656570 
13.5203 672582 
13.5444 688985 
13.5685 705788 
13.5926 723001 
13.6167 740634 
13.6408 758696 
13.6649 777199 
13.689 796154 
13.7131 815570 
13.7372 835460 
13.7613 855836 
13.7854 876708 
13.8095 898089 
13.8336 919992 
13.8577 942428 
13.8818 965412 
13.9059 988957 
13.93 1.01308e+06 
13.9541 1.03778e+06 
13.9782 1.06309e+06 
14.0023 1.08902e+06 
14.0264 1.11558e+06 
14.0505 1.14278e+06 
14.0746 1.17065e+06 
14.0987 1.1992e+06 
14.1228 1.22845e+06 
14.1468 1.25841e+06 
14.1709 1.2891e+06 
14.195 1.32054e+06 
14.2191 1.35274e+06 
14.2432 1.38574e+06 
14.2673 1.41953e+06 
14.2914 1.45415e+06 
14.3155 1.48961e+06 
14.3396 1.52594e+06 
14.3637 1.56316e+06 
14.3878 1.60128e+06 
14.4119 1.64033e+06 
14.436 1.68034e+06 
14.4601 1.72132e+06 
14.4842 1.7633e+06 
14.5083 1.8063e+06 
14.5324 1.85035e+06 
14.5565 1.89548e+06 
14.5806 1.9417e+06 
14.6047 1.98906e+06 
14.6288 2.03757e+06 
14.6529 2.08726e+06 
14.677 2.13816e+06 
14.7011 2.19031e+06 
14.7252 2.24373e+06 
14.7493 2.29845e+06 
14.7734 2.3545e+06 
14.7975 2.41192e+06 
14.8216 2.47075e+06 
14.8457 2.531e+06 
14.8698 2.59273e+06 
14.8939 2.65596e+06 
14.918 2.72073e+06 
14.9421 2.78709e+06 
14.9662 2.85506e+06 
14.9903 2.92469e+06 
15.0144 2.99601e+06 
15.0385 3.06908e+06 
15.0626 3.14393e+06 
15.0867 3.2206e+06 
15.1108 3.29915e+06 
15.1349 3.37961e+06 
15.159 3.46203e+06 
15.183 3.54646e+06 
15.2071 3.63295e+06 
15.2312 3.72155e+06 
15.2553 3.81232e+06 
15.2794 3.90529e+06 
15.3035 4.00053e+06 
15.3276 4.0981e+06 
15.3517 4.19804e+06 
15.3758 4.30042e+06 
15.3999 4.4053e+06 
15.424 4.51274e+06 
15.4481 4.6228e+06 
15.4722 4.73554e+06 
15.4963 4.85103e+06 
15.5204 4.96933e+06 
15.5445 5.09053e+06 
15.5686 5.21467e+06 
15.5927 5.34185e+06 
15.6168 5.47213e+06 
15.6409 5.60558e+06 
15.665 5.74229e+06 
15.6891 5.88233e+06 
15.7132 6.02579e+06 
15.7373 6.17275e+06 
15.7614 6.32329e+06 
15.7855 6.4775e+06 
15.8096 6.63548e+06 
15.8337 6.7973e+06 
15.8578 6.96308e+06 
15.8819 7.13289e+06 
15.906 7.30685e+06 
15.9301 7.48505e+06 
15.9542 7.66759e+06 
15.9783 7.85459e+06 
16.0024 8.04615e+06 
16.0265 8.24238e+06 
16.0506 8.44339e+06 
16.0747 8.64931e+06 
16.0988 8.86025e+06 
16.1229 9.07633e+06 
16.147 9.29769e+06 
16.1711 9.52444e+06 
16.1951 9.75672e+06 
16.2192 9.99467e+06 
16.2433 1.02384e+07 
16.2674 1.04881e+07 
16.2915 1.07439e+07 
16.3156 1.10059e+07 
16.3397 1.12743e+07 
16.3638 1.15493e+07 
16.3879 1.1831e+07 
16.412 1.21195e+07 
16.4361 1.24151e+07 
16.4602 1.27178e+07 
16.4843 1.3028e+07 
16.5084 1.33457e+07 
16.5325 1.36712e+07 
16.5566 1.40046e+07 
16.5807 1.43462e+07 
16.6048 1.4696e+07 
16.6289 1.50544e+07 
16.653 1.54216e+07 
16.6771 1.57977e+07 
16.7012 1.6183e+07 
16.7253 1.65776e+07 
16.7494 1.69819e+07 
16.7735 1.73961e+07 
16.7976 1.78203e+07 
16.8217 1.82549e+07 
16.8458 1.87001e+07 
16.8699 1.91562e+07 
16.894 1.96234e+07 
16.9181 2.0102e+07 
16.9422 2.05922e+07 
16.9663 2.10944e+07 
16.9904 2.16089e+07 
17.0145 2.21359e+07 
17.0386 2.26757e+07 
17.0627 2.32287e+07 
17.0868 2.37952e+07 
17.1109 2.43756e+07 
17.135 2.497e+07 
17.1591 2.5579e+07 
17.1832 2.62028e+07 
17.2073 2.68418e+07 
17.2313 2.74965e+07 
17.2554 2.8167e+07 
17.2795 2.8854e+07 
17.3036 2.95577e+07 
17.3277 3.02785e+07 
17.3518 3.1017e+07 
17.3759 3.17734e+07 
17.4 3.25483e+07 
17.4241 3.33421e+07 
17.4482 3.41552e+07 
17.4723 3.49882e+07 
17.4964 3.58415e+07 
17.5205 3.67156e+07 
17.5446 3.7611e+07 
17.5687 3.85283e+07 
17.5928 3.94679e+07 
17.6169 4.04305e+07 
17.641 4.14165e+07 
17.6651 4.24265e+07 
17.6892 4.34612e+07 
17.7133 4.45212e+07 
17.7374 4.5607e+07 
17.7615 4.67192e+07 
17.7856 4.78586e+07 
17.8097 4.90258e+07 
17.8338 5.02214e+07 
17.8579 5.14462e+07 
17.882 5.27009e+07 
17.9061 5.39862e+07 
17.9302 5.53028e+07 
17.9543 5.66515e+07 
17.9784 5.80331e+07 
18.0025 5.94484e+07 
18.0266 6.08983e+07 
18.0507 6.23835e+07 
18.0748 6.39049e+07 
18.0989 6.54634e+07 
18.123 6.70599e+07 
18.1471 6.86954e+07 
18.1712 7.03707e+07 
18.1953 7.20869e+07 
18.2194 7.3845e+07 
18.2435 7.56459e+07 
18.2675 7.74907e+07 
18.2916 7.93806e+07 
18.3157 8.13165e+07 
18.3398 8.32997e+07 
18.3639 8.53312e+07 
18.388 8.74122e+07 
18.4121 8.95441e+07 
18.4362 9.17279e+07 
18.4603 9.39649e+07 
18.4844 9.62565e+07 
18.5085 9.8604e+07 
18.5326 1.01009e+08 
18.5567 1.03472e+08 
18.5808 1.05996e+08 
18.6049 1.08581e+08 
18.629 1.11229e+08 
18.6531 1.13941e+08 
18.6772 1.1672e+08 
18.7013 1.19567e+08 
18.7254 1.22483e+08 
18.7495 1.2547e+08 
18.7736 1.2853e+08 
18.7977 1.31664e+08 
18.8218 1.34875e+08 
18.8459 1.38165e+08 
18.87 1.41534e+08 
18.8941 1.44986e+08 
18.9182 1.48522e+08 
18.9423 1.52144e+08 
18.9664 1.55855e+08 
18.9905 1.59656e+08 
19.0146 1.63549e+08 
19.0387 1.67538e+08 
19.0628 1.71624e+08 
19.0869 1.7581e+08 
19.111 1.80097e+08 
19.1351 1.84489e+08 
19.1592 1.88989e+08 
19.1833 1.93598e+08 
19.2074 1.98319e+08 
19.2315 2.03156e+08 
19.2556 2.0811e+08 
19.2797 2.13186e+08 
19.3037 2.18385e+08 
19.3278 2.23711e+08 
19.3519 2.29167e+08 
19.376 2.34756e+08 
19.4001 2.40481e+08 
19.4242 2.46346e+08 
19.4483 2.52354e+08 
19.4724 2.58508e+08 
19.4965 2.64813e+08 
19.5206 2.71271e+08 
19.5447 2.77887e+08 
19.5688 2.84664e+08 
19.5929 2.91606e+08 
19.617 2.98718e+08 
19.6411 3.06003e+08 
19.6652 3.13466e+08 
19.6893 3.21111e+08 
19.7134 3.28942e+08 
19.7375 3.36964e+08 
19.7616 3.45182e+08 
19.7857 3.536e+08 
19.8098 3.62224e+08 
19.8339 3.71058e+08 
19.858 3.80107e+08 
19.8821 3.89377e+08 
19.9062 3.98873e+08 
19.9303 4.08601e+08 
19.9544 4.18566e+08 
19.9785 4.28774e+08 
20 4.38099e+08 
