x	 y 	 value
0	1	-0.5
0.05	0.975012	-0.498887
0.104316	0.947966	-0.496292
0.161337	0.919766	-0.492021
0.219914	0.891097	-0.485997
0.279269	0.862457	-0.478221
0.338888	0.834203	-0.468742
0.398439	0.806595	-0.457637
0.45771	0.779822	-0.444997
0.516568	0.754022	-0.430921
0.574928	0.729302	-0.415511
0.632742	0.705741	-0.398869
0.689979	0.683401	-0.381097
0.746628	0.662328	-0.362294
0.802683	0.642557	-0.342558
0.858149	0.624113	-0.321983
0.913035	0.607013	-0.30066
0.967353	0.591267	-0.278675
1.02112	0.576878	-0.256112
1.07436	0.563847	-0.233048
1.1271	0.552168	-0.209559
1.17936	0.541832	-0.185713
1.23117	0.532829	-0.161575
1.28258	0.525144	-0.137203
1.33361	0.518764	-0.112653
1.38431	0.513675	-0.0879758
1.43472	0.509861	-0.0632167
1.48488	0.50731	-0.0384184
1.53486	0.506008	-0.0136203
1.58469	0.505946	0.0111409
1.63443	0.507115	0.0358301
1.68414	0.509508	0.0604131
1.73386	0.513121	0.0848561
1.78365	0.517953	0.109124
1.83356	0.524003	0.133182
1.88363	0.531272	0.15699
1.93392	0.539764	0.180509
1.98448	0.54948	0.203693
2.03533	0.560425	0.226496
2.08652	0.5726	0.248866
2.13809	0.586006	0.270748
2.19006	0.600641	0.292082
2.24247	0.616504	0.312806
2.29535	0.633585	0.332853
2.34872	0.651876	0.352154
2.40259	0.67136	0.370634
2.457	0.692018	0.388218
2.51195	0.713823	0.404827
2.56746	0.736745	0.420382
2.62355	0.760745	0.4348
2.68022	0.785778	0.447999
2.73748	0.811793	0.459896
2.79534	0.838729	0.47041
2.8538	0.866519	0.479459
2.91287	0.895086	0.486966
2.97255	0.924348	0.492854
3.03284	0.954212	0.49705
3.09372	0.984578	0.499489
3.15521	1.01534	0.500108
3.21728	1.04637	0.498852
3.27994	1.07756	0.495674
3.34317	1.10877	0.490535
3.40695	1.13986	0.483406
3.47128	1.1707	0.474267
3.53614	1.20112	0.463111
3.6015	1.231	0.449943
3.66735	1.26016	0.434779
3.73366	1.28845	0.417649
3.80042	1.31572	0.398596
3.86758	1.34182	0.377677
3.93514	1.3666	0.354963
4.00306	1.3899	0.330537
4.07131	1.4116	0.304496
4.13986	1.43155	0.27695
4.20869	1.44964	0.248019
4.27777	1.46575	0.217835
4.34707	1.47978	0.18654
4.41656	1.49164	0.154284
4.48622	1.50125	0.121225
4.55601	1.50854	0.0875287
4.62591	1.51347	0.0533632
4.6959	1.51601	0.0189021
4.76595	1.51612	-0.0156789
4.83604	1.51381	-0.0502028
4.90613	1.50909	-0.084493
4.97621	1.50197	-0.118374
5.04626	1.4925	-0.151673
5.11625	1.48074	-0.184222
5.18615	1.46674	-0.215856
5.25594	1.45059	-0.246418
5.32559	1.43238	-0.275757
5.39508	1.41223	-0.303732
5.46439	1.39023	-0.330211
5.53348	1.36653	-0.355072
5.60234	1.34126	-0.378204
5.67092	1.31456	-0.399509
5.7392	1.28659	-0.418901
5.80716	1.2575	-0.43631
5.87477	1.22745	-0.451677
5.94199	1.19661	-0.464958
6.0088	1.16514	-0.476123
6.07517	1.1332	-0.485158
6.14108	1.10096	-0.492061
6.20649	1.06858	-0.496843
6.2714	1.03622	-0.499528
6.33577	1.00401	-0.500155
6.39958	0.972105	-0.498769
6.46282	0.940637	-0.49543
6.52547	0.909731	-0.490202
6.58752	0.879505	-0.483161
6.64896	0.850064	-0.474387
6.70977	0.821507	-0.463968
6.76995	0.793921	-0.451993
6.82949	0.767382	-0.438558
6.8884	0.74196	-0.423758
6.94668	0.717713	-0.407691
7.00432	0.69469	-0.390454
7.06134	0.672932	-0.372145
7.11774	0.652472	-0.352861
7.17352	0.633334	-0.332693
7.22871	0.615537	-0.311735
7.28333	0.599092	-0.290073
7.33737	0.584005	-0.267792
7.39088	0.570277	-0.244973
7.44386	0.557904	-0.221691
7.49636	0.54688	-0.198018
7.54839	0.537194	-0.174021
7.59999	0.528834	-0.14976
7.6512	0.521787	-0.125295
7.70206	0.516037	-0.100676
7.7526	0.51157	-0.0759526
7.80288	0.508372	-0.0511687
7.85294	0.506429	-0.0263652
7.90283	0.505731	-0.00157998
7.95261	0.506268	0.023151
8.00232	0.508032	0.0477934
8.05201	0.511018	0.0723132
8.10175	0.515223	0.0966763
8.15159	0.520646	0.120847
8.20156	0.527287	0.14479
8.25173	0.535149	0.168463
8.30213	0.544235	0.191826
8.35282	0.554546	0.214833
8.40382	0.566087	0.237433
8.45518	0.578859	0.259574
8.50693	0.592861	0.2812
8.55911	0.608092	0.302248
8.61174	0.624546	0.322654
8.66484	0.642215	0.342349
8.71844	0.661085	0.361263
8.77257	0.681141	0.379321
8.82723	0.702358	0.396444
8.88244	0.724708	0.412555
8.93822	0.748157	0.427572
8.99458	0.772664	0.441412
9.05153	0.79818	0.453994
9.10907	0.824649	0.465234
9.16722	0.852007	0.475052
9.22597	0.880184	0.483367
9.28532	0.9091	0.490102
9.34528	0.938666	0.495184
9.40585	0.968787	0.498541
9.46702	0.999358	0.50011
9.52878	1.03027	0.499832
9.59114	1.06139	0.497655
9.65406	1.09261	0.493536
9.71756	1.12378	0.487441
9.7816	1.15477	0.479346
9.84618	1.18543	0.469236
9.91127	1.21562	0.457109
9.97686	1.24517	0.442976
10.0429	1.27393	0.42686
10.1095	1.30176	0.408798
10.1764	1.32849	0.388838
10.2438	1.35397	0.367045
10.3115	1.37806	0.343494
10.3796	1.40061	0.318278
10.4479	1.42149	0.291497
10.5166	1.44056	0.263267
10.5856	1.45771	0.233715
10.6548	1.47284	0.202977
10.7241	1.48584	0.171198
10.7937	1.49662	0.138534
10.8634	1.50513	0.105146
10.9333	1.5113	0.0711999
11.0032	1.51508	0.0368678
11.0732	1.51646	0.00232427
11.1433	1.51541	-0.0322544
11.2134	1.51194	-0.0666913
11.2835	1.50606	-0.10081
11.3535	1.49781	-0.134437
11.4235	1.48724	-0.1674
11.4935	1.47439	-0.199533
11.5633	1.45935	-0.230675
11.633	1.4422	-0.260673
11.7026	1.42305	-0.289379
11.772	1.40199	-0.316656
11.8412	1.37917	-0.342377
11.9102	1.35469	-0.366426
11.9789	1.32872	-0.388697
12.0473	1.30139	-0.409099
12.1155	1.27286	-0.427553
12.1833	1.24329	-0.443994
12.2507	1.21284	-0.458369
12.3177	1.18167	-0.470643
12.3843	1.14996	-0.480793
12.4504	1.11785	-0.48881
12.5161	1.08553	-0.494698
12.5813	1.05313	-0.498476
12.6459	1.02082	-0.500174
12.71	0.988738	-0.499834
12.7736	0.957023	-0.497508
12.8365	0.925806	-0.493258
12.8989	0.895208	-0.487156
12.9606	0.865342	-0.479278
13.0218	0.836309	-0.469708
13.0823	0.808202	-0.458536
13.1421	0.781104	-0.445852
13.2014	0.755088	-0.431754
13.26	0.730217	-0.416338
13.3179	0.706545	-0.399701
13.3753	0.684118	-0.381941
13.432	0.662973	-0.363155
13.4881	0.643138	-0.343438
13.5436	0.624634	-0.322882
13.5985	0.607478	-0.301578
13.6528	0.591677	-0.279611
13.7066	0.577236	-0.257064
13.7598	0.564151	-0.234015
13.8126	0.55242	-0.210537
13.8648	0.542032	-0.186702
13.9167	0.532976	-0.162571
13.9681	0.52524	-0.138206
14.0191	0.51881	-0.113661
14.0698	0.513669	-0.0889858
14.1202	0.509805	-0.0642279
14.1704	0.507204	-0.0394292
14.2203	0.505852	-0.0146292
14.2701	0.505739	0.0101352
14.3199	0.506858	0.034829
14.3696	0.5092	0.0594181
14.4193	0.512763	0.0838687
14.469	0.517544	0.108146
14.5189	0.523542	0.132214
14.569	0.53076	0.156035
14.6192	0.5392	0.179568
14.6698	0.548864	0.202769
14.7206	0.559756	0.225591
14.7717	0.571877	0.247983
14.8233	0.58523	0.269889
14.8752	0.599812	0.291251
14.9276	0.615621	0.312005
14.9804	0.63265	0.332086
15.0338	0.650887	0.351424
15.0876	0.670319	0.369945
15.142	0.690926	0.387573
15.1969	0.712681	0.404231
15.2524	0.735555	0.419838
15.3084	0.759508	0.434312
15.365	0.784498	0.447572
15.4222	0.81047	0.459534
15.4801	0.837368	0.470117
15.5385	0.865122	0.479239
15.5975	0.893658	0.486822
15.6571	0.922893	0.49279
15.7174	0.952734	0.49707
15.7782	0.983082	0.499596
15.8397	1.01383	0.500305
15.9017	1.04486	0.499142
15.9643	1.07604	0.496058
16.0275	1.10726	0.491016
16.0913	1.13837	0.483985
16.1555	1.16922	0.474945
16.2204	1.19968	0.463889
16.2857	1.22959	0.450819
16.3515	1.25879	0.435752
16.4178	1.28714	0.418718
16.4845	1.31447	0.399758
16.5516	1.34064	0.37893
16.6191	1.36549	0.356302
16.687	1.38888	0.331958
16.7553	1.41067	0.305993
16.8238	1.43072	0.278517
16.8926	1.44891	0.24965
16.9616	1.46513	0.219523
17.0309	1.47927	0.188278
17.1004	1.49125	0.156063
17.17	1.50098	0.123037
17.2398	1.5084	0.0893644
17.3097	1.51346	0.0552136
17.3796	1.51612	0.020758
17.4497	1.51636	-0.013827
17.5197	1.51418	-0.0483644
17.5898	1.50959	-0.0826776
17.6599	1.5026	-0.116591
17.7299	1.49326	-0.149932
17.7999	1.48161	-0.182531
17.8698	1.46773	-0.214225
17.9396	1.4517	-0.244855
18.0092	1.4336	-0.274271
18.0787	1.41354	-0.30233
18.148	1.39164	-0.3289
18.2171	1.36803	-0.353858
18.286	1.34284	-0.377093
18.3546	1.31621	-0.398506
18.4228	1.2883	-0.418012
18.4908	1.25926	-0.435538
18.5584	1.22926	-0.451024
18.6256	1.19845	-0.464427
18.6925	1.16701	-0.475716
18.7588	1.13509	-0.484875
18.8248	1.10286	-0.491901
18.8902	1.07048	-0.496806
18.9551	1.03811	-0.499613
19.0195	1.00588	-0.500358
19.0833	0.97395	-0.499089
19.1466	0.942448	-0.495861
19.2093	0.911502	-0.490742
19.2713	0.881228	-0.483805
19.3328	0.851734	-0.475131
19.3936	0.823118	-0.464805
19.4538	0.795467	-0.45292
19.5134	0.76886	-0.439568
19.5723	0.743366	-0.424846
19.6306	0.719044	-0.40885
19.6883	0.695942	-0.39168
19.7454	0.674103	-0.373432
19.8018	0.65356	-0.354203
19.8576	0.634339	-0.334085
19.9128	0.616456	-0.313171
19.9674	0.599925	-0.291548
20	0.590643	-0.278246
