x	 y 	 value
2	2	1.14243
2.12245	2	1.24477
2.2449	2	0.310333
2.36735	2	0.468579
2.4898	2	0.648456
2.61224	2	0.842525
2.73469	2	1.04334
2.85714	2	1.24347
2.97959	2	1.43547
3.10204	2	1.61189
3.22449	2	1.7653
3.34694	2	-0.0436698
3.46939	2	0.0186533
3.59184	2	0.0933326
3.71429	2	0.173551
3.83673	2	0.252493
3.95918	2	0.323341
4.08163	2	0.379278
4.20408	2	0.413488
4.32653	2	0.419155
4.44898	2	-0.416071
4.57143	2	-0.534603
4.69388	2	-0.656919
4.81633	2	-0.782443
4.93878	2	-0.910599
5.06122	2	-1.04081
5.18367	2	-1.17251
5.30612	2	-1.30511
5.42857	2	-1.43804
5.55102	2	-1.57073
5.67347	2	-0.535058
5.79592	2	-0.720848
5.91837	2	-0.905212
6.04082	2	-1.08164
6.16327	2	-1.24362
6.28571	2	-1.38465
6.40816	2	-1.49821
6.53061	2	-1.57779
6.65306	2	-1.61689
6.77551	2	0.30887
6.89796	2	0.275697
7.02041	2	0.248197
7.14286	2	0.230752
7.26531	2	0.227749
7.38776	2	0.24357
7.5102	2	0.282599
7.63265	2	0.349222
7.7551	2	0.447821
7.87755	2	1.27753
8	2	1.43334

2	2.16327	0.962097
2.12245	2.16327	1.02704
2.2449	2.16327	0.361109
2.36735	2.16327	0.507268
2.4898	2.16327	0.672587
2.61224	2.16327	0.851391
2.73469	2.16327	1.03801
2.85714	2.16327	1.22676
2.97959	2.16327	1.41197
3.10204	2.16327	1.58797
3.22449	2.16327	1.74908
3.34694	2.16327	0.164364
3.46939	2.16327	0.209973
3.59184	2.16327	0.269218
3.71429	2.16327	0.339437
3.83673	2.16327	0.417967
3.95918	2.16327	0.502144
4.08163	2.16327	0.589306
4.20408	2.16327	0.67679
4.32653	2.16327	0.761932
4.44898	2.16327	-0.244931
4.57143	2.16327	-0.362378
4.69388	2.16327	-0.479873
4.81633	2.16327	-0.594921
4.93878	2.16327	-0.705027
5.06122	2.16327	-0.807697
5.18367	2.16327	-0.900436
5.30612	2.16327	-0.980749
5.42857	2.16327	-1.04614
5.55102	2.16327	-1.09412
5.67347	2.16327	-0.519301
5.79592	2.16327	-0.692681
5.91837	2.16327	-0.870554
6.04082	2.16327	-1.04886
6.16327	2.16327	-1.22355
6.28571	2.16327	-1.39054
6.40816	2.16327	-1.5458
6.53061	2.16327	-1.68525
6.65306	2.16327	-1.80484
6.77551	2.16327	0.177083
6.89796	2.16327	0.135384
7.02041	2.16327	0.0834385
7.14286	2.16327	0.0215366
7.26531	2.16327	-0.0500313
7.38776	2.16327	-0.130975
7.5102	2.16327	-0.221004
7.63265	2.16327	-0.319828
7.7551	2.16327	-0.427158
7.87755	2.16327	1.14989
8	2.16327	1.28545

2	2.32653	0.484156
2.12245	2.32653	0.476161
2.2449	2.32653	0.433862
2.36735	2.32653	0.545398
2.4898	2.32653	0.667979
2.61224	2.32653	0.800605
2.73469	2.32653	0.942278
2.85714	2.32653	1.092
2.97959	2.32653	1.24877
3.10204	2.32653	1.41159
3.22449	2.32653	1.57946
3.34694	2.32653	0.570445
3.46939	2.32653	0.59326
3.59184	2.32653	0.629873
3.71429	2.32653	0.685052
3.83673	2.32653	0.763559
3.95918	2.32653	0.870161
4.08163	2.32653	1.00962
4.20408	2.32653	1.18671
4.32653	2.32653	1.40619
4.44898	2.32653	0.140097
4.57143	2.32653	0.0476377
4.69388	2.32653	-0.0389099
4.81633	2.32653	-0.115136
4.93878	2.32653	-0.17663
5.06122	2.32653	-0.218982
5.18367	2.32653	-0.237783
5.30612	2.32653	-0.228622
5.42857	2.32653	-0.187089
5.55102	2.32653	-0.108774
5.67347	2.32653	-0.430725
5.79592	2.32653	-0.565085
5.91837	2.32653	-0.715507
6.04082	2.32653	-0.883658
6.16327	2.32653	-1.07121
6.28571	2.32653	-1.27983
6.40816	2.32653	-1.51119
6.53061	2.32653	-1.76695
6.65306	2.32653	-2.04879
6.77551	2.32653	-0.129105
6.89796	2.32653	-0.189518
7.02041	2.32653	-0.285743
7.14286	2.32653	-0.42449
7.26531	2.32653	-0.612467
7.38776	2.32653	-0.856381
7.5102	2.32653	-1.16294
7.63265	2.32653	-1.53885
7.7551	2.32653	-1.99083
7.87755	2.32653	0.769877
8	2.32653	0.85379

2	2.4898	-0.366678
2.12245	2.4898	-0.491017
2.2449	2.4898	0.528656
2.36735	2.4898	0.577593
2.4898	2.4898	0.62243
2.61224	2.4898	0.670449
2.73469	2.4898	0.728929
2.85714	2.4898	0.805153
2.97959	2.4898	0.9064
3.10204	2.4898	1.03995
3.22449	2.4898	1.21309
3.34694	2.4898	1.22004
3.46939	2.4898	1.21305
3.59184	2.4898	1.21856
3.71429	2.4898	1.25272
3.83673	2.4898	1.33172
3.95918	2.4898	1.4717
4.08163	2.4898	1.68884
4.20408	2.4898	1.99929
4.32653	2.4898	2.41922
4.44898	2.4898	0.794335
4.57143	2.4898	0.757003
4.69388	2.4898	0.734201
4.81633	2.4898	0.732175
4.93878	2.4898	0.757169
5.06122	2.4898	0.815426
5.18367	2.4898	0.91319
5.30612	2.4898	1.05671
5.42857	2.4898	1.25222
5.55102	2.4898	1.50597
5.67347	2.4898	-0.246542
5.79592	2.4898	-0.308777
5.91837	2.4898	-0.405535
6.04082	2.4898	-0.548257
6.16327	2.4898	-0.748382
6.28571	2.4898	-1.01735
6.40816	2.4898	-1.3666
6.53061	2.4898	-1.80757
6.65306	2.4898	-2.35171
6.77551	2.4898	-0.651686
6.89796	2.4898	-0.743337
7.02041	2.4898	-0.907919
7.14286	2.4898	-1.16264
7.26531	2.4898	-1.52472
7.38776	2.4898	-2.01137
7.5102	2.4898	-2.6398
7.63265	2.4898	-3.42721
7.7551	2.4898	-4.39083
7.87755	2.4898	0.0714268
8	2.4898	0.0648961

2	2.65306	-1.66569
2.12245	2.65306	-1.95763
2.2449	2.65306	0.645557
2.36735	2.65306	0.598476
2.4898	2.65306	0.523739
2.61224	2.65306	0.441203
2.73469	2.65306	0.370729
2.85714	2.65306	0.332173
2.97959	2.65306	0.345395
3.10204	2.65306	0.430253
3.22449	2.65306	0.606606
3.34694	2.65306	2.15863
3.46939	2.65306	2.11388
3.59184	2.65306	2.07852
3.71429	2.65306	2.08479
3.83673	2.65306	2.1649
3.95918	2.65306	2.35108
4.08163	2.65306	2.67556
4.20408	2.65306	3.17057
4.32653	2.65306	3.86832
4.44898	2.65306	1.7731
4.57143	2.65306	1.82727
4.69388	2.65306	1.90769
4.81633	2.65306	2.02227
4.93878	2.65306	2.17895
5.06122	2.65306	2.38562
5.18367	2.65306	2.65023
5.30612	2.65306	2.98068
5.42857	2.65306	3.38489
5.55102	2.65306	3.8708
5.67347	2.65306	0.0560336
5.79592	2.65306	0.10553
5.91837	2.65306	0.0938956
6.04082	2.65306	-0.00488684
6.16327	2.65306	-0.216833
6.28571	2.65306	-0.567959
6.40816	2.65306	-1.08428
6.53061	2.65306	-1.79181
6.65306	2.65306	-2.71657
6.77551	2.65306	-1.43265
6.89796	2.65306	-1.5704
7.02041	2.65306	-1.83166
7.14286	2.65306	-2.24824
7.26531	2.65306	-2.85197
7.38776	2.65306	-3.67467
7.5102	2.65306	-4.74816
7.63265	2.65306	-6.10427
7.7551	2.65306	-7.77481
7.87755	2.65306	-1.0115
8	2.65306	-1.15472

2	2.81633	-1.18865
2.12245	2.81633	-1.15757
2.2449	2.81633	0.304917
2.36735	2.81633	0.27172
2.4898	2.81633	0.241222
2.61224	2.81633	0.219078
2.73469	2.81633	0.210945
2.85714	2.81633	0.222478
2.97959	2.81633	0.259331
3.10204	2.81633	0.327161
3.22449	2.81633	0.431623
3.34694	2.81633	1.23317
3.46939	2.81633	1.33601
3.59184	2.81633	1.44713
3.71429	2.81633	1.55662
3.83673	2.81633	1.65455
3.95918	2.81633	1.731
4.08163	2.81633	1.77604
4.20408	2.81633	1.77976
4.32653	2.81633	1.73222
4.44898	2.81633	1.22066
4.57143	2.81633	1.35098
4.69388	2.81633	1.46872
4.81633	2.81633	1.55859
4.93878	2.81633	1.60533
5.06122	2.81633	1.59364
5.18367	2.81633	1.50826
5.30612	2.81633	1.3339
5.42857	2.81633	1.0553
5.55102	2.81633	0.657165
5.67347	2.81633	0.0802247
5.79592	2.81633	0.067426
5.91837	2.81633	0.034806
6.04082	2.81633	-0.0220857
6.16327	2.81633	-0.107699
6.28571	2.81633	-0.226486
6.40816	2.81633	-0.382895
6.53061	2.81633	-0.581377
6.65306	2.81633	-0.826384
6.77551	2.81633	-1.15136
6.89796	2.81633	-1.23622
7.02041	2.81633	-1.29129
7.14286	2.81633	-1.30606
7.26531	2.81633	-1.27001
7.38776	2.81633	-1.17264
7.5102	2.81633	-1.00343
7.63265	2.81633	-0.751875
7.7551	2.81633	-0.407462
7.87755	2.81633	-0.812416
8	2.81633	-0.816495

2	2.97959	-1.24417
2.12245	2.97959	-1.2198
2.2449	2.97959	0.378988
2.36735	2.97959	0.342792
2.4898	2.97959	0.309452
2.61224	2.97959	0.285489
2.73469	2.97959	0.277424
2.85714	2.97959	0.291778
2.97959	2.97959	0.335071
3.10204	2.97959	0.413826
3.22449	2.97959	0.534562
3.34694	2.97959	1.29853
3.46939	2.97959	1.41031
3.59184	2.97959	1.5322
3.71429	2.97959	1.65416
3.83673	2.97959	1.76612
3.95918	2.97959	1.85802
4.08163	2.97959	1.91981
4.20408	2.97959	1.94142
4.32653	2.97959	1.9128
4.44898	2.97959	1.22446
4.57143	2.97959	1.36634
4.69388	2.97959	1.49555
4.81633	2.97959	1.59584
4.93878	2.97959	1.65095
5.06122	2.97959	1.64461
5.18367	2.97959	1.56055
5.30612	2.97959	1.38251
5.42857	2.97959	1.09424
5.55102	2.97959	0.67945
5.67347	2.97959	0.0175993
5.79592	2.97959	0.00073884
5.91837	2.97959	-0.039083
6.04082	2.97959	-0.107056
6.16327	2.97959	-0.208368
6.28571	2.97959	-0.348211
6.40816	2.97959	-0.531773
6.53061	2.97959	-0.764243
6.65306	2.97959	-1.05081
6.77551	2.97959	-1.23529
6.89796	2.97959	-1.3352
7.02041	2.97959	-1.40594
7.14286	2.97959	-1.43669
7.26531	2.97959	-1.41658
7.38776	2.97959	-1.33479
7.5102	2.97959	-1.18047
7.63265	2.97959	-0.942774
7.7551	2.97959	-0.610865
7.87755	2.97959	-0.818454
8	2.97959	-0.826666

2	3.14286	-1.1469
2.12245	3.14286	-1.14295
2.2449	3.14286	0.341367
2.36735	3.14286	0.306293
2.4898	3.14286	0.274158
2.61224	3.14286	0.251208
2.73469	3.14286	0.243691
2.85714	3.14286	0.257853
2.97959	3.14286	0.299942
3.10204	3.14286	0.376204
3.22449	3.14286	0.492887
3.34694	3.14286	1.21795
3.46939	3.14286	1.31799
3.59184	3.14286	1.42938
3.71429	3.14286	1.54407
3.83673	3.14286	1.65399
3.95918	3.14286	1.7511
4.08163	3.14286	1.82735
4.20408	3.14286	1.87469
4.32653	3.14286	1.88506
4.44898	3.14286	1.20544
4.57143	3.14286	1.33658
4.69388	3.14286	1.458
4.81633	3.14286	1.5555
4.93878	3.14286	1.61487
5.06122	3.14286	1.6219
5.18367	3.14286	1.56238
5.30612	3.14286	1.4221
5.42857	3.14286	1.18687
5.55102	3.14286	0.842454
5.67347	3.14286	0.118813
5.79592	3.14286	0.102616
5.91837	3.14286	0.0628376
6.04082	3.14286	-0.00589668
6.16327	3.14286	-0.10896
6.28571	3.14286	-0.251725
6.40816	3.14286	-0.439566
6.53061	3.14286	-0.677856
6.65306	3.14286	-0.971968
6.77551	3.14286	-1.07937
6.89796	3.14286	-1.18082
7.02041	3.14286	-1.26222
7.14286	3.14286	-1.31495
7.26531	3.14286	-1.33038
7.38776	3.14286	-1.29989
7.5102	3.14286	-1.21486
7.63265	3.14286	-1.06666
7.7551	3.14286	-0.846676
7.87755	3.14286	-0.757231
8	3.14286	-0.772937

2	3.30612	-0.844254
2.12245	3.30612	-0.878273
2.2449	3.30612	0.155656
2.36735	3.30612	0.127263
2.4898	3.30612	0.101786
2.61224	3.30612	0.0836586
2.73469	3.30612	0.0773132
2.85714	3.30612	0.0871837
2.97959	3.30612	0.117704
3.10204	3.30612	0.173306
3.22449	3.30612	0.258424
3.34694	3.30612	0.943344
3.46939	3.30612	1.00413
3.59184	3.30612	1.07658
3.71429	3.30612	1.15745
3.83673	3.30612	1.24353
3.95918	3.30612	1.33157
4.08163	3.30612	1.41835
4.20408	3.30612	1.50064
4.32653	3.30612	1.57522
4.44898	3.30612	1.15569
4.57143	3.30612	1.24629
4.69388	3.30612	1.33407
4.81633	3.30612	1.41091
4.93878	3.30612	1.46869
5.06122	3.30612	1.49929
5.18367	3.30612	1.49461
5.30612	3.30612	1.44652
5.42857	3.30612	1.34692
5.55102	3.30612	1.18768
5.67347	3.30612	0.437747
5.79592	3.30612	0.428625
5.91837	3.30612	0.398772
6.04082	3.30612	0.343399
6.16327	3.30612	0.257717
6.28571	3.30612	0.136935
6.40816	3.30612	-0.0237341
6.53061	3.30612	-0.229082
6.65306	3.30612	-0.483897
6.77551	3.30612	-0.603409
6.89796	3.30612	-0.687883
7.02041	3.30612	-0.77248
7.14286	3.30612	-0.854154
7.26531	3.30612	-0.929855
7.38776	3.30612	-0.996535
7.5102	3.30612	-1.05114
7.63265	3.30612	-1.09064
7.7551	3.30612	-1.11196
7.87755	3.30612	-0.605135
8	3.30612	-0.632504

2	3.46939	-0.283621
2.12245	3.46939	-0.377015
2.2449	3.46939	-0.214542
2.36735	3.46939	-0.229256
2.4898	3.46939	-0.241213
2.61224	3.46939	-0.249735
2.73469	3.46939	-0.25414
2.85714	3.46939	-0.253749
2.97959	3.46939	-0.247881
3.10204	3.46939	-0.235857
3.22449	3.46939	-0.216995
3.34694	3.46939	0.42665
3.46939	3.46939	0.413782
3.59184	3.46939	0.411682
3.71429	3.46939	0.425427
3.83673	3.46939	0.460094
3.95918	3.46939	0.52076
4.08163	3.46939	0.612502
4.20408	3.46939	0.740395
4.32653	3.46939	0.909518
4.44898	3.46939	1.06731
4.57143	3.46939	1.08006
4.69388	3.46939	1.10175
4.81633	3.46939	1.1354
4.93878	3.46939	1.184
5.06122	3.46939	1.25056
5.18367	3.46939	1.3381
5.30612	3.46939	1.44962
5.42857	3.46939	1.58813
5.55102	3.46939	1.75663
5.67347	3.46939	1.02828
5.79592	3.46939	1.03433
5.91837	3.46939	1.02692
6.04082	3.46939	1.00284
6.16327	3.46939	0.958851
6.28571	3.46939	0.891734
6.40816	3.46939	0.798263
6.53061	3.46939	0.675213
6.65306	3.46939	0.519359
6.77551	3.46939	0.272801
6.89796	3.46939	0.228826
7.02041	3.46939	0.15091
7.14286	3.46939	0.0323669
7.26531	3.46939	-0.133491
7.38776	3.46939	-0.353349
7.5102	3.46939	-0.633893
7.63265	3.46939	-0.981812
7.7551	3.46939	-1.40379
7.87755	3.46939	-0.338553
8	3.46939	-0.38256

2	3.63265	0.587595
2.12245	3.63265	0.409573
2.2449	3.63265	-0.805626
2.36735	3.63265	-0.798224
2.4898	3.63265	-0.788394
2.61224	3.63265	-0.781549
2.73469	3.63265	-0.783101
2.85714	3.63265	-0.798464
2.97959	3.63265	-0.83305
3.10204	3.63265	-0.892272
3.22449	3.63265	-0.981544
3.34694	3.63265	-0.380205
3.46939	3.63265	-0.508007
3.59184	3.63265	-0.627421
3.71429	3.63265	-0.720912
3.83673	3.63265	-0.770946
3.95918	3.63265	-0.759988
4.08163	3.63265	-0.670502
4.20408	3.63265	-0.484956
4.32653	3.63265	-0.185813
4.44898	3.63265	0.932413
4.57143	3.63265	0.822466
4.69388	3.63265	0.739045
4.81633	3.63265	0.702303
4.93878	3.63265	0.732398
5.06122	3.63265	0.849482
5.18367	3.63265	1.07371
5.30612	3.63265	1.42524
5.42857	3.63265	1.92422
5.55102	3.63265	2.59081
5.67347	3.63265	1.9443
5.79592	3.63265	1.9753
5.91837	3.63265	2.0055
6.04082	3.63265	2.03443
6.16327	3.63265	2.06163
6.28571	3.63265	2.08664
6.40816	3.63265	2.10897
6.53061	3.63265	2.12816
6.65306	3.63265	2.14375
6.77551	3.63265	1.62946
6.89796	3.63265	1.65451
7.02041	3.63265	1.59559
7.14286	3.63265	1.4313
7.26531	3.63265	1.14025
7.38776	3.63265	0.701061
7.5102	3.63265	0.0923425
7.63265	3.63265	-0.707292
7.7551	3.63265	-1.71923
7.87755	3.63265	0.0661269
8	3.63265	-0.000297512

2	3.79592	1.82199
2.12245	3.79592	1.53024
2.2449	3.79592	-1.65399
2.36735	3.79592	-1.6146
2.4898	3.79592	-1.57331
2.61224	3.79592	-1.54436
2.73469	3.79592	-1.542
2.85714	3.79592	-1.58048
2.97959	3.79592	-1.67404
3.10204	3.79592	-1.83693
3.22449	3.79592	-2.08339
3.34694	3.79592	-1.52529
3.46939	3.79592	-1.81617
3.59184	3.79592	-2.10283
3.71429	3.79592	-2.35046
3.83673	3.79592	-2.52423
3.95918	3.79592	-2.58934
4.08163	3.79592	-2.51097
4.20408	3.79592	-2.25431
4.32653	3.79592	-1.78454
4.44898	3.79592	0.743093
4.57143	3.79592	0.45809
4.69388	3.79592	0.223941
4.81633	3.79592	0.0849682
4.93878	3.79592	0.0854903
5.06122	3.79592	0.269828
5.18367	3.79592	0.6823
5.30612	3.79592	1.36723
5.42857	3.79592	2.36893
5.55102	3.79592	3.73173
5.67347	3.79592	3.23968
5.79592	3.79592	3.30709
5.91837	3.79592	3.3927
6.04082	3.79592	3.50019
6.16327	3.79592	3.63326
6.28571	3.79592	3.7956
6.40816	3.79592	3.99092
6.53061	3.79592	4.2229
6.65306	3.79592	4.49525
6.77551	3.79592	3.54676
6.89796	3.79592	3.67439
7.02041	3.79592	3.64919
7.14286	3.79592	3.42932
7.26531	3.79592	2.9729
7.38776	3.79592	2.23808
7.5102	3.79592	1.18301
7.63265	3.79592	-0.234184
7.7551	3.79592	-2.05535
7.87755	3.79592	0.632515
8	3.79592	0.537089

2	3.95918	3.47217
2.12245	3.95918	3.03374
2.2449	3.95918	-2.79604
2.36735	3.95918	-2.71334
2.4898	3.95918	-2.6295
2.61224	3.95918	-2.57074
2.73469	3.95918	-2.56327
2.85714	3.95918	-2.63332
2.97959	3.95918	-2.80709
3.10204	3.95918	-3.11082
3.22449	3.95918	-3.57071
3.34694	3.95918	-3.05668
3.46939	3.95918	-3.56566
3.59184	3.95918	-4.07667
3.71429	3.95918	-4.53211
3.83673	3.95918	-4.8744
3.95918	3.95918	-5.04597
4.08163	3.95918	-4.98922
4.20408	3.95918	-4.64657
4.32653	3.95918	-3.96044
4.44898	3.95918	0.491452
4.57143	3.95918	-0.0284867
4.69388	3.95918	-0.465561
4.81633	3.95918	-0.743274
4.93878	3.95918	-0.785128
5.06122	3.95918	-0.514626
5.18367	3.95918	0.14473
5.30612	3.95918	1.26944
5.42857	3.95918	2.93599
5.55102	3.95918	5.22089
5.67347	3.95918	4.9683
5.79592	3.95918	5.08528
5.91837	3.95918	5.24673
6.04082	3.95918	5.46211
6.16327	3.95918	5.74091
6.28571	3.95918	6.0926
6.40816	3.95918	6.52666
6.53061	3.95918	7.05256
6.65306	3.95918	7.67979
6.77551	3.95918	6.1049
6.89796	3.95918	6.37366
7.02041	3.95918	6.39936
7.14286	3.95918	6.11311
7.26531	3.95918	5.44599
7.38776	3.95918	4.3291
7.5102	3.95918	2.69354
7.63265	3.95918	0.470407
7.7551	3.95918	-2.40922
7.87755	3.95918	1.38423
8	3.95918	1.25241

2	4.12245	-1.0972
2.12245	4.12245	-1.17353
2.2449	4.12245	0.261638
2.36735	4.12245	0.101771
2.4898	4.12245	-0.0757529
2.61224	4.12245	-0.262703
2.73469	4.12245	-0.450851
2.85714	4.12245	-0.631965
2.97959	4.12245	-0.797818
3.10204	4.12245	-0.940178
3.22449	4.12245	-1.05082
3.34694	4.12245	0.934912
3.46939	4.12245	0.941995
3.59184	4.12245	0.941235
3.71429	4.12245	0.93152
3.83673	4.12245	0.911735
3.95918	4.12245	0.880766
4.08163	4.12245	0.837499
4.20408	4.12245	0.780821
4.32653	4.12245	0.709617
4.44898	4.12245	1.33022
4.57143	4.12245	1.52227
4.69388	4.12245	1.71
4.81633	4.12245	1.88338
4.93878	4.12245	2.03237
5.06122	4.12245	2.14694
5.18367	4.12245	2.21705
5.30612	4.12245	2.23266
5.42857	4.12245	2.18374
5.55102	4.12245	2.06026
5.67347	4.12245	1.04631
5.79592	4.12245	1.22448
5.91837	4.12245	1.39133
6.04082	4.12245	1.53825
6.16327	4.12245	1.65664
6.28571	4.12245	1.73788
6.40816	4.12245	1.77338
6.53061	4.12245	1.75451
6.65306	4.12245	1.67268
6.77551	4.12245	-0.270715
6.89796	4.12245	-0.275007
7.02041	4.12245	-0.267285
7.14286	4.12245	-0.245967
7.26531	4.12245	-0.209475
7.38776	4.12245	-0.156228
7.5102	4.12245	-0.0846457
7.63265	4.12245	0.00685204
7.7551	4.12245	0.119845
7.87755	4.12245	-1.08193
8	4.12245	-1.22994

2	4.28571	-0.509638
2.12245	4.28571	-0.53938
2.2449	4.28571	0.178781
2.36735	4.28571	0.0501722
2.4898	4.28571	-0.0895224
2.61224	4.28571	-0.236708
2.73469	4.28571	-0.387792
2.85714	4.28571	-0.539178
2.97959	4.28571	-0.687275
3.10204	4.28571	-0.828487
3.22449	4.28571	-0.959221
3.34694	4.28571	0.528182
3.46939	4.28571	0.539777
3.59184	4.28571	0.543265
3.71429	4.28571	0.533072
3.83673	4.28571	0.503627
3.95918	4.28571	0.449358
4.08163	4.28571	0.364692
4.20408	4.28571	0.244057
4.32653	4.28571	0.0818813
4.44898	4.28571	1.04457
4.57143	4.28571	1.20107
4.69388	4.28571	1.35088
4.81633	4.28571	1.48463
4.93878	4.28571	1.59298
5.06122	4.28571	1.66656
5.18367	4.28571	1.69603
5.30612	4.28571	1.67202
5.42857	4.28571	1.58519
5.55102	4.28571	1.42617
5.67347	4.28571	1.17606
5.79592	4.28571	1.32538
5.91837	4.28571	1.47453
6.04082	4.28571	1.61997
6.16327	4.28571	1.75814
6.28571	4.28571	1.88551
6.40816	4.28571	1.99852
6.53061	4.28571	2.09364
6.65306	4.28571	2.16731
6.77551	4.28571	0.253104
6.89796	4.28571	0.271527
7.02041	4.28571	0.316167
7.14286	4.28571	0.392415
7.26531	4.28571	0.505662
7.38776	4.28571	0.6613
7.5102	4.28571	0.864721
7.63265	4.28571	1.12131
7.7551	4.28571	1.43647
7.87755	4.28571	-0.643473
8	4.28571	-0.753608

2	4.44898	0.588717
2.12245	4.44898	0.637155
2.2449	4.44898	0.0276843
2.36735	4.44898	-0.039843
2.4898	4.44898	-0.105265
2.61224	4.44898	-0.173942
2.73469	4.44898	-0.251236
2.85714	4.44898	-0.342507
2.97959	4.44898	-0.453118
3.10204	4.44898	-0.588429
3.22449	4.44898	-0.753802
3.34694	4.44898	-0.183328
3.46939	4.44898	-0.176221
3.59184	4.44898	-0.176659
3.71429	4.44898	-0.196869
3.83673	4.44898	-0.249079
3.95918	4.44898	-0.345515
4.08163	4.44898	-0.498405
4.20408	4.44898	-0.719974
4.32653	4.44898	-1.02245
4.44898	4.44898	0.524284
4.57143	4.44898	0.599536
4.69388	4.44898	0.665405
4.81633	4.44898	0.715585
4.93878	4.44898	0.743771
5.06122	4.44898	0.743657
5.18367	4.44898	0.708939
5.30612	4.44898	0.63331
5.42857	4.44898	0.510466
5.55102	4.44898	0.334102
5.67347	4.44898	1.37895
5.79592	4.44898	1.47165
5.91837	4.44898	1.58394
6.04082	4.44898	1.72163
6.16327	4.44898	1.89055
6.28571	4.44898	2.09651
6.40816	4.44898	2.34532
6.53061	4.44898	2.64279
6.65306	4.44898	2.99475
6.77551	4.44898	1.20485
6.89796	4.44898	1.2687
7.02041	4.44898	1.37778
7.14286	4.44898	1.54273
7.26531	4.44898	1.77421
7.38776	4.44898	2.08286
7.5102	4.44898	2.47932
7.63265	4.44898	2.97426
7.7551	4.44898	3.57831
7.87755	4.44898	0.187821
8	4.44898	0.150216

2	4.61224	2.30588
2.12245	4.61224	2.47014
2.2449	4.61224	-0.200855
2.36735	4.61224	-0.171358
2.4898	4.61224	-0.118575
2.61224	4.61224	-0.0620237
2.73469	4.61224	-0.0212224
2.85714	4.61224	-0.0156891
2.97959	4.61224	-0.0649421
3.10204	4.61224	-0.188499
3.22449	4.61224	-0.405879
3.34694	4.61224	-1.25972
3.46939	4.61224	-1.2684
3.59184	4.61224	-1.28302
3.71429	4.61224	-1.32506
3.83673	4.61224	-1.41596
3.95918	4.61224	-1.57718
4.08163	4.61224	-1.83019
4.20408	4.61224	-2.19645
4.32653	4.61224	-2.6974
4.44898	4.61224	-0.281702
4.57143	4.61224	-0.343168
4.69388	4.61224	-0.417013
4.81633	4.61224	-0.503576
4.93878	4.61224	-0.603197
5.06122	4.61224	-0.716218
5.18367	4.61224	-0.842978
5.30612	4.61224	-0.983819
5.42857	4.61224	-1.13908
5.55102	4.61224	-1.3091
5.67347	4.61224	1.66554
5.79592	4.61224	1.66813
5.91837	4.61224	1.72039
6.04082	4.61224	1.84265
6.16327	4.61224	2.05524
6.28571	4.61224	2.37852
6.40816	4.61224	2.83282
6.53061	4.61224	3.43847
6.65306	4.61224	4.21583
6.77551	4.61224	2.67222
6.89796	4.61224	2.80891
7.02041	4.61224	3.01534
7.14286	4.61224	3.30907
7.26531	4.61224	3.70768
7.38776	4.61224	4.22874
7.5102	4.61224	4.88983
7.63265	4.61224	5.7085
7.7551	4.61224	6.70234
7.87755	4.61224	1.49709
8	4.61224	1.57373

2	4.77551	4.74988
2.12245	4.77551	5.07365
2.2449	4.77551	-0.516039
2.36735	4.77551	-0.347457
2.4898	4.77551	-0.125049
2.61224	4.77551	0.111426
2.73469	4.77551	0.322209
2.85714	4.77551	0.467539
2.97959	4.77551	0.507659
3.10204	4.77551	0.402808
3.22449	4.77551	0.113227
3.34694	4.77551	-2.76108
3.46939	4.77551	-2.79915
3.59184	4.77551	-2.84032
3.71429	4.77551	-2.91825
3.83673	4.77551	-3.06659
3.95918	4.77551	-3.31898
4.08163	4.77551	-3.70908
4.20408	4.77551	-4.27053
4.32653	4.77551	-5.03699
4.44898	4.77551	-1.42443
4.57143	4.77551	-1.68786
4.69388	4.77551	-1.96697
4.81633	4.77551	-2.25267
4.93878	4.77551	-2.53588
5.06122	4.77551	-2.80751
5.18367	4.77551	-3.05848
5.30612	4.77551	-3.27971
5.42857	4.77551	-3.46211
5.55102	4.77551	-3.59659
5.67347	4.77551	2.04637
5.79592	4.77551	1.91968
5.91837	4.77551	1.88472
6.04082	4.77551	1.98239
6.16327	4.77551	2.25358
6.28571	4.77551	2.73917
6.40816	4.77551	3.48007
6.53061	4.77551	4.51717
6.65306	4.77551	5.89135
6.77551	4.77551	4.74294
6.89796	4.77551	4.98457
7.02041	4.77551	5.32664
7.14286	4.77551	5.79552
7.26531	4.77551	6.41759
7.38776	4.77551	7.21926
7.5102	4.77551	8.22689
7.63265	4.77551	9.46687
7.7551	4.77551	10.9656
7.87755	4.77551	3.36948
8	4.77551	3.60914

2	4.93878	8.02873
2.12245	4.93878	8.56173
2.2449	4.93878	-0.927069
2.36735	4.93878	-0.571223
2.4898	4.93878	-0.120281
2.61224	4.93878	0.358789
2.73469	4.93878	0.799019
2.85714	4.93878	1.13344
2.97959	4.93878	1.29509
3.10204	4.93878	1.217
3.22449	4.93878	0.832193
3.34694	4.93878	-4.74752
3.46939	4.93878	-4.83087
3.59184	4.93878	-4.91304
3.71429	4.93878	-5.04321
3.83673	4.93878	-5.27055
3.95918	4.93878	-5.64424
4.08163	4.93878	-6.21347
4.20408	4.93878	-7.02741
4.32653	4.93878	-8.13523
4.44898	4.93878	-2.95496
4.57143	4.93878	-3.49537
4.69388	4.93878	-4.05506
4.81633	4.93878	-4.61152
4.93878	4.93878	-5.14222
5.06122	4.93878	-5.62466
5.18367	4.93878	-6.03633
5.30612	4.93878	-6.3547
5.42857	4.93878	-6.55728
5.55102	4.93878	-6.62154
5.67347	4.93878	2.53199
5.79592	4.93878	2.23113
5.91837	4.93878	2.07777
6.04082	4.93878	2.14026
6.16327	4.93878	2.48693
6.28571	4.93878	3.18611
6.40816	4.93878	4.30615
6.53061	4.93878	5.91538
6.65306	4.93878	8.08214
6.77551	4.93878	7.50471
6.89796	4.93878	7.88808
7.02041	4.93878	8.40946
7.14286	4.93878	9.10615
7.26531	4.93878	10.0155
7.38776	4.93878	11.1747
7.5102	4.93878	12.6212
7.63265	4.93878	14.3922
7.7551	4.93878	16.525
7.87755	4.93878	5.89013
8	4.93878	6.34864

2	5.10204	12.2505
2.12245	5.10204	13.0485
2.2449	5.10204	-1.44315
2.36735	5.10204	-0.845739
2.4898	5.10204	-0.0998666
2.61224	5.10204	0.692444
2.73469	5.10204	1.42917
2.85714	5.10204	2.00828
2.97959	5.10204	2.32776
3.10204	5.10204	2.28557
3.22449	5.10204	1.7797
3.34694	5.10204	-7.27914
3.46939	5.10204	-7.42597
3.59184	5.10204	-7.56567
3.71429	5.10204	-7.76668
3.83673	5.10204	-8.09741
3.95918	5.10204	-8.6263
4.08163	5.10204	-9.42176
4.20408	5.10204	-10.5522
4.32653	5.10204	-12.0861
4.44898	5.10204	-4.92433
4.57143	5.10204	-5.82652
4.69388	5.10204	-6.75189
4.81633	5.10204	-7.65994
4.93878	5.10204	-8.51018
5.06122	5.10204	-9.26212
5.18367	5.10204	-9.87527
5.30612	5.10204	-10.3091
5.42857	5.10204	-10.5232
5.55102	5.10204	-10.4771
5.67347	5.10204	3.13297
5.79592	5.10204	2.60733
5.91837	5.10204	2.30038
6.04082	5.10204	2.31564
6.16327	5.10204	2.75665
6.28571	5.10204	3.72696
6.40816	5.10204	5.3301
6.53061	5.10204	7.6696
6.65306	5.10204	10.849
6.77551	5.10204	11.0452
6.89796	5.10204	11.6118
7.02041	5.10204	12.3616
7.14286	5.10204	13.3451
7.26531	5.10204	14.6128
7.38776	5.10204	16.2153
7.5102	5.10204	18.2033
7.63265	5.10204	20.6272
7.7551	5.10204	23.5377
7.87755	5.10204	9.14418
8	5.10204	9.88443

2	5.26531	17.5231
2.12245	5.26531	18.6479
2.2449	5.26531	-2.07347
2.36735	5.26531	-1.17409
2.4898	5.26531	-0.0594016
2.61224	5.26531	1.12477
2.73469	5.26531	2.23262
2.85714	5.26531	3.11832
2.97959	5.26531	3.63606
3.10204	5.26531	3.64004
3.22449	5.26531	2.98443
3.34694	5.26531	-10.416
3.46939	5.26531	-10.6468
3.59184	5.26531	-10.8627
3.71429	5.26531	-11.1554
3.83673	5.26531	-11.6168
3.95918	5.26531	-12.3385
4.08163	5.26531	-13.4124
4.20408	5.26531	-14.9302
4.32653	5.26531	-16.9838
4.44898	5.26531	-7.3836
4.57143	5.26531	-8.74214
4.69388	5.26531	-10.128
4.81633	5.26531	-11.4778
4.93878	5.26531	-12.7277
5.06122	5.26531	-13.8143
5.18367	5.26531	-14.6741
5.30612	5.26531	-15.2434
5.42857	5.26531	-15.4587
5.55102	5.26531	-15.2564
5.67347	5.26531	3.85984
5.79592	5.26531	3.05313
5.91837	5.26531	2.55337
6.04082	5.26531	2.50792
6.16327	5.26531	3.06413
6.28571	5.26531	4.36936
6.40816	5.26531	6.57097
6.53061	5.26531	9.81632
6.65306	5.26531	14.2528
6.77551	5.26531	15.4522
6.89796	5.26531	16.2483
7.02041	5.26531	17.2808
7.14286	5.26531	18.6163
7.26531	5.26531	20.3211
7.38776	5.26531	22.4615
7.5102	5.26531	25.104
7.63265	5.26531	28.3149
7.7551	5.26531	32.1606
7.87755	5.26531	13.2168
8	5.26531	14.3087

2	5.42857	1.48505
2.12245	5.42857	1.57618
2.2449	5.42857	0.919917
2.36735	5.42857	0.910467
2.4898	5.42857	0.899446
2.61224	5.42857	0.882038
2.73469	5.42857	0.853428
2.85714	5.42857	0.808799
2.97959	5.42857	0.743336
3.10204	5.42857	0.652223
3.22449	5.42857	0.530644
3.34694	5.42857	0.183125
3.46939	5.42857	0.186856
3.59184	5.42857	0.176141
3.71429	5.42857	0.141921
3.83673	5.42857	0.0751377
3.95918	5.42857	-0.0332683
4.08163	5.42857	-0.192356
4.20408	5.42857	-0.411184
4.32653	5.42857	-0.698811
4.44898	5.42857	-0.00201521
4.57143	5.42857	0.0126909
4.69388	5.42857	0.0170009
4.81633	5.42857	0.00687523
4.93878	5.42857	-0.0217259
5.06122	5.42857	-0.0728421
5.18367	5.42857	-0.150513
5.30612	5.42857	-0.258778
5.42857	5.42857	-0.401678
5.55102	5.42857	-0.583251
5.67347	5.42857	0.606486
5.79592	5.42857	0.660085
5.91837	5.42857	0.734515
6.04082	5.42857	0.834435
6.16327	5.42857	0.964501
6.28571	5.42857	1.12937
6.40816	5.42857	1.3337
6.53061	5.42857	1.58215
6.65306	5.42857	1.87937
6.77551	5.42857	1.31677
6.89796	5.42857	1.40513
7.02041	5.42857	1.53393
7.14286	5.42857	1.71052
7.26531	5.42857	1.94227
7.38776	5.42857	2.23653
7.5102	5.42857	2.60065
7.63265	5.42857	3.04198
7.7551	5.42857	3.56789
7.87755	5.42857	1.27982
8	5.42857	1.2983

2	5.59184	1.60588
2.12245	5.59184	1.82709
2.2449	5.59184	1.49039
2.36735	5.59184	1.50444
2.4898	5.59184	1.52667
2.61224	5.59184	1.55139
2.73469	5.59184	1.57293
2.85714	5.59184	1.58561
2.97959	5.59184	1.58375
3.10204	5.59184	1.56168
3.22449	5.59184	1.51372
3.34694	5.59184	0.570275
3.46939	5.59184	0.671272
3.59184	5.59184	0.760489
3.71429	5.59184	0.813327
3.83673	5.59184	0.805189
3.95918	5.59184	0.711475
4.08163	5.59184	0.507588
4.20408	5.59184	0.16893
4.32653	5.59184	-0.329098
4.44898	5.59184	-0.0998178
4.57143	5.59184	-0.0351398
4.69388	5.59184	0.00170953
4.81633	5.59184	-0.00623662
4.93878	5.59184	-0.0759451
5.06122	5.59184	-0.224383
5.18367	5.59184	-0.468516
5.30612	5.59184	-0.825313
5.42857	5.59184	-1.31174
5.55102	5.59184	-1.94476
5.67347	5.59184	0.0472808
5.79592	5.59184	0.0382574
5.91837	5.59184	0.0523404
6.04082	5.59184	0.0982556
6.16327	5.59184	0.184729
6.28571	5.59184	0.320486
6.40816	5.59184	0.514253
6.53061	5.59184	0.774756
6.65306	5.59184	1.11072
6.77551	5.59184	0.886278
6.89796	5.59184	0.945744
7.02041	5.59184	1.10258
7.14286	5.59184	1.38069
7.26531	5.59184	1.80395
7.38776	5.59184	2.39626
7.5102	5.59184	3.18152
7.63265	5.59184	4.18361
7.7551	5.59184	5.42643
7.87755	5.59184	1.63831
8	5.59184	1.7288

2	5.7551	1.76569
2.12245	5.7551	2.16531
2.2449	5.7551	2.32224
2.36735	5.7551	2.36971
2.4898	5.7551	2.43961
2.61224	5.7551	2.52523
2.73469	5.7551	2.61986
2.85714	5.7551	2.7168
2.97959	5.7551	2.80932
3.10204	5.7551	2.89073
3.22449	5.7551	2.95431
3.34694	5.7551	1.14065
3.46939	5.7551	1.37908
3.59184	5.7551	1.61068
3.71429	5.7551	1.78929
3.83673	5.7551	1.86874
3.95918	5.7551	1.80289
4.08163	5.7551	1.54555
4.20408	5.7551	1.05059
4.32653	5.7551	0.271825
4.44898	5.7551	-0.247184
4.57143	5.7551	-0.112175
4.69388	5.7551	-0.0290848
4.81633	5.7551	-0.0329799
4.93878	5.7551	-0.158929
5.06122	5.7551	-0.441999
5.18367	5.7551	-0.917259
5.30612	5.7551	-1.61978
5.42857	5.7551	-2.58462
5.55102	5.7551	-3.84686
5.67347	5.7551	-0.78068
5.79592	5.7551	-0.88147
5.91837	5.7551	-0.957424
6.04082	5.7551	-0.994316
6.16327	5.7551	-0.977918
6.28571	5.7551	-0.894004
6.40816	5.7551	-0.728346
6.53061	5.7551	-0.466718
6.65306	5.7551	-0.0948935
6.77551	5.7551	0.247309
6.89796	5.7551	0.26042
7.02041	5.7551	0.448864
7.14286	5.7551	0.859517
7.26531	5.7551	1.53925
7.38776	5.7551	2.53495
7.5102	5.7551	3.89348
7.63265	5.7551	5.66172
7.7551	5.7551	7.88654
7.87755	5.7551	2.15434
8	5.7551	2.34576

2	5.91837	1.9707
2.12245	5.91837	2.60377
2.2449	5.91837	3.45552
2.36735	5.91837	3.54776
2.4898	5.91837	3.68188
2.61224	5.91837	3.84995
2.73469	5.91837	4.04405
2.85714	5.91837	4.25623
2.97959	5.91837	4.47859
3.10204	5.91837	4.70318
3.22449	5.91837	4.92209
3.34694	5.91837	1.92203
3.46939	5.91837	2.34385
3.59184	5.91837	2.76646
3.71429	5.91837	3.11528
3.83673	5.91837	3.31569
3.95918	5.91837	3.29312
4.08163	5.91837	2.97295
4.20408	5.91837	2.28061
4.32653	5.91837	1.14148
4.44898	5.91837	-0.452245
4.57143	5.91837	-0.223627
4.69388	5.91837	-0.0786035
4.81633	5.91837	-0.0762566
4.93878	5.91837	-0.275666
5.06122	5.91837	-0.735913
5.18367	5.91837	-1.51608
5.30612	5.91837	-2.67524
5.42857	5.91837	-4.27248
5.55102	5.91837	-6.36688
5.67347	5.91837	-1.91833
5.79592	5.91837	-2.1444
5.91837	5.91837	-2.3446
6.04082	5.91837	-2.49759
6.16327	5.91837	-2.582
6.28571	5.91837	-2.57648
6.40816	5.91837	-2.45968
6.53061	5.91837	-2.21025
6.65306	5.91837	-1.80682
6.77551	5.91837	-0.631083
6.89796	5.91837	-0.684591
7.02041	5.91837	-0.46087
7.14286	5.91837	0.117292
7.26531	5.91837	1.12711
7.38776	5.91837	2.64579
7.5102	5.91837	4.75054
7.63265	5.91837	7.51859
7.7551	5.91837	11.0271
7.87755	5.91837	2.85233
8	5.91837	3.17772

2	6.08163	2.22712
2.12245	6.08163	3.15536
2.2449	6.08163	4.9303
2.36735	6.08163	5.0801
2.4898	6.08163	5.2971
2.61224	6.08163	5.57194
2.73469	6.08163	5.89529
2.85714	6.08163	6.25778
2.97959	6.08163	6.65007
3.10204	6.08163	7.06283
3.22449	6.08163	7.48668
3.34694	6.08163	2.9422
3.46939	6.08163	3.59916
3.59184	6.08163	4.2676
3.71429	6.08163	4.83677
3.83673	6.08163	5.19593
3.95918	6.08163	5.23432
4.08163	6.08163	4.8412
4.20408	6.08163	3.9058
4.32653	6.08163	2.31739
4.44898	6.08163	-0.723133
4.57143	6.08163	-0.374704
4.69388	6.08163	-0.150068
4.81633	6.08163	-0.138969
4.93878	6.08163	-0.431147
5.06122	6.08163	-1.11635
5.18367	6.08163	-2.28431
5.30612	6.08163	-4.02477
5.42857	6.08163	-6.42748
5.55102	6.08163	-9.58218
5.67347	6.08163	-3.40659
5.79592	6.08163	-3.79582
5.91837	6.08163	-4.15901
6.04082	6.08163	-4.46586
6.16327	6.08163	-4.68607
6.28571	6.08163	-4.78934
6.40816	6.08163	-4.74535
6.53061	6.08163	-4.52381
6.65306	6.08163	-4.09442
6.77551	6.08163	-1.77985
6.89796	6.08163	-1.92303
7.02041	6.08163	-1.66026
7.14286	6.08163	-0.875711
7.26531	6.08163	0.546428
7.38776	6.08163	2.72197
7.5102	6.08163	5.76672
7.63265	6.08163	9.79651
7.7551	6.08163	14.9271
7.87755	6.08163	3.75673
8	6.08163	4.25326

2	6.2449	2.54115
2.12245	6.2449	3.83298
2.2449	6.2449	6.78662
2.36735	6.2449	7.00822
2.4898	6.2449	7.32887
2.61224	6.2449	7.73759
2.73469	6.2449	8.22339
2.85714	6.2449	8.77529
2.97959	6.2449	9.38231
3.10204	6.2449	10.0335
3.22449	6.2449	10.7178
3.34694	6.2449	4.22895
3.46939	6.2449	5.17858
3.59184	6.2449	6.15384
3.71429	6.2449	6.99926
3.83673	6.2449	7.55935
3.95918	6.2449	7.67865
4.08163	6.2449	7.20169
4.20408	6.2449	5.97299
4.32653	6.2449	3.83707
4.44898	6.2449	-1.06798
4.57143	6.2449	-0.570617
4.69388	6.2449	-0.246701
4.81633	6.2449	-0.224019
4.93878	6.2449	-0.630362
5.06122	6.2449	-1.59352
5.18367	6.2449	-3.24128
5.30612	6.2449	-5.70144
5.42857	6.2449	-9.10179
5.55102	6.2449	-13.5701
5.67347	6.2449	-5.28639
5.79592	6.2449	-5.88104
5.91837	6.2449	-6.45048
6.04082	6.2449	-6.95346
6.16327	6.2449	-7.3487
6.28571	6.2449	-7.59495
6.40816	6.2449	-7.65093
6.53061	6.2449	-7.47539
6.65306	6.2449	-7.02705
6.77551	6.2449	-3.22993
6.89796	6.2449	-3.48866
7.02041	6.2449	-3.18295
7.14286	6.2449	-2.14922
7.26531	6.2449	-0.223863
7.38776	6.2449	2.75669
7.5102	6.2449	6.95604
7.63265	6.2449	12.5378
7.7551	6.2449	19.6655
7.87755	6.2449	4.89196
8	6.2449	5.60092

2	6.40816	2.919
2.12245	6.40816	4.64954
2.2449	6.40816	9.06455
2.36735	6.40816	9.37361
2.4898	6.40816	9.82081
2.61224	6.40816	10.3933
2.73469	6.40816	11.0782
2.85714	6.40816	11.8626
2.97959	6.40816	12.7338
3.10204	6.40816	13.6789
3.22449	6.40816	14.685
3.34694	6.40816	5.81006
3.46939	6.40816	7.11569
3.59184	6.40816	8.46494
3.71429	6.40816	9.6482
3.83673	6.40816	10.4558
3.95918	6.40816	10.6783
4.08163	6.40816	10.1058
4.20408	6.40816	8.52898
4.32653	6.40816	5.73805
4.44898	6.40816	-1.49491
4.57143	6.40816	-0.816578
4.69388	6.40816	-0.371722
4.81633	6.40816	-0.334308
4.93878	6.40816	-0.878299
5.06122	6.40816	-2.17766
5.18367	6.40816	-4.40634
5.30612	6.40816	-7.73832
5.42857	6.40816	-12.3475
5.55102	6.40816	-18.408
5.67347	6.40816	-7.59866
5.79592	6.40816	-8.44535
5.91837	6.40816	-9.26883
6.04082	6.40816	-10.0147
6.16327	6.40816	-10.6284
6.28571	6.40816	-11.0557
6.40816	6.40816	-11.242
6.53061	6.40816	-11.1329
6.65306	6.40816	-10.6741
6.77551	6.40816	-5.01227
6.89796	6.40816	-5.41521
7.02041	6.40816	-5.06258
7.14286	6.40816	-3.73294
7.26531	6.40816	-1.20485
7.38776	6.40816	2.74316
7.5102	6.40816	8.33251
7.63265	6.40816	15.7847
7.7551	6.40816	25.3211
7.87755	6.40816	6.28247
8	6.40816	7.24928

2	6.57143	3.36689
2.12245	6.57143	5.61794
2.2449	6.57143	11.8041
2.36735	6.57143	12.2178
2.4898	6.57143	12.8165
2.61224	6.57143	13.5854
2.73469	6.57143	14.5094
2.85714	6.57143	15.5737
2.97959	6.57143	16.7632
3.10204	6.57143	18.0629
3.22449	6.57143	19.458
3.34694	6.57143	7.7133
3.46939	6.57143	9.44406
3.59184	6.57143	11.2407
3.71429	6.57143	12.8291
3.83673	6.57143	13.9353
3.95918	6.57143	14.2853
4.08163	6.57143	13.6051
4.20408	6.57143	11.6206
4.32653	6.57143	8.05785
4.44898	6.57143	-2.01207
4.57143	6.57143	-1.1178
4.69388	6.57143	-0.528354
4.81633	6.57143	-0.47274
4.93878	6.57143	-1.17995
5.06122	6.57143	-2.87897
5.18367	6.57143	-5.79882
5.30612	6.57143	-10.1685
5.42857	6.57143	-16.2169
5.55102	6.57143	-24.1732
5.67347	6.57143	-10.3843
5.79592	6.57143	-11.5341
5.91837	6.57143	-12.6639
6.04082	6.57143	-13.7038
6.16327	6.57143	-14.5839
6.28571	6.57143	-15.234
6.40816	6.57143	-15.5842
6.53061	6.57143	-15.5645
6.65306	6.57143	-15.1048
6.77551	6.57143	-7.15782
6.89796	6.57143	-7.73643
7.02041	6.57143	-7.3328
7.14286	6.57143	-5.65662
7.26531	6.57143	-2.4176
7.38776	6.57143	2.67455
7.5102	6.57143	9.91015
7.63265	6.57143	19.5795
7.7551	6.57143	31.9728
7.87755	6.57143	7.95267
8	6.57143	9.22689

2	6.73469	-1.89653
2.12245	6.73469	-2.0023
2.2449	6.73469	2.76967
2.36735	6.73469	2.66814
2.4898	6.73469	2.53217
2.61224	6.73469	2.39163
2.73469	6.73469	2.27639
2.85714	6.73469	2.21632
2.97959	6.73469	2.24127
3.10204	6.73469	2.38111
3.22449	6.73469	2.66572
3.34694	6.73469	4.15182
3.46939	6.73469	4.29311
3.59184	6.73469	4.43505
3.71429	6.73469	4.58655
3.83673	6.73469	4.75651
3.95918	6.73469	4.95382
4.08163	6.73469	5.18738
4.20408	6.73469	5.4661
4.32653	6.73469	5.79887
4.44898	6.73469	2.31688
4.57143	6.73469	2.5913
4.69388	6.73469	2.85705
4.81633	6.73469	3.09137
4.93878	6.73469	3.27146
5.06122	6.73469	3.37454
5.18367	6.73469	3.37781
5.30612	6.73469	3.25851
5.42857	6.73469	2.99382
5.55102	6.73469	2.56098
5.67347	6.73469	-0.917434
5.79592	6.73469	-0.861001
5.91837	6.73469	-0.875678
6.04082	6.73469	-0.991402
6.16327	6.73469	-1.23811
6.28571	6.73469	-1.64573
6.40816	6.73469	-2.24421
6.53061	6.73469	-3.06347
6.65306	6.73469	-4.13346
6.77551	6.73469	-2.66257
6.89796	6.73469	-2.86024
7.02041	6.73469	-3.07638
7.14286	6.73469	-3.31559
7.26531	6.73469	-3.58246
7.38776	6.73469	-3.88159
7.5102	6.73469	-4.21755
7.63265	6.73469	-4.59496
7.7551	6.73469	-5.01841
7.87755	6.73469	-0.519174
8	6.73469	-0.627703

2	6.89796	-4.61544
2.12245	6.89796	-4.81103
2.2449	6.89796	3.91776
2.36735	6.89796	3.66194
2.4898	6.89796	3.34206
2.61224	6.89796	3.01279
2.73469	6.89796	2.72884
2.85714	6.89796	2.54488
2.97959	6.89796	2.51561
3.10204	6.89796	2.6957
3.22449	6.89796	3.13986
3.34694	6.89796	6.61332
3.46939	6.89796	6.87913
3.59184	6.89796	7.14511
3.71429	6.89796	7.42186
3.83673	6.89796	7.72
3.95918	6.89796	8.05012
4.08163	6.89796	8.42284
4.20408	6.89796	8.84875
4.32653	6.89796	9.33848
4.44898	6.89796	3.90026
4.57143	6.89796	4.47459
4.69388	6.89796	5.02934
4.81633	6.89796	5.51845
4.93878	6.89796	5.8958
5.06122	6.89796	6.1153
5.18367	6.89796	6.13087
5.30612	6.89796	5.89641
5.42857	6.89796	5.36582
5.55102	6.89796	4.49301
5.67347	6.89796	-1.64438
5.79592	6.89796	-1.48239
5.91837	6.89796	-1.44316
6.04082	6.89796	-1.57904
6.16327	6.89796	-1.94233
6.28571	6.89796	-2.58536
6.40816	6.89796	-3.56045
6.53061	6.89796	-4.91994
6.65306	6.89796	-6.71613
6.77551	6.89796	-5.39428
6.89796	6.89796	-5.75413
7.02041	6.89796	-6.12178
7.14286	6.89796	-6.49839
7.26531	6.89796	-6.88511
7.38776	6.89796	-7.28309
7.5102	6.89796	-7.69348
7.63265	6.89796	-8.11744
7.7551	6.89796	-8.55611
7.87755	6.89796	-2.30525
8	6.89796	-2.55704

2	7.06122	-8.15801
2.12245	7.06122	-8.46903
2.2449	7.06122	5.3953
2.36735	7.06122	4.93836
2.4898	7.06122	4.37869
2.61224	7.06122	3.80332
2.73469	7.06122	3.29932
2.85714	7.06122	2.95371
2.97959	7.06122	2.85354
3.10204	7.06122	3.08587
3.22449	7.06122	3.73772
3.34694	7.06122	9.78407
3.46939	7.06122	10.216
3.59184	7.06122	10.6475
3.71429	7.06122	11.0908
3.83673	7.06122	11.5583
3.95918	7.06122	12.0624
4.08163	7.06122	12.6154
4.20408	7.06122	13.2296
4.32653	7.06122	13.9175
4.44898	7.06122	5.94763
4.57143	7.06122	6.91637
4.69388	7.06122	7.85098
4.81633	7.06122	8.67456
4.93878	7.06122	9.31022
5.06122	7.06122	9.68105
5.18367	7.06122	9.71017
5.30612	7.06122	9.32066
5.42857	7.06122	8.43563
5.55102	7.06122	6.97819
5.67347	7.06122	-2.57819
5.79592	7.06122	-2.27903
5.91837	7.06122	-2.16968
6.04082	7.06122	-2.33152
6.16327	7.06122	-2.84598
6.28571	7.06122	-3.79445
6.40816	7.06122	-5.25835
6.53061	7.06122	-7.31908
6.65306	7.06122	-10.058
6.77551	7.06122	-8.93981
6.89796	7.06122	-9.51284
7.02041	7.06122	-10.0779
7.14286	7.06122	-10.6313
7.26531	7.06122	-11.169
7.38776	7.06122	-11.6873
7.5102	7.06122	-12.1822
7.63265	7.06122	-12.65
7.7551	7.06122	-13.0867
7.87755	7.06122	-4.63939
8	7.06122	-5.0783

2	7.22449	-12.6213
2.12245	7.22449	-13.0763
2.2449	7.22449	7.23833
2.36735	7.22449	6.52799
2.4898	7.22449	5.66616
2.61224	7.22449	4.78066
2.73469	7.22449	3.99929
2.85714	7.22449	3.44987
2.97959	7.22449	3.2602
3.10204	7.22449	3.5581
3.22449	7.22449	4.47138
3.34694	7.22449	13.7452
3.46939	7.22449	14.39
3.59184	7.22449	15.0334
3.71429	7.22449	15.6895
3.83673	7.22449	16.3725
3.95918	7.22449	17.0965
4.08163	7.22449	17.8756
4.20408	7.22449	18.7239
4.32653	7.22449	19.6557
4.44898	7.22449	8.51419
4.57143	7.22449	9.983
4.69388	7.22449	11.399
4.81633	7.22449	12.6462
4.93878	7.22449	13.6083
5.06122	7.22449	14.1694
5.18367	7.22449	14.2133
5.30612	7.22449	13.624
5.42857	7.22449	12.2854
5.55102	7.22449	10.0813
5.67347	7.22449	-3.74068
5.79592	7.22449	-3.26911
5.91837	7.22449	-3.0715
6.04082	7.22449	-3.26581
6.16327	7.22449	-3.97
6.28571	7.22449	-5.30202
6.40816	7.22449	-7.37983
6.53061	7.22449	-10.3214
6.65306	7.22449	-14.2447
6.77551	7.22449	-13.3934
6.89796	7.22449	-14.2367
7.02041	7.22449	-15.0505
7.14286	7.22449	-15.8244
7.26531	7.22449	-16.5476
7.38776	7.22449	-17.2096
7.5102	7.22449	-17.7998
7.63265	7.22449	-18.3075
7.7551	7.22449	-18.7222
7.87755	7.22449	-7.58723
8	7.22449	-8.26228

2	7.38776	-18.1025
2.12245	7.38776	-18.7329
2.2449	7.38776	9.48287
2.36735	7.38776	8.46142
2.4898	7.38776	7.22859
2.61224	7.38776	5.96223
2.73469	7.38776	4.84023
2.85714	7.38776	4.04043
2.97959	7.38776	3.7407
3.10204	7.38776	4.11891
3.22449	7.38776	5.35292
3.34694	7.38776	18.578
3.46939	7.38776	19.4872
3.59184	7.38776	20.3939
3.71429	7.38776	21.3141
3.83673	7.38776	22.2635
3.95918	7.38776	23.2582
4.08163	7.38776	24.314
4.20408	7.38776	25.4468
4.32653	7.38776	26.6726
4.44898	7.38776	11.6552
4.57143	7.38776	13.7408
4.69388	7.38776	15.7505
4.81633	7.38776	17.5197
4.93878	7.38776	18.8837
5.06122	7.38776	19.678
5.18367	7.38776	19.7381
5.30612	7.38776	18.8993
5.42857	7.38776	16.9971
5.55102	7.38776	13.867
5.67347	7.38776	-5.15367
5.79592	7.38776	-4.47078
5.91837	7.38776	-4.16493
6.04082	7.38776	-4.39885
6.16327	7.38776	-5.33531
6.28571	7.38776	-7.13705
6.40816	7.38776	-9.96682
6.53061	7.38776	-13.9874
6.65306	7.38776	-19.3614
6.77551	7.38776	-18.8495
6.89796	7.38776	-20.0259
7.02041	7.38776	-21.1451
7.14286	7.38776	-22.1877
7.26531	7.38776	-23.1343
7.38776	7.38776	-23.9656
7.5102	7.38776	-24.6623
7.63265	7.38776	-25.2049
7.7551	7.38776	-25.5743
7.87755	7.38776	-11.2144
8	7.38776	-12.1797

2	7.55102	-24.6987
2.12245	7.55102	-25.5387
2.2449	7.55102	12.165
2.36735	7.55102	10.7692
2.4898	7.55102	9.09006
2.61224	7.55102	7.36548
2.73469	7.55102	5.83358
2.85714	7.55102	4.73245
2.97959	7.55102	4.30016
3.10204	7.55102	4.77478
3.22449	7.55102	6.39441
3.34694	7.55102	24.3634
3.46939	7.55102	25.5938
3.59184	7.55102	26.8204
3.71429	7.55102	28.0607
3.83673	7.55102	29.3325
3.95918	7.55102	30.6535
4.08163	7.55102	32.0413
4.20408	7.55102	33.5135
4.32653	7.55102	35.0879
4.44898	7.55102	15.4257
4.57143	7.55102	18.2563
4.69388	7.55102	20.9826
4.81633	7.55102	23.3816
4.93878	7.55102	25.2299
5.06122	7.55102	26.3045
5.18367	7.55102	26.382
5.30612	7.55102	25.2392
5.42857	7.55102	22.653
5.55102	7.55102	18.4002
5.67347	7.55102	-6.83898
5.79592	7.55102	-5.90222
5.91837	7.55102	-5.46624
6.04082	7.55102	-5.7476
6.16327	7.55102	-6.96285
6.28571	7.55102	-9.32854
6.40816	7.55102	-13.0612
6.53061	7.55102	-18.3775
6.65306	7.55102	-25.4938
6.77551	7.55102	-25.4021
6.89796	7.55102	-26.9809
7.02041	7.55102	-28.4674
7.14286	7.55102	-29.8313
7.26531	7.55102	-31.0426
7.38776	7.55102	-32.0708
7.5102	7.55102	-32.8858
7.63265	7.55102	-33.4573
7.7551	7.55102	-33.755
7.87755	7.55102	-15.5867
8	7.55102	-16.9015

2	7.71429	-32.507
2.12245	7.71429	-33.5938
2.2449	7.71429	15.3207
2.36735	7.71429	13.4821
2.4898	7.71429	11.2747
2.61224	7.71429	9.00782
2.73469	7.71429	6.99082
2.85714	7.71429	5.533
2.97959	7.71429	4.94369
3.10204	7.71429	5.53223
3.22449	7.71429	7.60793
3.34694	7.71429	31.1828
3.46939	7.71429	32.7961
3.59184	7.71429	34.4039
3.71429	7.71429	36.0255
3.83673	7.71429	37.6805
3.95918	7.71429	39.3881
4.08163	7.71429	41.1679
4.20408	7.71429	43.0392
4.32653	7.71429	45.0214
4.44898	7.71429	19.8812
4.57143	7.71429	23.5956
4.69388	7.71429	27.1723
4.81633	7.71429	30.3182
4.93878	7.71429	32.7406
5.06122	7.71429	34.1464
5.18367	7.71429	34.2427
5.30612	7.71429	32.7366
5.42857	7.71429	29.3352
5.55102	7.71429	23.7455
5.67347	7.71429	-8.81843
5.79592	7.71429	-7.5816
5.91837	7.71429	-6.99174
6.04082	7.71429	-7.32901
6.16327	7.71429	-8.87355
6.28571	7.71429	-11.9055
6.40816	7.71429	-16.705
6.53061	7.71429	-23.5522
6.65306	7.71429	-32.7273
6.77551	7.71429	-33.1458
6.89796	7.71429	-35.2018
7.02041	7.71429	-37.1229
7.14286	7.71429	-38.8654
7.26531	7.71429	-40.3858
7.38776	7.71429	-41.6407
7.5102	7.71429	-42.5864
7.63265	7.71429	-43.1794
7.7551	7.71429	-43.3762
7.87755	7.71429	-20.7696
8	7.71429	-22.4982

2	7.87755	-41.6245
2.12245	7.87755	-42.9983
2.2449	7.87755	18.986
2.36735	7.87755	16.6305
2.4898	7.87755	13.8066
2.61224	7.87755	10.9067
2.73469	7.87755	8.3234
2.85714	7.87755	6.44915
2.97959	7.87755	5.67643
3.10204	7.87755	6.39774
3.22449	7.87755	9.00557
3.34694	7.87755	39.1172
3.46939	7.87755	41.1801
3.59184	7.87755	43.2356
3.71429	7.87755	45.3046
3.83673	7.87755	47.4085
3.95918	7.87755	49.5681
4.08163	7.87755	51.8045
4.20408	7.87755	54.139
4.32653	7.87755	56.5925
4.44898	7.87755	25.0766
4.57143	7.87755	29.8252
4.69388	7.87755	34.3966
4.81633	7.87755	38.4162
4.93878	7.87755	41.5093
5.06122	7.87755	43.3014
5.18367	7.87755	43.4179
5.30612	7.87755	41.4842
5.42857	7.87755	37.1257
5.55102	7.87755	29.9677
5.67347	7.87755	-11.1138
5.79592	7.87755	-9.52708
5.91837	7.87755	-8.75771
6.04082	7.87755	-9.16003
6.16327	7.87755	-11.0883
6.28571	7.87755	-14.8969
6.40816	7.87755	-20.9401
6.53061	7.87755	-29.5721
6.65306	7.87755	-41.1473
6.77551	7.87755	-42.1746
6.89796	7.87755	-44.7891
7.02041	7.87755	-47.2173
7.14286	7.87755	-49.4
7.26531	7.87755	-51.2776
7.38776	7.87755	-52.7908
7.5102	7.87755	-53.8801
7.63265	7.87755	-54.4863
7.7551	7.87755	-54.5498
7.87755	7.87755	-26.8289
8	7.87755	-29.0408

2	8.04082	-3.69305
2.12245	8.04082	-4.68266
2.2449	8.04082	-0.0564442
2.36735	8.04082	-0.38453
2.4898	8.04082	-0.817487
2.61224	8.04082	-1.30862
2.73469	8.04082	-1.81125
2.85714	8.04082	-2.27867
2.97959	8.04082	-2.6642
3.10204	8.04082	-2.92114
3.22449	8.04082	-3.00281
3.34694	8.04082	3.7689
3.46939	8.04082	3.37721
3.59184	8.04082	2.97709
3.71429	8.04082	2.67409
3.83673	8.04082	2.57373
3.95918	8.04082	2.78154
4.08163	8.04082	3.40304
4.20408	8.04082	4.54377
4.32653	8.04082	6.30924
4.44898	8.04082	5.35625
4.57143	8.04082	5.47966
4.69388	8.04082	5.70022
4.81633	8.04082	6.06404
4.93878	8.04082	6.61727
5.06122	8.04082	7.40603
5.18367	8.04082	8.47644
5.30612	8.04082	9.87465
5.42857	8.04082	11.6468
5.55102	8.04082	13.8389
5.67347	8.04082	3.90613
5.79592	8.04082	4.38984
5.91837	8.04082	4.75982
6.04082	8.04082	4.95067
6.16327	8.04082	4.89696
6.28571	8.04082	4.53329
6.40816	8.04082	3.79424
6.53061	8.04082	2.6144
6.65306	8.04082	0.928368
6.77551	8.04082	-0.444076
6.89796	8.04082	-0.576204
7.02041	8.04082	-1.08042
7.14286	8.04082	-2.06173
7.26531	8.04082	-3.6251
7.38776	8.04082	-5.87553
7.5102	8.04082	-8.91801
7.63265	8.04082	-12.8575
7.7551	8.04082	-17.7991
7.87755	8.04082	-3.47049
8	8.04082	-4.11269

2	8.20408	-5.65308
2.12245	8.20408	-7.05452
2.2449	8.20408	-0.586696
2.36735	8.20408	-1.09889
2.4898	8.20408	-1.76842
2.61224	8.20408	-2.52837
2.73469	8.20408	-3.3118
2.85714	8.20408	-4.05178
2.97959	8.20408	-4.68136
3.10204	8.20408	-5.13362
3.22449	8.20408	-5.34162
3.34694	8.20408	4.74872
3.46939	8.20408	4.17652
3.59184	8.20408	3.58225
3.71429	8.20408	3.11479
3.83673	8.20408	2.923
3.95918	8.20408	3.15572
4.08163	8.20408	3.96184
4.20408	8.20408	5.49021
4.32653	8.20408	7.88969
4.44898	8.20408	7.23965
4.57143	8.20408	7.45045
4.69388	8.20408	7.79707
4.81633	8.20408	8.34385
4.93878	8.20408	9.15511
5.06122	8.20408	10.2952
5.18367	8.20408	11.8285
5.30612	8.20408	13.8192
5.42857	8.20408	16.3318
5.55102	8.20408	19.4306
5.67347	8.20408	5.53355
5.79592	8.20408	6.29065
5.91837	8.20408	6.89605
6.04082	8.20408	7.25716
6.16327	8.20408	7.28139
6.28571	8.20408	6.87614
6.40816	8.20408	5.94883
6.53061	8.20408	4.40687
6.65306	8.20408	2.15767
6.77551	8.20408	-0.729466
6.89796	8.20408	-0.876395
7.02041	8.20408	-1.53644
7.14286	8.20408	-2.85691
7.26531	8.20408	-4.98512
7.38776	8.20408	-8.06839
7.5102	8.20408	-12.254
7.63265	8.20408	-17.6893
7.7551	8.20408	-24.5217
7.87755	8.20408	-5.51257
8	8.20408	-6.46458

2	8.36735	-8.06519
2.12245	8.36735	-9.9665
2.2449	8.36735	-1.25838
2.36735	8.36735	-1.99682
2.4898	8.36735	-2.95731
2.61224	8.36735	-4.04814
2.73469	8.36735	-5.17757
2.85714	8.36735	-6.25388
2.97959	8.36735	-7.18536
3.10204	8.36735	-7.88027
3.22449	8.36735	-8.2469
3.34694	8.36735	5.92977
3.46939	8.36735	5.1392
3.59184	8.36735	4.30907
3.71429	8.36735	3.64078
3.83673	8.36735	3.33574
3.95918	8.36735	3.59536
4.08163	8.36735	4.62103
4.20408	8.36735	6.61417
4.32653	8.36735	9.77617
4.44898	8.36735	9.55347
4.57143	8.36735	9.87465
4.69388	8.36735	10.3784
4.81633	8.36735	11.1508
4.93878	8.36735	12.2781
5.06122	8.36735	13.8464
5.18367	8.36735	15.942
5.30612	8.36735	18.6509
5.42857	8.36735	22.0594
5.55102	8.36735	26.2537
5.67347	8.36735	7.55001
5.79592	8.36735	8.64412
5.91837	8.36735	9.5409
6.04082	8.36735	10.1146
6.16327	8.36735	10.2394
6.28571	8.36735	9.78955
6.40816	8.36735	8.63936
6.53061	8.36735	6.66303
6.65306	8.36735	3.7348
6.77551	8.36735	-1.07301
6.89796	8.36735	-1.23608
7.02041	8.36735	-2.08222
7.14286	8.36735	-3.81003
7.26531	8.36735	-6.61808
7.38776	8.36735	-10.7049
7.5102	8.36735	-16.2692
7.63265	8.36735	-23.5094
7.7551	8.36735	-32.6242
7.87755	8.36735	-8.03621
8	8.36735	-9.36758

2	8.53061	-10.9733
2.12245	8.53061	-13.4706
2.2449	8.53061	-2.08662
2.36735	8.53061	-3.09745
2.4898	8.53061	-4.40845
2.61224	8.53061	-5.89811
2.73469	8.53061	-7.44498
2.85714	8.53061	-8.92755
2.97959	8.53061	-10.2243
3.10204	8.53061	-11.2139
3.22449	8.53061	-11.7747
3.34694	8.53061	7.33045
3.46939	8.53061	6.28022
3.59184	8.53061	5.16867
3.71429	8.53061	4.2598
3.83673	8.53061	3.8176
3.95918	8.53061	4.10607
4.08163	8.53061	5.38921
4.20408	8.53061	7.93101
4.32653	8.53061	11.9955
4.44898	8.53061	12.3398
4.57143	8.53061	12.7967
4.69388	8.53061	13.4916
4.81633	8.53061	14.5364
4.93878	8.53061	16.0432
5.06122	8.53061	18.1238
5.18367	8.53061	20.8902
5.30612	8.53061	24.4544
5.42857	8.53061	28.9283
5.55102	8.53061	34.4239
5.67347	8.53061	9.99416
5.79592	8.53061	11.495
5.91837	8.53061	12.7445
6.04082	8.53061	13.5772
6.16327	8.53061	13.8276
6.28571	8.53061	13.3302
6.40816	8.53061	11.9197
6.53061	8.53061	9.43037
6.65306	8.53061	5.69689
6.77551	8.53061	-1.48013
6.89796	8.53061	-1.6607
7.02041	8.53061	-2.72585
7.14286	8.53061	-4.93517
7.26531	8.53061	-8.54827
7.38776	8.53061	-13.8247
7.5102	8.53061	-21.0242
7.63265	8.53061	-30.4062
7.7551	8.53061	-42.2304
7.87755	8.53061	-11.0887
8	8.53061	-12.8755

2	8.69388	-14.4212
2.12245	8.69388	-17.6187
2.2449	8.69388	-3.08652
2.36735	8.69388	-4.41989
2.4898	8.69388	-6.1461
2.61224	8.69388	-8.1085
2.73469	8.69388	-10.1505
2.85714	8.69388	-12.1153
2.97959	8.69388	-13.8464
3.10204	8.69388	-15.1872
3.22449	8.69388	-15.9809
3.34694	8.69388	8.96914
3.46939	8.69388	7.61453
3.59184	8.69388	6.17219
3.71429	8.69388	4.97959
3.83673	8.69388	4.3742
3.95918	8.69388	4.69351
4.08163	8.69388	6.27499
4.20408	8.69388	9.4561
4.32653	8.69388	14.5743
4.44898	8.69388	15.6408
4.57143	8.69388	16.261
4.69388	8.69388	17.1841
4.81633	8.69388	18.5523
4.93878	8.69388	20.5074
5.06122	8.69388	23.1915
5.18367	8.69388	26.7465
5.30612	8.69388	31.3144
5.42857	8.69388	37.0373
5.55102	8.69388	44.0571
5.67347	8.69388	12.9047
5.79592	8.69388	14.888
5.91837	8.69388	16.557
6.04082	8.69388	17.6994
6.16327	8.69388	18.1028
6.28571	8.69388	17.555
6.40816	8.69388	15.8436
6.53061	8.69388	12.7564
6.65306	8.69388	8.08109
6.77551	8.69388	-1.95625
6.89796	8.69388	-2.15572
7.02041	8.69388	-3.47537
7.14286	8.69388	-6.2464
7.26531	8.69388	-10.8
7.38776	8.69388	-17.4673
7.5102	8.69388	-26.5796
7.63265	8.69388	-38.468
7.7551	8.69388	-53.4637
7.87755	8.69388	-14.7175
8	8.69388	-17.0424

2	8.85714	-18.453
2.12245	8.85714	-22.4628
2.2449	8.85714	-4.27319
2.36735	8.85714	-5.98325
2.4898	8.85714	-8.19456
2.61224	8.85714	-10.7095
2.73469	8.85714	-13.3304
2.85714	8.85714	-15.8597
2.97959	8.85714	-18.0998
3.10204	8.85714	-19.8529
3.22449	8.85714	-20.9215
3.34694	8.85714	10.8642
3.46939	8.85714	9.15709
3.59184	8.85714	7.33075
3.71429	8.85714	5.80789
3.83673	8.85714	5.01118
3.95918	8.85714	5.36331
4.08163	8.85714	7.28696
4.20408	8.85714	11.2048
4.32653	8.85714	17.5395
4.44898	8.85714	19.4984
4.57143	8.85714	20.3119
4.69388	8.85714	21.5035
4.81633	8.85714	23.25
4.93878	8.85714	25.7278
5.06122	8.85714	29.1136
5.18367	8.85714	33.584
5.30612	8.85714	39.3157
5.42857	8.85714	46.4851
5.55102	8.85714	55.269
5.67347	8.85714	16.3201
5.79592	8.85714	18.8679
5.91837	8.85714	21.0286
6.04082	8.85714	22.5354
6.16327	8.85714	23.1216
6.28571	8.85714	22.5204
6.40816	8.85714	20.465
6.53061	8.85714	16.6887
6.65306	8.85714	10.9245
6.77551	8.85714	-2.5068
6.89796	8.85714	-2.72658
7.02041	8.85714	-4.33887
7.14286	8.85714	-7.75781
7.26531	8.85714	-13.3976
7.38776	8.85714	-21.6723
7.5102	8.85714	-32.9961
7.63265	8.85714	-47.7832
7.7551	8.85714	-66.4477
7.87755	8.85714	-18.9698
8	8.85714	-21.9219

2	9.02041	-23.1125
2.12245	9.02041	-28.0549
2.2449	9.02041	-5.66177
2.36735	9.02041	-7.80665
2.4898	9.02041	-10.5781
2.61224	9.02041	-13.7313
2.73469	9.02041	-17.0213
2.85714	9.02041	-20.2034
2.97959	9.02041	-23.0325
3.10204	9.02041	-25.2638
3.22449	9.02041	-26.6525
3.34694	9.02041	13.0341
3.46939	9.02041	10.9229
3.59184	9.02041	8.6555
3.71429	9.02041	6.75244
3.83673	9.02041	5.73416
3.95918	9.02041	6.12111
4.08163	9.02041	8.43373
4.20408	9.02041	13.1925
4.32653	9.02041	20.9178
4.44898	9.02041	23.9549
4.57143	9.02041	24.9939
4.69388	9.02041	26.4973
4.81633	9.02041	28.681
4.93878	9.02041	31.7613
5.06122	9.02041	35.9543
5.18367	9.02041	41.4761
5.30612	9.02041	48.5428
5.42857	9.02041	57.3706
5.55102	9.02041	68.1755
5.67347	9.02041	20.2793
5.79592	9.02041	23.4794
5.91837	9.02041	26.2093
6.04082	9.02041	28.1396
6.16327	9.02041	28.9408
6.28571	9.02041	28.2833
6.40816	9.02041	25.8378
6.53061	9.02041	21.2746
6.65306	9.02041	14.2643
6.77551	9.02041	-3.13719
6.89796	9.02041	-3.37874
7.02041	9.02041	-5.3244
7.14286	9.02041	-9.48348
7.26531	9.02041	-16.3653
7.38776	9.02041	-26.4791
7.5102	9.02041	-40.3343
7.63265	9.02041	-58.4402
7.7551	9.02041	-81.306
7.87755	9.02041	-23.893
8	9.02041	-27.568

2	9.18367	-28.4436
2.12245	9.18367	-34.447
2.2449	9.18367	-7.26735
2.36735	9.18367	-9.90921
2.4898	9.18367	-13.3211
2.61224	9.18367	-17.2041
2.73469	9.18367	-21.2596
2.85714	9.18367	-25.1887
2.97959	9.18367	-28.6927
3.10204	9.18367	-31.4727
3.22449	9.18367	-33.2299
3.34694	9.18367	15.4972
3.46939	9.18367	12.9268
3.59184	9.18367	10.1576
3.71429	9.18367	7.821
3.83673	9.18367	6.54878
3.95918	9.18367	6.97254
4.08163	9.18367	9.7239
4.20408	9.18367	15.4345
4.32653	9.18367	24.7359
4.44898	9.18367	29.0523
4.57143	9.18367	30.3515
4.69388	9.18367	32.2128
4.81633	9.18367	34.897
4.93878	9.18367	38.6651
5.06122	9.18367	43.7778
5.18367	9.18367	50.496
5.30612	9.18367	59.0806
5.42857	9.18367	69.7924
5.55102	9.18367	82.8923
5.67347	9.18367	24.8207
5.79592	9.18367	28.7672
5.91837	9.18367	32.1494
6.04082	9.18367	34.5663
6.16327	9.18367	35.617
6.28571	9.18367	34.9005
6.40816	9.18367	32.0157
6.53061	9.18367	26.5618
6.65306	9.18367	18.1377
6.77551	9.18367	-3.85284
6.89796	9.18367	-4.11765
7.02041	9.18367	-6.44004
7.14286	9.18367	-11.4375
7.26531	9.18367	-19.7274
7.38776	9.18367	-31.9274
7.5102	9.18367	-48.6549
7.63265	9.18367	-70.5273
7.7551	9.18367	-98.1622
7.87755	9.18367	-29.5345
8	9.18367	-34.0346

2	9.34694	16.0519
2.12245	9.34694	15.77
2.2449	9.34694	-6.41345
2.36735	9.34694	-5.80054
2.4898	9.34694	-5.09144
2.61224	9.34694	-4.41013
2.73469	9.34694	-3.88059
2.85714	9.34694	-3.62681
2.97959	9.34694	-3.77278
3.10204	9.34694	-4.44247
3.22449	9.34694	-5.75987
3.34694	9.34694	-11.545
3.46939	9.34694	-12.732
3.59184	9.34694	-13.9341
3.71429	9.34694	-15.0763
3.83673	9.34694	-16.0839
3.95918	9.34694	-16.882
4.08163	9.34694	-17.3957
4.20408	9.34694	-17.5503
4.32653	9.34694	-17.271
4.44898	9.34694	-3.43495
4.57143	9.34694	-5.20155
4.69388	9.34694	-6.81616
4.81633	9.34694	-8.0892
4.93878	9.34694	-8.83113
5.06122	9.34694	-8.85235
5.18367	9.34694	-7.96332
5.30612	9.34694	-5.97446
5.42857	9.34694	-2.69621
5.55102	9.34694	2.061
5.67347	9.34694	11.2465
5.79592	9.34694	11.1207
5.91837	9.34694	11.2517
6.04082	9.34694	11.732
6.16327	9.34694	12.6541
6.28571	9.34694	14.1106
6.40816	9.34694	16.1941
6.53061	9.34694	18.9971
6.65306	9.34694	22.6122
6.77551	9.34694	19.9574
6.89796	9.34694	20.9736
7.02041	9.34694	21.626
7.14286	9.34694	21.8061
7.26531	9.34694	21.4059
7.38776	9.34694	20.317
7.5102	9.34694	18.4312
7.63265	9.34694	15.6402
7.7551	9.34694	11.8357
7.87755	9.34694	9.67961
8	9.34694	9.96693

2	9.5102	21.5674
2.12245	9.5102	21.2119
2.2449	9.5102	-8.81772
2.36735	9.5102	-7.97218
2.4898	9.5102	-6.99744
2.61224	9.5102	-6.06136
2.73469	9.5102	-5.33184
2.85714	9.5102	-4.97674
2.97959	9.5102	-5.16395
3.10204	9.5102	-6.06134
3.22449	9.5102	-7.83679
3.34694	9.5102	-15.8939
3.46939	9.5102	-17.5071
3.59184	9.5102	-19.1441
3.71429	9.5102	-20.7027
3.83673	9.5102	-22.0813
3.95918	9.5102	-23.1779
4.08163	9.5102	-23.8905
4.20408	9.5102	-24.1174
4.32653	9.5102	-23.7565
4.44898	9.5102	-5.2158
4.57143	9.5102	-7.6319
4.69388	9.5102	-9.84355
4.81633	9.5102	-11.5933
4.93878	9.5102	-12.6236
5.06122	9.5102	-12.677
5.18367	9.5102	-11.4961
5.30612	9.5102	-8.82334
5.42857	9.5102	-4.40128
5.55102	9.5102	2.02757
5.67347	9.5102	14.5306
5.79592	9.5102	14.349
5.91837	9.5102	14.5177
6.04082	9.5102	15.1624
6.16327	9.5102	16.4089
6.28571	9.5102	18.3828
6.40816	9.5102	21.2101
6.53061	9.5102	25.0163
6.65306	9.5102	29.9273
6.77551	9.5102	26.5845
6.89796	9.5102	27.9771
7.02041	9.5102	28.8797
7.14286	9.5102	29.1457
7.26531	9.5102	28.6283
7.38776	9.5102	27.1808
7.5102	9.5102	24.6566
7.63265	9.5102	20.909
7.7551	9.5102	15.7911
7.87755	9.5102	13.0007
8	9.5102	13.4126

2	9.67347	28.1178
2.12245	9.67347	27.6764
2.2449	9.67347	-11.6681
2.36735	9.67347	-10.5461
2.4898	9.67347	-9.25559
2.61224	9.67347	-8.01678
2.73469	9.67347	-7.04972
2.85714	9.67347	-6.57446
2.97959	9.67347	-6.81108
3.10204	9.67347	-7.97966
3.22449	9.67347	-10.3003
3.34694	9.67347	-21.0472
3.46939	9.67347	-23.1679
3.59184	9.67347	-25.3229
3.71429	9.67347	-27.378
3.83673	9.67347	-29.1993
3.95918	9.67347	-30.6526
4.08163	9.67347	-31.6039
4.20408	9.67347	-31.9191
4.32653	9.67347	-31.4642
4.44898	9.67347	-7.32969
4.57143	9.67347	-10.5187
4.69388	9.67347	-13.4412
4.81633	9.67347	-15.7587
4.93878	9.67347	-17.1332
5.06122	9.67347	-17.2264
5.18367	9.67347	-15.7001
5.30612	9.67347	-12.216
5.42857	9.67347	-6.43609
5.55102	9.67347	1.97799
5.67347	9.67347	18.4188
5.79592	9.67347	18.1715
5.91837	9.67347	18.3857
6.04082	9.67347	19.2267
6.16327	9.67347	20.8598
6.28571	9.67347	23.4501
6.40816	9.67347	27.1629
6.53061	9.67347	32.1634
6.65306	9.67347	38.6169
6.77551	9.67347	34.4452
6.89796	9.67347	36.287
7.02041	9.67347	37.4893
7.14286	9.67347	37.8597
7.26531	9.67347	37.2058
7.38776	9.67347	35.3352
7.5102	9.67347	32.0555
7.63265	9.67347	27.1743
7.7551	9.67347	20.499
7.87755	9.67347	16.9462
8	9.67347	17.5072

2	9.83673	35.7873
2.12245	9.83673	35.2472
2.2449	9.83673	-14.9998
2.36735	9.83673	-13.5537
2.4898	9.83673	-11.8934
2.61224	9.83673	-10.3
2.73469	9.83673	-9.05484
2.85714	9.83673	-8.43906
2.97959	9.83673	-8.73395
3.10204	9.83673	-10.2208
3.22449	9.83673	-13.1807
3.34694	9.83673	-27.0694
3.46939	9.83673	-29.7855
3.59184	9.83673	-32.5485
3.71429	9.83673	-35.1866
3.83673	9.83673	-37.5281
3.95918	9.83673	-39.4013
4.08163	9.83673	-40.6344
4.20408	9.83673	-41.0556
4.32653	9.83673	-40.4933
4.44898	9.83673	-9.80404
4.57143	9.83673	-13.8996
4.69388	9.83673	-17.6557
4.81633	9.83673	-20.6397
4.93878	9.83673	-22.4187
5.06122	9.83673	-22.5598
5.18367	9.83673	-20.6304
5.30612	9.83673	-16.1975
5.42857	9.83673	-8.8283
5.55102	9.83673	1.90996
5.67347	9.83673	22.9592
5.79592	9.83673	22.6353
5.91837	9.83673	22.9035
6.04082	9.83673	23.9754
6.16327	9.83673	26.0624
6.28571	9.83673	29.3761
6.40816	9.83673	34.1279
6.53061	9.83673	40.5293
6.65306	9.83673	48.7919
6.77551	9.83673	43.6392
6.89796	9.83673	46.0091
7.02041	9.83673	47.5646
7.14286	9.83673	48.0597
7.26531	9.83673	47.2485
7.38776	9.83673	44.885
7.5102	9.83673	40.7233
7.63265	9.83673	34.5174
7.7551	9.83673	26.0213
7.87755	9.83673	21.5673
8	9.83673	22.3041

2	10	44.6604
2.12245	10	44.0077
2.2449	10	-18.8478
2.36735	10	-17.0269
2.4898	10	-14.9385
2.61224	10	-12.9348
2.73469	10	-11.3678
2.85714	10	-10.5896
2.97959	10	-10.9523
3.10204	10	-12.808
3.22449	10	-16.5086
3.34694	10	-34.025
3.46939	10	-37.4311
3.59184	10	-40.8989
3.71429	10	-44.2131
3.83673	10	-47.1583
3.95918	10	-49.5193
4.08163	10	-51.0805
4.20408	10	-51.6268
4.32653	10	-50.9428
4.44898	10	-12.6663
4.57143	10	-17.8118
4.69388	10	-22.534
4.81633	10	-26.2904
4.93878	10	-28.5389
5.06122	10	-28.7369
5.18367	10	-26.3423
5.30612	10	-20.8126
5.42857	10	-11.6056
5.55102	10	1.82119
5.67347	10	28.1997
5.79592	10	27.7877
5.91837	10	28.1191
6.04082	10	29.459
6.16327	10	32.0724
6.28571	10	36.2245
6.40816	10	42.1802
6.53061	10	50.2048
6.65306	10	60.5631
6.77551	10	54.2663
6.89796	10	57.2491
7.02041	10	59.2154
7.14286	10	59.8571
7.26531	10	58.8663
7.38776	10	55.9351
7.5102	10	50.7556
7.63265	10	43.0197
7.7551	10	32.4196
7.87755	10	26.9155
8	10	27.8568
