x	 y 	 diff
2	2	1.32083
2.12245	2	1.39919
2.2449	2	0.435455
2.36735	2	0.559539
2.4898	2	0.700898
2.61224	2	0.852667
2.73469	2	1.00804
2.85714	2	1.16026
2.97959	2	1.30259
3.10204	2	1.42834
3.22449	2	1.53084
3.34694	2	0.328525
3.46939	2	0.315328
3.59184	2	0.287768
3.71429	2	0.251957
3.83673	2	0.214047
3.95918	2	0.180238
4.08163	2	0.156794
4.20408	2	0.150045
4.32653	2	0.166395
4.44898	2	1.01786
4.57143	2	1.14662
4.69388	2	1.27299
4.81633	2	1.39634
4.93878	2	1.51613
5.06122	2	1.6319
5.18367	2	1.74329
5.30612	2	1.85004
5.42857	2	1.95195
5.55102	2	2.04892
5.67347	2	0.973358
5.79592	2	1.11569
5.91837	2	1.25368
6.04082	2	1.38152
6.16327	2	1.49341
6.28571	2	1.5836
6.40816	2	1.64633
6.53061	2	1.67587
6.65306	2	1.66645
6.77551	2	0.305573
6.89796	2	0.31572
7.02041	2	0.327945
7.14286	2	0.346037
7.26531	2	0.373848
7.38776	2	0.415302
7.5102	2	0.474397
7.63265	2	0.555217
7.7551	2	0.661935
7.87755	2	1.49356
8	2	1.64506

2	2.16327	1.25353
2.12245	2.16327	1.28629
2.2449	2.16327	0.581052
2.36735	2.16327	0.681369
2.4898	2.16327	0.795001
2.61224	2.16327	0.917046
2.73469	2.16327	1.04268
2.85714	2.16327	1.16714
2.97959	2.16327	1.28571
3.10204	2.16327	1.39372
3.22449	2.16327	1.48651
3.34694	2.16327	0.165826
3.46939	2.16327	0.186138
3.59184	2.16327	0.190121
3.71429	2.16327	0.179491
3.83673	2.16327	0.156019
3.95918	2.16327	0.121544
4.08163	2.16327	0.0779832
4.20408	2.16327	0.0273478
4.32653	2.16327	0.0282514
4.44898	2.16327	1.00041
4.57143	2.16327	1.13158
4.69388	2.16327	1.25451
4.81633	2.16327	1.36664
4.93878	2.16327	1.46552
5.06122	2.16327	1.5488
5.18367	2.16327	1.6143
5.30612	2.16327	1.65992
5.42857	2.16327	1.68369
5.55102	2.16327	1.68373
5.67347	2.16327	1.05539
5.79592	2.16327	1.17046
5.91837	2.16327	1.28611
6.04082	2.16327	1.39921
6.16327	2.16327	1.50668
6.28571	2.16327	1.60546
6.40816	2.16327	1.69252
6.53061	2.16327	1.76482
6.65306	2.16327	1.8193
6.77551	2.16327	0.224704
6.89796	2.16327	0.241134
7.02041	2.16327	0.242495
7.14286	2.16327	0.228278
7.26531	2.16327	0.19806
7.38776	2.16327	0.151511
7.5102	2.16327	0.0884067
7.63265	2.16327	0.00863454
7.7551	2.16327	0.0878008
7.87755	2.16327	1.49182
8	2.16327	1.62159

2	2.32653	0.87512
2.12245	2.32653	0.827596
2.2449	2.32653	0.737021
2.36735	2.32653	0.792257
2.4898	2.32653	0.851357
2.61224	2.32653	0.914273
2.73469	2.32653	0.981049
2.85714	2.32653	1.05181
2.97959	2.32653	1.12673
3.10204	2.32653	1.20605
3.22449	2.32653	1.29002
3.34694	2.32653	0.197948
3.46939	2.32653	0.139801
3.59184	2.32653	0.0987601
3.71429	2.32653	0.0807527
3.83673	2.32653	0.09164
3.95918	2.32653	0.1372
4.08163	2.32653	0.223112
4.20408	2.32653	0.354942
4.32653	2.32653	0.538134
4.44898	2.32653	0.754724
4.57143	2.32653	0.864036
4.69388	2.32653	0.957269
4.81633	2.32653	1.02991
4.93878	2.32653	1.07761
5.06122	2.32653	1.09615
5.18367	2.32653	1.0815
5.30612	2.32653	1.02972
5.42857	2.32653	0.937071
5.55102	2.32653	0.799887
5.67347	2.32653	1.0561
5.79592	2.32653	1.11885
5.91837	2.32653	1.19285
6.04082	2.32653	1.28091
6.16327	2.32653	1.38591
6.28571	2.32653	1.51075
6.40816	2.32653	1.65835
6.53061	2.32653	1.83164
6.65306	2.32653	2.03351
6.77551	2.32653	0.0375863
6.89796	2.32653	0.026606
7.02041	2.32653	0.0573624
7.14286	2.32653	0.137544
7.26531	2.32653	0.274736
7.38776	2.32653	0.476408
7.5102	2.32653	0.749899
7.63265	2.32653	1.10241
7.7551	2.32653	1.54101
7.87755	2.32653	1.22286
8	2.32653	1.29966

2	2.4898	0.10723
2.12245	2.4898	0.062931
2.2449	2.4898	0.900781
2.36735	2.4898	0.884456
2.4898	2.4898	0.855707
2.61224	2.4898	0.822918
2.73469	2.4898	0.79458
2.85714	2.4898	0.779272
2.97959	2.4898	0.785647
3.10204	2.4898	0.822407
3.22449	2.4898	0.89828
3.34694	2.4898	0.808959
3.46939	2.4898	0.708116
3.59184	2.4898	0.623606
3.71429	2.4898	0.572939
3.83673	2.4898	0.57355
3.95918	2.4898	0.642774
4.08163	2.4898	0.797835
4.20408	2.4898	1.05582
4.32653	2.4898	1.43369
4.44898	2.4898	0.222219
4.57143	2.4898	0.279087
4.69388	2.4898	0.309637
4.81633	2.4898	0.307509
4.93878	2.4898	0.266521
5.06122	2.4898	0.180668
5.18367	2.4898	0.0441186
5.30612	2.4898	0.14879
5.42857	2.4898	0.403562
5.55102	2.4898	0.725554
5.67347	2.4898	0.950764
5.79592	2.4898	0.929983
5.91837	2.4898	0.938153
6.04082	2.4898	0.988038
6.16327	2.4898	1.09247
6.28571	2.4898	1.26432
6.40816	2.4898	1.51648
6.53061	2.4898	1.86185
6.65306	2.4898	2.31329
6.77551	2.4898	0.52489
6.89796	2.4898	0.533784
7.02041	2.4898	0.622475
7.14286	2.4898	0.809313
7.26531	2.4898	1.11252
7.38776	2.4898	1.5502
7.5102	2.4898	2.1403
7.63265	2.4898	2.90059
7.7551	2.4898	3.8487
7.87755	2.4898	0.617222
8	2.4898	0.602452

2	2.65306	1.12806
2.12245	2.65306	1.4709
2.2449	2.65306	1.07013
2.36735	2.65306	0.950559
2.4898	2.65306	0.794088
2.61224	2.65306	0.621798
2.73469	2.65306	0.454891
2.85714	2.65306	0.314669
2.97959	2.65306	0.222514
3.10204	2.65306	0.199863
3.22449	2.65306	0.268183
3.34694	2.65306	1.71327
3.46939	2.65306	1.56428
3.59184	2.65306	1.42894
3.71429	2.65306	1.34097
3.83673	2.65306	1.33402
3.95918	2.65306	1.44161
4.08163	2.65306	1.69714
4.20408	2.65306	2.13388
4.32653	2.65306	2.78492
4.44898	2.65306	0.655232
4.57143	2.65306	0.687703
4.69388	2.65306	0.759513
4.81633	2.65306	0.878711
4.93878	2.65306	1.05315
5.06122	2.65306	1.29048
5.18367	2.65306	1.59816
5.30612	2.65306	1.98347
5.42857	2.65306	2.45351
5.55102	2.65306	3.0152
5.67347	2.65306	0.714922
5.79592	2.65306	0.573218
5.91837	2.65306	0.486455
6.04082	2.65306	0.482121
6.16327	2.65306	0.587778
6.28571	2.65306	0.831032
6.40816	2.65306	1.23951
6.53061	2.65306	1.84086
6.65306	2.65306	2.66267
6.77551	2.65306	1.28057
6.89796	2.65306	1.3264
7.02041	2.65306	1.50337
7.14286	2.65306	1.84454
7.26531	2.65306	2.38289
7.38776	2.65306	3.1512
7.5102	2.65306	4.18211
7.63265	2.65306	5.50809
7.7551	2.65306	7.1614
7.87755	2.65306	0.394028
8	2.65306	0.546401

2	2.81633	0.608663
2.12245	2.81633	0.632196
2.2449	2.81633	0.763587
2.36735	2.81633	0.652603
2.4898	2.81633	0.534397
2.61224	2.81633	0.415939
2.73469	2.81633	0.304324
2.85714	2.81633	0.20676
2.97959	2.81633	0.130535
3.10204	2.81633	0.0829968
3.22449	2.81633	0.0715296
3.34694	2.81633	0.75832
3.46939	2.81633	0.7493
3.59184	2.81633	0.753135
3.71429	2.81633	0.761508
3.83673	2.81633	0.766011
3.95918	2.81633	0.75812
4.08163	2.81633	0.729175
4.20408	2.81633	0.670362
4.32653	2.81633	0.572694
4.44898	2.81633	0.0241444
4.57143	2.81633	0.131184
4.69388	2.81633	0.239685
4.81633	2.81633	0.33451
4.93878	2.81633	0.400306
5.06122	2.81633	0.421512
5.18367	2.81633	0.382357
5.30612	2.81633	0.266873
5.42857	2.81633	0.0588993
5.55102	2.81633	0.257898
5.67347	2.81633	0.744017
5.79592	2.81633	0.657869
5.91837	2.81633	0.584898
6.04082	2.81633	0.531137
6.16327	2.81633	0.502692
6.28571	2.81633	0.505722
6.40816	2.81633	0.546411
6.53061	2.81633	0.630942
6.65306	2.81633	0.765472
6.77551	2.81633	0.985102
6.89796	2.81633	0.971324
7.02041	2.81633	0.935937
7.14286	2.81633	0.869787
7.26531	2.81633	0.763574
7.38776	2.81633	0.607838
7.5102	2.81633	0.392941
7.63265	2.81633	0.109056
7.7551	2.81633	0.253842
7.87755	2.81633	0.146746
8	2.81633	0.160646

2	2.97959	0.644737
2.12245	2.97959	0.677251
2.2449	2.97959	0.852067
2.36735	2.97959	0.734855
2.4898	2.97959	0.610166
2.61224	2.97959	0.485889
2.73469	2.97959	0.370046
2.85714	2.97959	0.270774
2.97959	2.97959	0.196294
3.10204	2.97959	0.154891
3.22449	2.97959	0.154885
3.34694	2.97959	0.799336
3.46939	2.97959	0.794605
3.59184	2.97959	0.804754
3.71429	2.97959	0.821396
3.83673	2.97959	0.83605
3.95918	2.97959	0.840114
4.08163	2.97959	0.824843
4.20408	2.97959	0.781333
4.32653	2.97959	0.700499
4.44898	2.97959	0.026363
4.57143	2.97959	0.0912579
4.69388	2.97959	0.210853
4.81633	2.97959	0.316303
4.93878	2.97959	0.391266
5.06122	2.97959	0.419181
5.18367	2.97959	0.38327
5.30612	2.97959	0.266549
5.42857	2.97959	0.051835
5.55102	2.97959	0.278238
5.67347	2.97959	0.845497
5.79592	2.97959	0.759302
5.91837	2.97959	0.68915
6.04082	2.97959	0.641875
6.16327	2.97959	0.624394
6.28571	2.97959	0.643674
6.40816	2.97959	0.706711
6.53061	2.97959	0.820499
6.65306	2.97959	0.992004
6.77551	2.97959	1.06676
6.89796	2.97959	1.06394
7.02041	2.97959	1.04047
7.14286	2.97959	0.986937
7.26531	2.97959	0.893755
7.38776	2.97959	0.751175
7.5102	2.97959	0.549267
7.63265	2.97959	0.277901
7.7551	2.97959	0.0732614
7.87755	2.97959	0.129781
8	2.97959	0.148221

2	3.14286	0.551893
2.12245	3.14286	0.605579
2.2449	3.14286	0.808348
2.36735	3.14286	0.691184
2.4898	3.14286	0.566487
2.61224	3.14286	0.441892
2.73469	3.14286	0.325168
2.85714	3.14286	0.224196
2.97959	3.14286	0.146949
3.10204	3.14286	0.10146
3.22449	3.14286	0.0957988
3.34694	3.14286	0.699756
3.46939	3.14286	0.681753
3.59184	3.14286	0.679914
3.71429	3.14286	0.687883
3.83673	3.14286	0.699208
3.95918	3.14286	0.707314
4.08163	3.14286	0.705482
4.20408	3.14286	0.68683
4.32653	3.14286	0.644297
4.44898	3.14286	0.0743552
4.57143	3.14286	0.0322107
4.69388	3.14286	0.143888
4.81633	3.14286	0.246613
4.93878	3.14286	0.326102
5.06122	3.14286	0.367843
5.18367	3.14286	0.357109
5.30612	3.14286	0.278962
5.42857	3.14286	0.118263
5.55102	3.14286	0.140313
5.67347	3.14286	0.768107
5.79592	3.14286	0.679882
5.91837	3.14286	0.608227
6.04082	3.14286	0.560185
6.16327	3.14286	0.542878
6.28571	3.14286	0.563482
6.40816	3.14286	0.629199
6.53061	3.14286	0.747232
6.65306	3.14286	0.924754
6.77551	3.14286	0.920984
6.89796	3.14286	0.918334
7.02041	3.14286	0.904272
7.14286	3.14286	0.871603
7.26531	3.14286	0.812985
7.38776	3.14286	0.720902
7.5102	3.14286	0.587653
7.63265	3.14286	0.405339
7.7551	3.14286	0.165847
7.87755	3.14286	0.0717955
8	3.14286	0.0978657

2	3.30612	0.277849
2.12245	3.30612	0.368727
2.2449	3.30612	0.595761
2.36735	3.30612	0.486386
2.4898	3.30612	0.369598
2.61224	3.30612	0.251197
2.73469	3.30612	0.13712
2.85714	3.30612	0.0334111
2.97959	3.30612	0.0537938
3.10204	3.30612	0.118299
3.22449	3.30612	0.153872
3.34694	3.30612	0.411579
3.46939	3.30612	0.355914
3.59184	3.30612	0.31666
3.71429	3.30612	0.292263
3.83673	3.30612	0.281069
3.95918	3.30612	0.281306
4.08163	3.30612	0.291061
4.20408	3.30612	0.308258
4.32653	3.30612	0.330643
4.44898	3.30612	0.127394
4.57143	3.30612	0.0610315
4.69388	3.30612	0.0171315
4.81633	3.30612	0.0991229
4.93878	3.30612	0.17675
5.06122	3.30612	0.2416
5.18367	3.30612	0.285045
5.30612	3.30612	0.298248
5.42857	3.30612	0.272176
5.55102	3.30612	0.197613
5.67347	3.30612	0.457766
5.79592	3.30612	0.363877
5.91837	3.30612	0.283802
6.04082	3.30612	0.223975
6.16327	3.30612	0.190913
6.28571	3.30612	0.191182
6.40816	3.30612	0.231377
6.53061	3.30612	0.318091
6.65306	3.30612	0.457891
6.77551	3.30612	0.467729
6.89796	3.30612	0.44951
7.02041	3.30612	0.439936
7.14286	3.30612	0.437369
7.26531	3.30612	0.440022
7.38776	3.30612	0.445939
7.5102	3.30612	0.452983
7.63265	3.30612	0.458817
7.7551	3.30612	0.460897
7.87755	3.30612	0.0504747
8	3.30612	0.0128809

2	3.46939	0.230321
2.12245	3.46939	0.0823587
2.2449	3.46939	0.178188
2.36735	3.46939	0.0857545
2.4898	3.46939	0.013836
2.61224	3.46939	0.118591
2.73469	3.46939	0.226388
2.85714	3.46939	0.335
2.97959	3.46939	0.442115
3.10204	3.46939	0.545359
3.22449	3.46939	0.642328
3.34694	3.46939	0.113338
3.46939	3.46939	0.237971
3.59184	3.46939	0.347271
3.71429	3.46939	0.434556
3.83673	3.46939	0.493236
3.95918	3.46939	0.516836
4.08163	3.46939	0.499019
4.20408	3.46939	0.433599
4.32653	3.46939	0.314566
4.44898	3.46939	0.193726
4.57143	3.46939	0.204242
4.69388	3.46939	0.191778
4.81633	3.46939	0.153189
4.93878	3.46939	0.0855401
5.06122	3.46939	0.01389
5.18367	3.46939	0.147617
5.30612	3.46939	0.317956
5.42857	3.46939	0.527035
5.55102	3.46939	0.776804
5.67347	3.46939	0.139199
5.79592	3.46939	0.244108
5.91837	3.46939	0.342203
6.04082	3.46939	0.428677
6.16327	3.46939	0.49865
6.28571	3.46939	0.54719
6.40816	3.46939	0.56934
6.53061	3.46939	0.560144
6.65306	3.46939	0.514671
6.77551	3.46939	0.373371
6.89796	3.46939	0.427951
7.02041	3.46939	0.440413
7.14286	3.46939	0.402716
7.26531	3.46939	0.306964
7.38776	3.46939	0.145421
7.5102	3.46939	0.089474
7.63265	3.46939	0.405091
7.7551	3.46939	0.808599
7.87755	3.46939	0.261
8	3.46939	0.207181

2	3.63265	1.02618
2.12245	3.63265	0.797329
2.2449	3.63265	0.479943
2.36735	3.63265	0.544932
2.4898	3.63265	0.616725
2.61224	3.63265	0.699514
2.73469	3.63265	0.797369
2.85714	3.63265	0.914261
2.97959	3.63265	1.05408
3.10204	3.63265	1.22067
3.22449	3.63265	1.41783
3.34694	3.63265	0.923281
3.46939	3.63265	1.15518
3.59184	3.63265	1.37445
3.71429	3.63265	1.56204
3.83673	3.63265	1.69902
3.95918	3.63265	1.76655
4.08163	3.63265	1.74592
4.20408	3.63265	1.61856
4.32653	3.63265	1.36608
4.44898	3.63265	0.282269
4.57143	3.63265	0.413886
4.69388	3.63265	0.505903
4.81633	3.63265	0.538036
4.93878	3.63265	0.4902
5.06122	3.63265	0.342505
5.18367	3.63265	0.0752559
5.30612	3.63265	0.331059
5.42857	3.63265	0.895774
5.55102	3.63265	1.63806
5.67347	3.63265	1.07607
5.79592	3.63265	1.19915
5.91837	3.63265	1.32761
6.04082	3.63265	1.45952
6.16327	3.63265	1.59287
6.28571	3.63265	1.7256
6.40816	3.63265	1.85563
6.53061	3.63265	1.98087
6.65306	3.63265	2.09927
6.77551	3.63265	1.68301
6.89796	3.63265	1.79987
7.02041	3.63265	1.82512
7.14286	3.63265	1.73613
7.26531	3.63265	1.51039
7.38776	3.63265	1.12551
7.5102	3.63265	0.559313
7.63265	3.63265	0.210235
7.7551	3.63265	1.20497
7.87755	3.63265	0.58445
8	3.63265	0.508886

2	3.79592	2.16389
2.12245	3.79592	1.8264
2.2449	3.79592	1.41368
2.36735	3.79592	1.43942
2.4898	3.79592	1.47157
2.61224	3.79592	1.52328
2.73469	3.79592	1.60757
2.85714	3.79592	1.7374
2.97959	3.79592	1.92565
3.10204	3.79592	2.18515
3.22449	3.79592	2.52868
3.34694	3.79592	2.06667
3.46939	3.79592	2.45122
3.59184	3.79592	2.82773
3.71429	3.79592	3.16002
3.83673	3.79592	3.41203
3.95918	3.79592	3.54776
4.08163	3.79592	3.53135
4.20408	3.79592	3.32705
4.32653	3.79592	2.89926
4.44898	3.79592	0.402589
4.57143	3.79592	0.707091
4.69388	3.79592	0.948973
4.81633	3.79592	1.0838
4.93878	3.79592	1.06731
5.06122	3.79592	0.855434
5.18367	3.79592	0.404252
5.30612	3.79592	0.329972
5.42857	3.79592	1.39082
5.55102	3.79592	2.82173
5.67347	3.79592	2.40572
5.79592	3.79592	2.55599
5.91837	3.79592	2.73002
6.04082	3.79592	2.93016
6.16327	3.79592	3.15874
6.28571	3.79592	3.41802
6.40816	3.79592	3.71023
6.53061	3.79592	4.03764
6.65306	3.79592	4.40249
6.77551	3.79592	3.54221
6.89796	3.79592	3.75244
7.02041	3.79592	3.80299
7.14286	3.79592	3.65087
7.26531	3.79592	3.25321
7.38776	3.79592	2.56726
7.5102	3.79592	1.55045
7.63265	3.79592	0.160328
7.7551	3.79592	1.64536
7.87755	3.79592	1.04616
8	3.79592	0.942512

2	3.95918	3.6982
2.12245	3.95918	3.22034
2.2449	3.95918	2.65759
2.36735	3.95918	2.63104
2.4898	3.95918	2.61051
2.61224	3.95918	2.62127
2.73469	3.95918	2.6885
2.85714	3.95918	2.83729
2.97959	3.95918	3.09269
3.10204	3.95918	3.47969
3.22449	3.95918	4.02326
3.34694	3.95918	3.59207
3.46939	3.95918	4.18179
3.59184	3.95918	4.77024
3.71429	3.95918	5.29867
3.83673	3.95918	5.70841
3.95918	3.95918	5.94085
4.08163	3.95918	5.93751
4.20408	3.95918	5.64
4.32653	3.95918	4.99005
4.44898	3.95918	0.564855
4.57143	3.95918	1.1016
4.69388	3.95918	1.54534
4.81633	3.95918	1.81948
4.93878	3.95918	1.84757
5.06122	3.95918	1.55333
5.18367	3.95918	0.860605
5.30612	3.95918	0.306595
5.42857	3.95918	2.02413
5.55102	3.95918	4.36774
5.67347	3.95918	4.18071
5.79592	3.95918	4.36912
5.91837	3.95918	4.60678
6.04082	3.95918	4.90203
6.16327	3.95918	5.26316
6.28571	3.95918	5.69841
6.40816	3.95918	6.216
6.53061	3.95918	6.82416
6.65306	3.95918	7.53113
6.77551	3.95918	6.03228
6.89796	3.95918	6.37224
7.02041	3.95918	6.46324
7.14286	3.95918	6.23539
7.26531	3.95918	5.61892
7.38776	3.95918	4.54417
7.5102	3.95918	2.94159
7.63265	3.95918	0.741784
7.7551	3.95918	2.12449
7.87755	3.95918	1.6721
8	3.95918	1.53319

2	4.12245	1.00359
2.12245	4.12245	1.11198
2.2449	4.12245	0.284021
2.36735	4.12245	0.0784858
2.4898	4.12245	0.150531
2.61224	4.12245	0.394027
2.73469	4.12245	0.642928
2.85714	4.12245	0.888093
2.97959	4.12245	1.12033
3.10204	4.12245	1.33043
3.22449	4.12245	1.50913
3.34694	4.12245	0.409232
3.46939	4.12245	0.350642
3.59184	4.12245	0.286892
3.71429	4.12245	0.217811
3.83673	4.12245	0.143176
3.95918	4.12245	0.0626918
4.08163	4.12245	0.0240124
4.20408	4.12245	0.1174
4.32653	4.12245	0.218036
4.44898	4.12245	0.380849
4.57143	4.12245	0.559231
4.69388	4.12245	0.741542
4.81633	4.12245	0.917829
4.93878	4.12245	1.07801
5.06122	4.12245	1.21189
5.18367	4.12245	1.30914
5.30612	4.12245	1.35931
5.42857	4.12245	1.35186
5.55102	4.12245	1.27613
5.67347	4.12245	0.315504
5.79592	4.12245	0.551764
5.91837	4.12245	0.780605
6.04082	4.12245	0.992491
6.16327	4.12245	1.17784
6.28571	4.12245	1.32705
6.40816	4.12245	1.43048
6.53061	4.12245	1.47852
6.65306	4.12245	1.46154
6.77551	4.12245	0.420005
6.89796	4.12245	0.366386
7.02041	4.12245	0.305558
7.14286	4.12245	0.236735
7.26531	4.12245	0.159049
7.38776	4.12245	0.0715364
7.5102	4.12245	0.0268698
7.63265	4.12245	0.137348
7.7551	4.12245	0.261194
7.87755	4.12245	0.938019
8	4.12245	1.0918

2	4.28571	0.5619
2.12245	4.28571	0.615495
2.2449	4.28571	0.0735346
2.36735	4.28571	0.0890477
2.4898	4.28571	0.267048
2.61224	4.28571	0.4563
2.73469	4.28571	0.652578
2.85714	4.28571	0.851613
2.97959	4.28571	1.0491
3.10204	4.28571	1.24069
3.22449	4.28571	1.42206
3.34694	4.28571	0.0152245
3.46939	4.28571	0.0220346
3.59184	4.28571	0.0654064
3.71429	4.28571	0.119761
3.83673	4.28571	0.19001
3.95918	4.28571	0.281114
4.08163	4.28571	0.398094
4.20408	4.28571	0.546038
4.32653	4.28571	0.730108
4.44898	4.28571	0.21643
4.57143	4.28571	0.362761
4.69388	4.28571	0.508532
4.81633	4.28571	0.644447
4.93878	4.28571	0.76112
5.06122	4.28571	0.84907
5.18367	4.28571	0.898726
5.30612	4.28571	0.900431
5.42857	4.28571	0.844445
5.55102	4.28571	0.72095
5.67347	4.28571	0.510506
5.79592	4.28571	0.70304
5.91837	4.28571	0.898307
6.04082	4.28571	1.09207
6.16327	4.28571	1.28006
6.28571	4.28571	1.45798
6.40816	4.28571	1.62154
6.53061	4.28571	1.76642
6.65306	4.28571	1.88834
6.77551	4.28571	0.0201471
6.89796	4.28571	0.0816512
7.02041	4.28571	0.165797
7.14286	4.28571	0.277385
7.26531	4.28571	0.421277
7.38776	4.28571	0.602405
7.5102	4.28571	0.82578
7.63265	4.28571	1.09649
7.7551	4.28571	1.41973
7.87755	4.28571	0.658313
8	4.28571	0.772738

2	4.44898	0.380576
2.12245	4.44898	0.414007
2.2449	4.44898	0.213792
2.36735	4.44898	0.302694
2.4898	4.44898	0.392216
2.61224	4.44898	0.487359
2.73469	4.44898	0.593087
2.85714	4.44898	0.714337
2.97959	4.44898	0.85602
3.10204	4.44898	1.02303
3.22449	4.44898	1.22026
3.34694	4.44898	0.681318
3.46939	4.44898	0.704948
3.59184	4.44898	0.734867
3.71429	4.44898	0.782863
3.83673	4.44898	0.860745
3.95918	4.44898	0.980356
4.08163	4.44898	1.15358
4.20408	4.44898	1.39233
4.32653	4.44898	1.70858
4.44898	4.44898	0.172007
4.57143	4.44898	0.103153
4.69388	4.44898	0.0398222
4.81633	4.44898	0.0117184
4.93878	4.44898	0.0451428
5.06122	4.44898	0.0540674
5.18367	4.44898	0.0320514
5.30612	4.44898	0.0274006
5.42857	4.44898	0.130836
5.55102	4.44898	0.284851
5.67347	4.44898	0.784954
5.79592	4.44898	0.90484
5.91837	4.44898	1.04614
6.04082	4.44898	1.21425
6.16327	4.44898	1.41451
6.28571	4.44898	1.65227
6.40816	4.44898	1.93288
6.53061	4.44898	2.26166
6.65306	4.44898	2.64398
6.77551	4.44898	0.883021
6.89796	4.44898	0.973978
7.02041	4.44898	1.10791
7.14286	4.44898	1.2951
7.26531	4.44898	1.54586
7.38776	4.44898	1.87054
7.5102	4.44898	2.27957
7.63265	4.44898	2.78338
7.7551	4.44898	3.39251
7.87755	4.44898	0.00322411
8	4.44898	0.0370787

2	4.61224	1.93557
2.12245	4.61224	2.09407
2.2449	4.61224	0.583971
2.36735	4.61224	0.562681
2.4898	4.61224	0.519152
2.61224	4.61224	0.472763
2.73469	4.61224	0.44288
2.85714	4.61224	0.448857
2.97959	4.61224	0.510041
3.10204	4.61224	0.645771
3.22449	4.61224	0.875382
3.34694	4.61224	1.74133
3.46939	4.61224	1.76181
3.59184	4.61224	1.78776
3.71429	4.61224	1.84046
3.83673	4.61224	1.94122
3.95918	4.61224	2.11134
4.08163	4.61224	2.37216
4.20408	4.61224	2.74501
4.32653	4.61224	3.25125
4.44898	4.61224	0.839455
4.57143	4.61224	0.903378
4.69388	4.61224	0.978197
4.81633	4.61224	1.06424
4.93878	4.61224	1.16185
5.06122	4.61224	1.2714
5.18367	4.61224	1.39328
5.30612	4.61224	1.52791
5.42857	4.61224	1.67572
5.55102	4.61224	1.83716
5.67347	4.61224	1.14706
5.79592	4.61224	1.1601
5.91837	4.61224	1.2235
6.04082	4.61224	1.35743
6.16327	4.61224	1.58206
6.28571	4.61224	1.91755
6.40816	4.61224	2.38405
6.53061	4.61224	3.00173
6.65306	4.61224	3.79074
6.77551	4.61224	2.25825
6.89796	4.61224	2.40535
7.02041	4.61224	2.62132
7.14286	4.61224	2.92359
7.26531	4.61224	3.32961
7.38776	4.61224	3.85683
7.5102	4.61224	4.52273
7.63265	4.61224	5.34482
7.7551	4.61224	6.34061
7.87755	4.61224	1.13581
8	4.61224	1.21142

2	4.77551	4.21497
2.12245	4.77551	4.54238
2.2449	4.77551	1.04287
2.36735	4.77551	0.869112
2.4898	4.77551	0.640865
2.61224	4.77551	0.397978
2.73469	4.77551	0.180307
2.85714	4.77551	0.0277135
2.97959	4.77551	0.0199335
3.10204	4.77551	0.0772377
3.22449	4.77551	0.359101
3.34694	4.77551	3.22577
3.46939	4.77551	3.25639
3.59184	4.77551	3.29042
3.71429	4.77551	3.36162
3.83673	4.77551	3.50374
3.95918	4.77551	3.75052
4.08163	4.77551	4.13569
4.20408	4.77551	4.69298
4.32653	4.77551	5.4561
4.44898	4.77551	1.84108
4.57143	4.77551	2.10296
4.69388	4.77551	2.38145
4.81633	4.77551	2.66748
4.93878	4.77551	2.95196
5.06122	4.77551	3.22578
5.18367	4.77551	3.47983
5.30612	4.77551	3.70498
5.42857	4.77551	3.89208
5.55102	4.77551	4.03198
5.67347	4.77551	1.60494
5.79592	4.77551	1.47166
5.91837	4.77551	1.42968
6.04082	4.77551	1.51998
6.16327	4.77551	1.78357
6.28571	4.77551	2.26146
6.40816	4.77551	2.99466
6.53061	4.77551	4.02417
6.65306	4.77551	5.391
6.77551	4.77551	4.23557
6.89796	4.77551	4.47064
7.02041	4.77551	4.80668
7.14286	4.77551	5.27017
7.26531	4.77551	5.88758
7.38776	4.77551	6.68536
7.5102	4.77551	7.68995
7.63265	4.77551	8.92778
7.7551	4.77551	10.4253
7.87755	4.77551	2.82887
8	4.77551	3.06918

2	4.93878	7.33076
2.12245	4.93878	7.8767
2.2449	4.93878	1.59631
2.36735	4.93878	1.22204
2.4898	4.93878	0.750318
2.61224	4.93878	0.248433
2.73469	4.93878	0.216309
2.85714	4.93878	0.576574
2.97959	4.93878	0.765009
3.10204	4.93878	0.714243
3.22449	4.93878	0.356901
3.34694	4.93878	5.19563
3.46939	4.93878	5.25249
3.59184	4.93878	5.30924
3.71429	4.93878	5.41545
3.83673	4.93878	5.62066
3.95918	4.93878	5.97438
4.08163	4.93878	6.52608
4.20408	4.93878	7.3252
4.32653	4.93878	8.42115
4.44898	4.93878	3.23212
4.57143	4.93878	3.76702
4.69388	4.93878	4.32452
4.81633	4.93878	4.88215
4.93878	4.93878	5.41737
5.06122	4.93878	5.9076
5.18367	4.93878	6.33021
5.30612	4.93878	6.66254
5.42857	4.93878	6.88184
5.55102	4.93878	6.96537
5.67347	4.93878	2.16665
5.79592	4.93878	1.84235
5.91837	4.93878	1.66398
6.04082	4.93878	1.70025
6.16327	4.93878	2.0199
6.28571	4.93878	2.69166
6.40816	4.93878	3.78429
6.53061	4.93878	5.36653
6.65306	4.93878	7.50712
6.77551	4.93878	6.90474
6.89796	4.93878	7.26474
7.02041	4.93878	7.76469
7.14286	4.93878	8.44221
7.26531	4.93878	9.3349
7.38776	4.93878	10.4803
7.5102	4.93878	11.916
7.63265	4.93878	13.6793
7.7551	4.93878	15.8078
7.87755	4.93878	5.17185
8	4.93878	5.63269

2	5.10204	11.3948
2.12245	5.10204	12.2147
2.2449	5.10204	2.25013
2.36735	5.10204	1.62154
2.4898	5.10204	0.840504
2.61224	5.10204	0.00958167
2.73469	5.10204	0.768626
2.85714	5.10204	1.39147
2.97959	5.10204	1.75628
3.10204	5.10204	1.76035
3.22449	5.10204	1.30095
3.34694	5.10204	7.71189
3.46939	5.10204	7.81387
3.59184	5.10204	7.91057
3.71429	5.10204	8.07103
3.83673	5.10204	8.36431
3.95918	5.10204	8.85939
4.08163	5.10204	9.6252
4.20408	5.10204	10.7306
4.32653	5.10204	12.2444
4.44898	5.10204	5.06777
4.57143	5.10204	5.96063
4.69388	5.10204	6.88229
4.81633	5.10204	7.79233
4.93878	5.10204	8.65021
5.06122	5.10204	9.41534
5.18367	5.10204	10.047
5.30612	5.10204	10.5045
5.42857	5.10204	10.7469
5.55102	5.10204	10.7334
5.67347	5.10204	2.84029
5.79592	5.10204	2.27499
5.91837	5.10204	1.9257
6.04082	5.10204	1.8966
6.16327	5.10204	2.29189
6.28571	5.10204	3.21579
6.40816	5.10204	4.77254
6.53061	5.10204	7.06636
6.65306	5.10204	10.2015
6.77551	5.10204	10.3555
6.89796	5.10204	10.8825
7.02041	5.10204	11.596
7.14286	5.10204	12.5471
7.26531	5.10204	13.7866
7.38776	5.10204	15.3658
7.5102	5.10204	17.3355
7.63265	5.10204	19.7464
7.7551	5.10204	22.6495
7.87755	5.10204	8.25421
8	5.10204	8.9984

2	5.26531	16.519
2.12245	5.26531	17.6741
2.2449	5.26531	3.0103
2.36735	5.26531	2.06781
2.4898	5.26531	0.90451
2.61224	5.26531	0.333044
2.73469	5.26531	1.49824
2.85714	5.26531	2.44441
2.97959	5.26531	3.02483
3.10204	5.26531	3.09274
3.22449	5.26531	2.50138
3.34694	5.26531	10.8355
3.46939	5.26531	11.0043
3.59184	5.26531	11.1607
3.71429	5.26531	11.3974
3.83673	5.26531	11.8069
3.95918	5.26531	12.4819
4.08163	5.26531	13.5148
4.20408	5.26531	14.998
4.32653	5.26531	17.0237
4.44898	5.26531	7.40307
4.57143	5.26531	8.7487
4.69388	5.26531	10.1295
4.81633	5.26531	11.4819
4.93878	5.26531	12.7425
5.06122	5.26531	13.8473
5.18367	5.26531	14.7327
5.30612	5.26531	15.3346
5.42857	5.26531	15.5891
5.55102	5.26531	15.4319
5.67347	5.26531	3.63404
5.79592	5.26531	2.77249
5.91837	5.26531	2.21421
6.04082	5.26531	2.10743
6.16327	5.26531	2.60043
6.28571	5.26531	3.8415
6.40816	5.26531	5.97898
6.53061	5.26531	9.16117
6.65306	5.26531	13.5364
6.77551	5.26531	14.6775
6.89796	5.26531	15.4188
7.02041	5.26531	16.4013
7.14286	5.26531	17.6919
7.26531	5.26531	19.3578
7.38776	5.26531	21.4659
7.5102	5.26531	24.083
7.63265	5.26531	27.276
7.7551	5.26531	31.1115
7.87755	5.26531	12.1652
8	5.26531	13.2626

2	5.42857	0.345231
2.12245	5.42857	0.474205
2.2449	5.42857	0.13585
2.36735	5.42857	0.0914064
2.4898	5.42857	0.0416602
2.61224	5.42857	0.00766302
2.73469	5.42857	0.0507481
2.85714	5.42857	0.0817056
2.97959	5.42857	0.094588
3.10204	5.42857	0.0834062
3.22449	5.42857	0.0421476
3.34694	5.42857	0.225866
3.46939	5.42857	0.144634
3.59184	5.42857	0.0810129
3.71429	5.42857	0.0451751
3.83673	5.42857	0.0472285
3.95918	5.42857	0.0972013
4.08163	5.42857	0.205028
4.20408	5.42857	0.380534
4.32653	5.42857	0.633428
4.44898	5.42857	0.088993
4.57143	5.42857	0.119832
4.69388	5.42857	0.130541
4.81633	5.42857	0.116985
4.93878	5.42857	0.0751752
5.06122	5.42857	0.00126994
5.18367	5.42857	0.108429
5.30612	5.42857	0.257482
5.42857	5.42857	0.449318
5.55102	5.42857	0.687244
5.67347	5.42857	0.43957
5.79592	5.42857	0.424614
5.91837	5.42857	0.425887
6.04082	5.42857	0.449142
6.16327	5.42857	0.500184
6.28571	5.42857	0.584853
6.40816	5.42857	0.709008
6.53061	5.42857	0.878506
6.65306	5.42857	1.09919
6.77551	5.42857	0.463595
6.89796	5.42857	0.483613
7.02041	5.42857	0.549742
7.14286	5.42857	0.670277
7.26531	5.42857	0.853412
7.38776	5.42857	1.10723
7.5102	5.42857	1.43969
7.63265	5.42857	1.85863
7.7551	5.42857	2.37173
7.87755	5.42857	0.0806373
8	5.42857	0.105922

2	5.59184	0.346182
2.12245	5.59184	0.611794
2.2449	5.59184	0.329325
2.36735	5.59184	0.406622
2.4898	5.59184	0.500156
2.61224	5.59184	0.603183
2.73469	5.59184	0.708854
2.85714	5.59184	0.81023
2.97959	5.59184	0.900308
3.10204	5.59184	0.972032
3.22449	5.59184	1.01832
3.34694	5.59184	0.168178
3.46939	5.59184	0.36012
3.59184	5.59184	0.536567
3.71429	5.59184	0.671614
3.83673	5.59184	0.739434
3.95918	5.59184	0.714289
4.08163	5.59184	0.570555
4.20408	5.59184	0.282733
4.32653	5.59184	0.174537
4.44898	5.59184	0.0848131
4.57143	5.59184	0.168422
4.69388	5.59184	0.212781
4.81633	5.59184	0.200809
4.93878	5.59184	0.115601
5.06122	5.59184	0.0595788
5.18367	5.59184	0.341296
5.30612	5.59184	0.745955
5.42857	5.59184	1.28981
5.55102	5.59184	1.98896
5.67347	5.59184	0.0707526
5.79592	5.59184	0.160221
5.91837	5.59184	0.231985
6.04082	5.59184	0.276033
6.16327	5.59184	0.282291
6.28571	5.59184	0.240646
6.40816	5.59184	0.140962
6.53061	5.59184	0.0268965
6.65306	5.59184	0.273041
6.77551	5.59184	0.0370491
6.89796	5.59184	0.0577791
7.02041	5.59184	0.0255181
7.14286	5.59184	0.237836
7.26531	5.59184	0.604053
7.38776	5.59184	1.14891
7.5102	5.59184	1.89702
7.63265	5.59184	2.87283
7.7551	5.59184	4.10062
7.87755	5.59184	0.308954
8	5.59184	0.407431

2	5.7551	0.404752
2.12245	5.7551	0.854161
2.2449	5.7551	1.07189
2.36735	5.7551	1.19027
2.4898	5.7551	1.34012
2.61224	5.7551	1.51354
2.73469	5.7551	1.7025
2.85714	5.7551	1.89889
2.97959	5.7551	2.09449
3.10204	5.7551	2.28107
3.22449	5.7551	2.45033
3.34694	5.7551	0.741268
3.46939	5.7551	1.08167
3.59184	5.7551	1.41107
3.71429	5.7551	1.68185
3.83673	5.7551	1.84648
3.95918	5.7551	1.8575
4.08163	5.7551	1.66761
4.20408	5.7551	1.22964
4.32653	5.7551	0.496581
4.44898	5.7551	0.0112868
4.57143	5.7551	0.167521
4.69388	5.7551	0.259032
4.81633	5.7551	0.250623
4.93878	5.7551	0.107295
5.06122	5.7551	0.205759
5.18367	5.7551	0.723159
5.30612	5.7551	1.47934
5.42857	5.7551	2.50857
5.55102	5.7551	3.84495
5.67347	5.7551	0.861563
5.79592	5.7551	1.05255
5.91837	5.7551	1.22476
6.04082	5.7551	1.36252
6.16327	5.7551	1.45009
6.28571	5.7551	1.4717
6.40816	5.7551	1.41153
6.53061	5.7551	1.25378
6.65306	5.7551	0.982658
6.77551	5.7551	0.736486
6.89796	5.7551	0.813293
7.02041	5.7551	0.707305
7.14286	5.7551	0.370413
7.26531	5.7551	0.245362
7.38776	5.7551	1.18785
7.5102	5.7551	2.50473
7.63265	5.7551	4.2435
7.7551	5.7551	6.45147
7.87755	5.7551	0.715292
8	5.7551	0.915663

2	5.91837	0.529409
2.12245	5.91837	1.21632
2.2449	5.91837	2.13383
2.36735	5.91837	2.30276
2.4898	5.91837	2.52335
2.61224	5.91837	2.78638
2.73469	5.91837	3.08249
2.85714	5.91837	3.40224
2.97959	5.91837	3.73607
3.10204	5.91837	4.07441
3.22449	5.91837	4.4076
3.34694	5.91837	1.52068
3.46939	5.91837	2.05278
3.59184	5.91837	2.58117
3.71429	5.91837	3.02968
3.83673	5.91837	3.3222
3.95918	5.91837	3.38277
4.08163	5.91837	3.13555
4.20408	5.91837	2.50485
4.32653	5.91837	1.41515
4.44898	5.91837	0.142115
4.57143	5.91837	0.10946
4.69388	5.91837	0.263588
4.81633	5.91837	0.261054
4.93878	5.91837	0.0428487
5.06122	5.91837	0.449826
5.18367	5.91837	1.27557
5.30612	5.91837	2.49277
5.42857	5.91837	4.15964
5.55102	5.91837	6.33423
5.67347	5.91837	1.97521
5.79592	5.91837	2.29883
5.91837	5.91837	2.60314
6.04082	5.91837	2.86522
6.16327	5.91837	3.06208
6.28571	5.91837	3.17068
6.40816	5.91837	3.16797
6.53061	5.91837	3.03088
6.65306	5.91837	2.73637
6.77551	5.91837	1.66449
6.89796	5.91837	1.81524
7.02041	5.91837	1.6807
7.14286	5.91837	1.18231
7.26531	5.91837	0.241673
7.38776	5.91837	1.21947
7.5102	5.91837	3.27918
7.63265	5.91837	6.01535
7.7551	5.91837	9.50567
7.87755	5.91837	1.32657
8	5.91837	1.66164

2	6.08163	0.728065
2.12245	6.08163	1.71278
2.2449	6.08163	3.55668
2.36735	6.08163	3.78691
2.4898	6.08163	4.0946
2.61224	6.08163	4.46903
2.73469	6.08163	4.89937
2.85714	6.08163	5.37467
2.97959	6.08163	5.88388
3.10204	6.08163	6.41592
3.22449	6.08163	6.95965
3.34694	6.08163	2.53382
3.46939	6.08163	3.30644
3.59184	6.08163	4.08581
3.71429	6.08163	4.75954
3.83673	6.08163	5.2153
3.95918	6.08163	5.34089
4.08163	6.08163	5.02427
4.20408	6.08163	4.15352
4.32653	6.08163	2.61694
4.44898	6.08163	0.385333
4.57143	6.08163	0.0128277
4.69388	6.08163	0.221358
4.81633	6.08163	0.227337
4.93878	6.08163	0.0845535
5.06122	6.08163	0.803762
5.18367	6.08163	2.01952
5.30612	6.08163	3.82086
5.42857	6.08163	6.2966
5.55102	6.08163	9.5354
5.67347	6.08163	3.45371
5.79592	6.08163	3.94525
5.91837	6.08163	4.41762
6.04082	6.08163	4.83888
6.16327	6.08163	5.17703
6.28571	6.08163	5.39998
6.40816	6.08163	5.47564
6.53061	6.08163	5.37193
6.65306	6.08163	5.05677
6.77551	6.08163	2.85112
6.89796	6.08163	3.0963
7.02041	6.08163	2.92705
7.14286	6.08163	2.22617
7.26531	6.08163	0.876577
7.38776	6.08163	1.23862
7.5102	6.08163	4.23613
7.63265	6.08163	8.23249
7.7551	6.08163	13.344
7.87755	6.08163	2.16908
8	6.08163	2.67576

2	6.2449	1.00803
2.12245	6.2449	2.35746
2.2449	6.2449	5.38144
2.36735	6.2449	5.68507
2.4898	6.2449	6.09821
2.61224	6.2449	6.6085
2.73469	6.2449	7.20343
2.85714	6.2449	7.87038
2.97959	6.2449	8.59665
3.10204	6.2449	9.36946
3.22449	6.2449	10.176
3.34694	6.2449	3.80822
3.46939	6.2449	4.87581
3.59184	6.2449	5.96422
3.71429	6.2449	6.91627
3.83673	6.2449	7.57489
3.95918	6.2449	7.78313
4.08163	6.2449	7.38419
4.20408	6.2449	6.22143
4.32653	6.2449	4.13838
4.44898	6.2449	0.727668
4.57143	6.2449	0.205751
4.69388	6.2449	0.127905
4.81633	6.2449	0.145366
4.93878	6.2449	0.281082
5.06122	6.2449	1.27893
5.18367	6.2449	2.97544
5.30612	6.2449	5.49768
5.42857	6.2449	8.97251
5.55102	6.2449	13.5266
5.67347	6.2449	5.33866
5.79592	6.2449	6.03766
5.91837	6.2449	6.71845
6.04082	6.2449	7.33812
6.16327	6.2449	7.85365
6.28571	6.2449	8.22196
6.40816	6.2449	8.39998
6.53061	6.2449	8.34461
6.65306	6.2449	8.01278
6.77551	6.2449	4.32674
6.89796	6.2449	4.6895
7.02041	6.2449	4.47918
7.14286	6.2449	3.53078
7.26531	6.2449	1.67942
7.38776	6.2449	1.23959
7.5102	6.2449	5.39075
7.63265	6.2449	10.9384
7.7551	6.2449	18.0466
7.87755	6.2449	3.26849
8	6.2449	3.9878

2	6.40816	1.37598
2.12245	6.40816	3.16371
2.2449	6.40816	7.64856
2.36735	6.40816	8.03907
2.4898	6.40816	8.57811
2.61224	6.40816	9.25143
2.73469	6.40816	10.0447
2.85714	6.40816	10.9434
2.97959	6.40816	11.933
3.10204	6.40816	12.9988
3.22449	6.40816	14.1263
3.34694	6.40816	5.37155
3.46939	6.40816	6.79432
3.59184	6.40816	8.25591
3.71429	6.40816	9.54505
3.83673	6.40816	10.4505
3.95918	6.40816	10.7613
4.08163	6.40816	10.2663
4.20408	6.40816	8.75492
4.32653	6.40816	6.01648
4.44898	6.40816	1.17775
4.57143	6.40816	0.475035
4.69388	6.40816	0.0205081
4.81633	6.40816	0.0117211
4.93878	6.40816	0.552232
5.06122	6.40816	1.88603
5.18367	6.40816	4.16312
5.30612	6.40816	7.55674
5.42857	6.40816	12.2399
5.55102	6.40816	18.3855
5.67347	6.40816	7.67131
5.79592	6.40816	8.62161
5.91837	6.40816	9.55565
6.04082	6.40816	10.4174
6.16327	6.40816	11.1506
6.28571	6.40816	11.699
6.40816	6.40816	12.0065
6.53061	6.40816	12.0168
6.65306	6.40816	11.6736
6.77551	6.40816	6.12207
6.89796	6.40816	6.6283
7.02041	6.40816	6.37039
7.14286	6.40816	5.12548
7.26531	6.40816	2.67085
7.38776	6.40816	1.21604
7.5102	6.40816	6.75755
7.63265	6.40816	14.1759
7.7551	6.40816	23.6929
7.87755	6.40816	4.64973
8	6.40816	5.62682

2	6.57143	1.83796
2.12245	6.57143	4.14427
2.2449	6.57143	10.398
2.36735	6.57143	10.8903
2.4898	6.57143	11.5778
2.61224	6.57143	12.4441
2.73469	6.57143	13.4729
2.85714	6.57143	14.6475
2.97959	6.57143	15.9514
3.10204	6.57143	17.3679
3.22449	6.57143	18.8802
3.34694	6.57143	7.25165
3.46939	6.57143	9.09559
3.59184	6.57143	11.0007
3.71429	6.57143	12.6915
3.83673	6.57143	13.8922
3.95918	6.57143	14.3276
4.08163	6.57143	13.7222
4.20408	6.57143	11.801
4.32653	6.57143	8.28897
4.44898	6.57143	1.74353
4.57143	6.57143	0.825703
4.69388	6.57143	0.226917
4.81633	6.57143	0.176312
4.93878	6.57143	0.90281
5.06122	6.57143	2.63512
5.18367	6.57143	5.60173
5.30612	6.57143	10.0309
5.42857	6.57143	16.1509
5.55102	6.57143	24.1894
5.67347	6.57143	10.4925
5.79592	6.57143	11.7423
5.91837	6.57143	12.979
6.04082	6.57143	14.1309
6.16327	6.57143	15.1263
6.28571	6.57143	15.8935
6.40816	6.57143	16.3608
6.53061	6.57143	16.4564
6.65306	6.57143	16.1086
6.77551	6.57143	8.26814
6.89796	6.57143	8.94655
7.02041	6.57143	8.63444
7.14286	6.57143	7.04013
7.26531	6.57143	3.87211
7.38776	6.57143	1.16099
7.5102	6.57143	8.35036
7.63265	6.57143	17.987
7.7551	6.57143	30.3616
7.87755	6.57143	6.33705
8	6.57143	7.6212

2	6.73469	3.38817
2.12245	6.73469	3.44209
2.2449	6.73469	1.39322
2.36735	6.73469	1.36556
2.4898	6.73469	1.31287
2.61224	6.73469	1.2638
2.73469	6.73469	1.24682
2.85714	6.73469	1.29034
2.97959	6.73469	1.42267
3.10204	6.73469	1.67207
3.22449	6.73469	2.06675
3.34694	6.73469	3.66182
3.46939	6.73469	3.90933
3.59184	6.73469	4.15316
3.71429	6.73469	4.40068
3.83673	6.73469	4.65935
3.95918	6.73469	4.93674
4.08163	6.73469	5.24057
4.20408	6.73469	5.57866
4.32653	6.73469	5.95904
4.44898	6.73469	2.51217
4.57143	6.73469	2.80869
4.69388	6.73469	3.08322
4.81633	6.73469	3.31284
4.93878	6.73469	3.47482
5.06122	6.73469	3.54667
5.18367	6.73469	3.50605
5.30612	6.73469	3.33083
5.42857	6.73469	2.99908
5.55102	6.73469	2.48901
5.67347	6.73469	1.07565
5.79592	6.73469	1.11318
5.91837	6.73469	1.22812
6.04082	6.73469	1.44892
6.16327	6.73469	1.80393
6.28571	6.73469	2.32148
6.40816	6.73469	3.02984
6.53061	6.73469	3.95731
6.65306	6.73469	5.13221
6.77551	6.73469	3.76135
6.89796	6.73469	4.05268
7.02041	6.73469	4.35472
7.14286	6.73469	4.67077
7.26531	6.73469	5.00427
7.38776	6.73469	5.35881
7.5102	6.73469	5.73817
7.63265	6.73469	6.14628
7.7551	6.73469	6.58727
7.87755	6.73469	2.09218
8	6.73469	2.19139

2	6.89796	6.04805
2.12245	6.89796	6.19655
2.2449	6.89796	2.58974
2.36735	6.89796	2.40099
2.4898	6.89796	2.15671
2.61224	6.89796	1.91048
2.73469	6.89796	1.71574
2.85714	6.89796	1.62584
2.97959	6.89796	1.69405
3.10204	6.89796	1.97361
3.22449	6.89796	2.51771
3.34694	6.89796	6.09009
3.46939	6.89796	6.45234
3.59184	6.89796	6.81081
3.71429	6.89796	7.17474
3.83673	6.89796	7.55342
3.95918	6.89796	7.95626
4.08163	6.89796	8.39276
4.20408	6.89796	8.87258
4.32653	6.89796	9.40552
4.44898	6.89796	3.99919
4.57143	6.89796	4.59359
4.69388	6.89796	5.15631
4.81633	6.89796	5.64115
4.93878	6.89796	6.00206
5.06122	6.89796	6.19321
5.18367	6.89796	6.16893
5.30612	6.89796	5.88371
5.42857	6.89796	5.29223
5.55102	6.89796	4.3493
5.67347	6.89796	1.86639
5.79592	6.89796	1.7897
5.91837	6.89796	1.84151
6.04082	6.89796	2.07277
6.16327	6.89796	2.53439
6.28571	6.89796	3.27722
6.40816	6.89796	4.35208
6.53061	6.89796	5.8098
6.65306	6.89796	7.70124
6.77551	6.89796	6.4702
6.89796	6.89796	6.91509
7.02041	6.89796	7.36073
7.14286	6.89796	7.8071
7.26531	6.89796	8.25431
7.38776	6.89796	8.7026
7.5102	6.89796	9.15238
7.63265	6.89796	9.60421
7.7551	6.89796	10.0588
7.87755	6.89796	3.81173
8	6.89796	4.05504

2	7.06122	9.51182
2.12245	7.06122	9.78178
2.2449	7.06122	4.13269
2.36735	7.06122	3.73422
2.4898	7.06122	3.24048
2.61224	7.06122	2.73751
2.73469	7.06122	2.31129
2.85714	7.06122	2.04769
2.97959	7.06122	2.03253
3.10204	7.06122	2.35158
3.22449	7.06122	3.09058
3.34694	7.06122	9.22319
3.46939	7.06122	9.73923
3.59184	7.06122	10.2513
3.71429	7.06122	10.7707
3.83673	7.06122	11.3084
3.95918	7.06122	11.8759
4.08163	7.06122	12.4845
4.20408	7.06122	13.1458
4.32653	7.06122	13.8713
4.44898	7.06122	5.92923
4.57143	7.06122	6.91547
4.69388	7.06122	7.85702
4.81633	7.06122	8.67688
4.93878	7.06122	9.29821
5.06122	7.06122	9.64432
5.18367	7.06122	9.63869
5.30612	7.06122	9.20492
5.42857	7.06122	8.2668
5.55102	7.06122	6.74822
5.67347	7.06122	2.87643
5.79592	7.06122	2.65165
5.91837	7.06122	2.62167
6.04082	7.06122	2.86669
6.16327	7.06122	3.46689
6.28571	7.06122	4.50238
6.40816	7.06122	6.05326
6.53061	7.06122	8.19965
6.65306	7.06122	11.0217
6.77551	7.06122	9.98261
6.89796	7.06122	10.6298
7.02041	7.06122	11.2629
7.14286	7.06122	11.8771
7.26531	7.06122	12.4675
7.38776	7.06122	13.0296
7.5102	7.06122	13.5589
7.63265	7.06122	14.051
7.7551	7.06122	14.5017
7.87755	7.06122	6.0576
8	7.06122	6.48913

2	7.22449	13.8791
2.12245	7.22449	14.3002
2.2449	7.22449	6.05592
2.36735	7.22449	5.39391
2.4898	7.22449	4.58658
2.61224	7.22449	3.76092
2.73469	7.22449	3.04384
2.85714	7.22449	2.5622
2.97959	7.22449	2.44279
3.10204	7.22449	2.81237
3.22449	7.22449	3.79768
3.34694	7.22449	13.1428
3.46939	7.22449	13.8571
3.59184	7.22449	14.5671
3.71429	7.22449	15.2861
3.83673	7.22449	16.0271
3.95918	7.22449	16.8035
4.08163	7.22449	17.6286
4.20408	7.22449	18.5158
4.32653	7.22449	19.4787
4.44898	7.22449	8.36017
4.57143	7.22449	9.84344
4.69388	7.22449	11.2652
4.81633	7.22449	12.5093
4.93878	7.22449	13.4596
5.06122	7.22449	14.0002
5.18367	7.22449	14.0155
5.30612	7.22449	13.3896
5.42857	7.22449	12.007
5.55102	7.22449	9.75238
5.67347	7.22449	4.126
5.79592	7.22449	3.7159
5.91837	7.22449	3.5839
6.04082	7.22449	3.84696
6.16327	7.22449	4.62201
6.28571	7.22449	6.02596
6.40816	7.22449	8.17567
6.53061	7.22449	11.188
6.65306	7.22449	15.1799
6.77551	7.22449	14.3942
6.89796	7.22449	15.2987
7.02041	7.22449	16.1687
7.14286	7.22449	16.9928
7.26531	7.22449	17.7597
7.38776	7.22449	18.4579
7.5102	7.22449	19.0765
7.63265	7.22449	19.6043
7.7551	7.22449	20.0305
7.87755	7.22449	8.89825
8	7.22449	9.5672

2	7.38776	19.2501
2.12245	7.38776	19.8545
2.2449	7.38776	8.3929
2.36735	7.38776	7.40835
2.4898	7.38776	6.21713
2.61224	7.38776	4.99646
2.73469	7.38776	3.92355
2.85714	7.38776	3.1755
2.97959	7.38776	2.92942
3.10204	7.38776	3.36236
3.22449	7.38776	4.65137
3.34694	7.38776	17.9309
3.46939	7.38776	18.8932
3.59184	7.38776	19.8508
3.71429	7.38776	20.8189
3.83673	7.38776	21.8127
3.95918	7.38776	22.8474
4.08163	7.38776	23.9383
4.20408	7.38776	25.1007
4.32653	7.38776	26.3503
4.44898	7.38776	11.3504
4.57143	7.38776	13.4471
4.69388	7.38776	15.4612
4.81633	7.38776	17.228
4.93878	7.38776	18.583
5.06122	7.38776	19.3617
5.18367	7.38776	19.3998
5.30612	7.38776	18.5331
5.42857	7.38776	16.5974
5.55102	7.38776	13.4287
5.67347	7.38776	5.63503
5.79592	7.38776	4.99909
5.91837	7.38776	4.74332
6.04082	7.38776	5.02974
6.16327	7.38776	6.02031
6.28571	7.38776	7.87696
6.40816	7.38776	10.7616
6.53061	7.38776	14.8362
6.65306	7.38776	20.2627
6.77551	7.38776	19.8007
6.89796	7.38776	21.024
7.02041	7.38776	22.1861
7.14286	7.38776	23.267
7.26531	7.38776	24.2469
7.38776	7.38776	25.1059
7.5102	7.38776	25.8242
7.63265	7.38776	26.3823
7.7551	7.38776	26.7604
7.87755	7.38776	12.4026
8	7.38776	13.3633

2	7.55102	25.7251
2.12245	7.55102	26.5479
2.2449	7.55102	11.1768
2.36735	7.55102	9.80555
2.4898	7.55102	8.15398
2.61224	7.55102	6.45972
2.73469	7.55102	4.9604
2.85714	7.55102	3.89362
2.97959	7.55102	3.49693
3.10204	7.55102	4.00789
3.22449	7.55102	5.66401
3.34694	7.55102	23.6692
3.46939	7.55102	24.9348
3.59184	7.55102	26.1951
3.71429	7.55102	27.4673
3.83673	7.55102	28.7685
3.95918	7.55102	30.116
4.08163	7.55102	31.5271
4.20408	7.55102	33.019
4.32653	7.55102	34.6092
4.44898	7.55102	14.9587
4.57143	7.55102	17.7965
4.69388	7.55102	20.5258
4.81633	7.55102	22.9232
4.93878	7.55102	24.7655
5.06122	7.55102	25.8297
5.18367	7.55102	25.8927
5.30612	7.55102	24.7314
5.42857	7.55102	22.123
5.55102	7.55102	17.8445
5.67347	7.55102	7.42324
5.79592	7.55102	6.51763
5.91837	7.55102	6.1149
6.04082	7.55102	6.4311
6.16327	7.55102	7.68226
6.28571	7.55102	10.0844
6.40816	7.55102	13.8535
6.53061	7.55102	19.2056
6.65306	7.55102	26.3568
6.77551	7.55102	26.2983
6.89796	7.55102	27.9081
7.02041	7.55102	29.423
7.14286	7.55102	30.8125
7.26531	7.55102	32.0458
7.38776	7.55102	33.0924
7.5102	7.55102	33.9218
7.63265	7.55102	34.5034
7.7551	7.55102	34.807
7.87755	7.55102	16.64
8	7.55102	17.9517

2	7.71429	33.4051
2.12245	7.71429	34.4838
2.2449	7.71429	14.4404
2.36735	7.71429	12.6133
2.4898	7.71429	10.4188
2.61224	7.71429	8.16608
2.73469	7.71429	6.16428
2.85714	7.71429	4.7225
2.97959	7.71429	4.14981
3.10204	7.71429	4.75529
3.22449	7.71429	6.84803
3.34694	7.71429	30.4398
3.46939	7.71429	32.0695
3.59184	7.71429	33.693
3.71429	7.71429	35.3295
3.83673	7.71429	36.9982
3.95918	7.71429	38.7183
4.08163	7.71429	40.5089
4.20408	7.71429	42.3894
4.32653	7.71429	44.3789
4.44898	7.71429	19.2442
4.57143	7.71429	22.962
4.69388	7.71429	26.5401
4.81633	7.71429	29.6853
4.93878	7.71429	32.1048
5.06122	7.71429	33.5058
5.18367	7.71429	33.5953
5.30612	7.71429	32.0806
5.42857	7.71429	28.6688
5.55102	7.71429	23.0671
5.67347	7.71429	9.51013
5.79592	7.71429	8.28783
5.91837	7.71429	7.71349
6.04082	7.71429	8.06702
6.16327	7.71429	9.62832
6.28571	7.71429	12.6773
6.40816	7.71429	17.4938
6.53061	7.71429	24.3578
6.65306	7.71429	33.549
6.77551	7.71429	33.983
6.89796	7.71429	36.0536
7.02041	7.71429	37.9879
7.14286	7.71429	39.7423
7.26531	7.71429	41.2731
7.38776	7.71429	42.5365
7.5102	7.71429	43.4889
7.63265	7.71429	44.0867
7.7551	7.71429	44.2862
7.87755	7.71429	21.6802
8	7.71429	23.4074

2	7.87755	42.3908
2.12245	7.87755	43.7659
2.2449	7.87755	18.2166
2.36735	7.87755	15.8592
2.4898	7.87755	13.0331
2.61224	7.87755	10.1308
2.73469	7.87755	7.54497
2.85714	7.87755	5.668
2.97959	7.87755	4.89247
3.10204	7.87755	5.61092
3.22449	7.87755	8.21586
3.34694	7.87755	38.3246
3.46939	7.87755	40.3848
3.59184	7.87755	42.4375
3.71429	7.87755	44.5041
3.83673	7.87755	46.6056
3.95918	7.87755	48.7631
4.08163	7.87755	50.9978
4.20408	7.87755	53.3307
4.32653	7.87755	55.7829
4.44898	7.87755	24.2661
4.57143	7.87755	29.0142
4.69388	7.87755	33.5853
4.81633	7.87755	37.605
4.93878	7.87755	40.6986
5.06122	7.87755	42.4915
5.18367	7.87755	42.6092
5.30612	7.87755	40.6769
5.42857	7.87755	36.3201
5.55102	7.87755	29.1642
5.67347	7.87755	11.9151
5.79592	7.87755	10.3259
5.91837	7.87755	9.55387
6.04082	7.87755	9.95344
6.16327	7.87755	11.8789
6.28571	7.87755	15.6846
6.40816	7.87755	21.7249
6.53061	7.87755	30.3541
6.65306	7.87755	41.9265
6.77551	7.87755	42.9512
6.89796	7.87755	45.5633
7.02041	7.87755	47.9893
7.14286	7.87755	50.1699
7.26531	7.87755	52.0458
7.38776	7.87755	53.5575
7.5102	7.87755	54.6457
7.63265	7.87755	55.251
7.7551	7.87755	55.3141
7.87755	7.87755	27.5931
8	7.87755	29.8053

2	8.04082	4.32823
2.12245	8.04082	5.32854
2.2449	8.04082	0.715406
2.36735	8.04082	1.05874
2.4898	8.04082	1.50889
2.61224	8.04082	2.01891
2.73469	8.04082	2.54182
2.85714	8.04082	3.03062
2.97959	8.04082	3.43832
3.10204	8.04082	3.71788
3.22449	8.04082	3.82227
3.34694	8.04082	2.92695
3.46939	8.04082	2.51332
3.59184	8.04082	2.09218
3.71429	8.04082	1.76935
3.83673	8.04082	1.65068
3.95918	8.04082	1.84195
4.08163	8.04082	2.44895
4.20408	8.04082	3.57742
4.32653	8.04082	5.33307
4.44898	8.04082	4.37283
4.57143	8.04082	4.49168
4.69388	8.04082	4.71042
4.81633	8.04082	5.07522
4.93878	8.04082	5.63218
5.06122	8.04082	6.42738
5.18367	8.04082	7.50686
5.30612	8.04082	8.9166
5.42857	8.04082	10.7026
5.55102	8.04082	12.9107
5.67347	8.04082	2.99568
5.79592	8.04082	3.49879
5.91837	8.04082	3.88947
6.04082	8.04082	4.10201
6.16327	8.04082	4.07066
6.28571	8.04082	3.72968
6.40816	8.04082	3.01331
6.53061	8.04082	1.85582
6.65306	8.04082	0.191434
6.77551	8.04082	1.16036
6.89796	8.04082	1.27315
7.02041	8.04082	1.75964
7.14286	8.04082	2.72508
7.26531	8.04082	4.2747
7.38776	8.04082	6.51369
7.5102	8.04082	9.54721
7.63265	8.04082	13.4804
7.7551	8.04082	18.4183
7.87755	8.04082	4.08887
8	8.04082	4.733

2	8.20408	6.16161
2.12245	8.20408	7.58281
2.2449	8.20408	1.13914
2.36735	8.20408	1.67948
2.4898	8.20408	2.38077
2.61224	8.20408	3.17558
2.73469	8.20408	3.99647
2.85714	8.20408	4.77593
2.97959	8.20408	5.44644
3.10204	8.20408	5.94046
3.22449	8.20408	6.19042
3.34694	8.20408	3.85837
3.46939	8.20408	3.24568
3.59184	8.20408	2.61258
3.71429	8.20408	2.10852
3.83673	8.20408	1.8829
3.95918	8.20408	2.0851
4.08163	8.20408	2.86444
4.20408	8.20408	4.37017
4.32653	8.20408	6.7515
4.44898	8.20408	6.08808
4.57143	8.20408	6.29045
4.69388	8.20408	6.63373
4.81633	8.20408	7.1823
4.93878	8.20408	8.00046
5.06122	8.20408	9.15246
5.18367	8.20408	10.7025
5.30612	8.20408	12.7145
5.42857	8.20408	15.2527
5.55102	8.20408	18.3809
5.67347	8.20408	4.51673
5.79592	8.20408	5.30965
5.91837	8.20408	5.95327
6.04082	8.20408	6.35444
6.16327	8.20408	6.41995
6.28571	8.20408	6.0566
6.40816	8.20408	5.17118
6.53061	8.20408	3.67047
6.65306	8.20408	1.46125
6.77551	8.20408	1.38775
6.89796	8.20408	1.49897
7.02041	8.20408	2.12628
7.14286	8.20408	3.41746
7.26531	8.20408	5.52027
7.38776	8.20408	8.58242
7.5102	8.20408	12.7515
7.63265	8.20408	18.1751
7.7551	8.20408	25.0008
7.87755	8.20408	5.99008
8	8.20408	6.94565

2	8.36735	8.45535
2.12245	8.36735	10.385
2.2449	8.36735	1.71143
2.36735	8.36735	2.49018
2.4898	8.36735	3.49613
2.61224	8.36735	4.63688
2.73469	8.36735	5.81994
2.85714	8.36735	6.9528
2.97959	8.36735	7.94288
3.10204	8.36735	8.69759
3.22449	8.36735	9.1243
3.34694	8.36735	4.99289
3.46939	8.36735	4.14435
3.59184	8.36735	3.25861
3.71429	8.36735	2.53791
3.83673	8.36735	2.18445
3.95918	8.36735	2.40036
4.08163	8.36735	3.38768
4.20408	8.36735	5.34841
4.32653	8.36735	8.48444
4.44898	8.36735	8.24256
4.57143	8.36735	8.55168
4.69388	8.36735	9.0506
4.81633	8.36735	9.82558
4.93878	8.36735	10.9628
5.06122	8.36735	12.5481
5.18367	8.36735	14.6677
5.30612	8.36735	17.4071
5.42857	8.36735	20.8522
5.55102	8.36735	25.0886
5.67347	8.36735	6.43204
5.79592	8.36735	7.57744
5.91837	8.36735	8.52894
6.04082	8.36735	9.15996
6.16327	8.36735	9.34388
6.28571	8.36735	8.95406
6.40816	8.36735	7.86384
6.53061	8.36735	5.94657
6.65306	8.36735	3.0756
6.77551	8.36735	1.67761
6.89796	8.36735	1.78955
7.02041	8.36735	2.58882
7.14286	8.36735	4.27469
7.26531	8.36735	7.04637
7.38776	8.36735	11.103
7.5102	8.36735	16.6436
7.63265	8.36735	23.8671
7.7551	8.36735	32.9723
7.87755	8.36735	8.38197
8	8.36735	9.71843

2	8.53061	11.257
2.12245	8.53061	13.7903
2.2449	8.53061	2.45047
2.36735	8.53061	3.51271
2.4898	8.53061	4.88166
2.61224	8.53061	6.43498
2.73469	8.53061	8.05022
2.85714	8.53061	9.60488
2.97959	8.53061	10.9764
3.10204	8.53061	12.0422
3.22449	8.53061	12.6796
3.34694	8.53061	6.34971
3.46939	8.53061	5.22556
3.59184	8.53061	4.04311
3.71429	8.53061	3.06742
3.83673	8.53061	2.56348
3.95918	8.53061	2.79622
4.08163	8.53061	4.03047
4.20408	8.53061	6.53095
4.32653	8.53061	10.5623
4.44898	8.53061	10.8822
4.57143	8.53061	11.3237
4.69388	8.53061	12.0124
4.81633	8.53061	13.0606
4.93878	8.53061	14.5799
5.06122	8.53061	16.6823
5.18367	8.53061	19.4792
5.30612	8.53061	23.0823
5.42857	8.53061	27.6029
5.55102	8.53061	33.1522
5.67347	8.53061	8.78253
5.79592	8.53061	10.3488
5.91837	8.53061	11.668
6.04082	8.53061	12.5738
6.16327	8.53061	12.8996
6.28571	8.53061	12.4788
6.40816	8.53061	11.1447
6.53061	8.53061	8.73066
6.65306	8.53061	5.07019
6.77551	8.53061	2.03722
6.89796	8.53061	2.1526
7.02041	8.53061	3.15798
7.14286	8.53061	5.31383
7.26531	8.53061	8.88056
7.38776	8.53061	14.1185
7.5102	8.53061	21.2877
7.63265	8.53061	30.6484
7.7551	8.53061	42.4603
7.87755	8.53061	11.3158
8	8.53061	13.1091

2	8.69388	14.6136
2.12245	8.69388	17.8539
2.2449	8.69388	3.37419
2.36735	8.69388	4.76869
2.4898	8.69388	6.56382
2.61224	8.69388	8.6019
2.73469	8.69388	10.7252
2.85714	8.69388	12.7757
2.97959	8.69388	14.5957
3.10204	8.69388	16.0271
3.22449	8.69388	16.9119
3.34694	8.69388	7.94793
3.46939	8.69388	6.50542
3.59184	8.69388	4.97877
3.71429	8.69388	3.70672
3.83673	8.69388	3.02792
3.95918	8.69388	3.28096
4.08163	8.69388	4.80429
4.20408	8.69388	7.93628
4.32653	8.69388	13.0151
4.44898	8.69388	14.0525
4.57143	8.69388	14.6544
4.69388	8.69388	15.5703
4.81633	8.69388	16.9423
4.93878	8.69388	18.9124
5.06122	8.69388	21.6224
5.18367	8.69388	25.2137
5.30612	8.69388	29.8279
5.42857	8.69388	35.6063
5.55102	8.69388	42.6899
5.67347	8.69388	11.6089
5.79592	8.69388	13.67
5.91837	8.69388	15.422
6.04082	8.69388	16.6513
6.16327	8.69388	17.1443
6.28571	8.69388	16.6875
6.40816	8.69388	15.067
6.53061	8.69388	12.0694
6.65306	8.69388	7.48086
6.77551	8.69388	2.4737
6.89796	8.69388	2.59566
7.02041	8.69388	3.84423
7.14286	8.69388	6.55168
7.26531	8.69388	11.0501
7.38776	8.69388	17.6716
7.5102	8.69388	26.748
7.63265	8.69388	38.611
7.7551	8.69388	53.5921
7.87755	8.69388	14.8425
8	8.69388	17.1751

2	8.85714	18.572
2.12245	8.85714	22.6304
2.2449	8.85714	4.50016
2.36735	8.85714	6.27944
2.4898	8.85714	8.5688
2.61224	8.85714	11.1694
2.73469	8.85714	13.8824
2.85714	8.85714	16.5088
2.97959	8.85714	18.8495
3.10204	8.85714	20.7053
3.22449	8.85714	21.877
3.34694	8.85714	9.80659
3.46939	8.85714	7.99991
3.59184	8.85714	6.0781
3.71429	8.85714	4.46526
3.83673	8.85714	3.58542
3.95918	8.85714	3.8625
4.08163	8.85714	5.72031
4.20408	8.85714	9.58252
4.32653	8.85714	15.8726
4.44898	8.85714	17.7986
4.57143	8.85714	18.5914
4.69388	8.85714	19.7748
4.81633	8.85714	21.5256
4.93878	8.85714	24.0204
5.06122	8.85714	27.4355
5.18367	8.85714	31.947
5.30612	8.85714	37.7311
5.42857	8.85714	44.9634
5.55102	8.85714	53.8196
5.67347	8.85714	14.9516
5.79592	8.85714	17.5874
5.91837	8.85714	19.842
6.04082	8.85714	21.4473
6.16327	8.85714	22.135
6.28571	8.85714	21.6368
6.40816	8.85714	19.6844
6.53061	8.85714	16.0094
6.65306	8.85714	10.3436
6.77551	8.85714	2.99396
6.89796	8.85714	3.12598
7.02041	8.85714	4.65777
7.14286	8.85714	8.00471
7.26531	8.85714	13.582
7.38776	8.85714	21.8048
7.5102	8.85714	33.088
7.63265	8.85714	47.8463
7.7551	8.85714	66.4944
7.87755	8.85714	19.0126
8	8.85714	21.9734

2	9.02041	23.1786
2.12245	9.02041	28.174
2.2449	9.02041	5.84555
2.36735	9.02041	8.0659
2.4898	9.02041	10.9225
2.61224	9.02041	14.1691
2.73469	9.02041	17.5595
2.85714	9.02041	20.8474
2.97959	9.02041	23.7862
3.10204	9.02041	26.1295
3.22449	9.02041	27.6307
3.34694	9.02041	11.9446
3.46939	9.02041	9.72484
3.59184	9.02041	7.35337
3.71429	9.02041	5.35221
3.83673	9.02041	4.24328
3.95918	9.02041	4.5484
4.08163	9.02041	6.78924
4.20408	9.02041	11.4873
4.32653	9.02041	19.164
4.44898	9.02041	22.1652
4.57143	9.02041	23.1817
4.69388	9.02041	24.676
4.81633	9.02041	26.8646
4.93878	9.02041	29.9634
5.06122	9.02041	34.1883
5.18367	9.02041	39.7549
5.30612	9.02041	46.8788
5.42857	9.02041	55.775
5.55102	9.02041	66.6589
5.67347	9.02041	18.8508
5.79592	9.02041	22.1469
5.91837	9.02041	24.9793
6.04082	9.02041	27.0169
6.16327	9.02041	27.9288
6.28571	9.02041	27.3836
6.40816	9.02041	25.0503
6.53061	9.02041	20.5977
6.65306	9.02041	13.6946
6.77551	9.02041	3.60467
6.89796	9.02041	3.75053
7.02041	9.02041	5.60842
7.14286	9.02041	9.68899
7.26531	9.02041	16.5027
7.38776	9.02041	26.5599
7.5102	9.02041	40.3708
7.63265	9.02041	58.4453
7.7551	9.02041	81.2932
7.87755	9.02041	23.876
8	9.02041	27.5605

2	9.18367	28.479
2.12245	9.18367	34.5383
2.2449	9.18367	7.42705
2.36735	9.18367	10.1486
2.4898	9.18367	13.6504
2.61224	9.18367	17.6321
2.73469	9.18367	21.7937
2.85714	9.18367	25.8346
2.97959	9.18367	29.4544
3.10204	9.18367	32.3527
3.22449	9.18367	34.2287
3.34694	9.18367	14.3808
3.46939	9.18367	11.6958
3.59184	9.18367	8.81659
3.71429	9.18367	6.37641
3.83673	9.18367	5.00845
3.95918	9.18367	5.34577
4.08163	9.18367	8.02131
4.20408	9.18367	13.6678
4.32653	9.18367	22.9179
4.44898	9.18367	27.1963
4.57143	9.18367	28.4717
4.69388	9.18367	30.3235
4.81633	9.18367	33.0128
4.93878	9.18367	36.8004
5.06122	9.18367	41.9468
5.18367	9.18367	48.7124
5.30612	9.18367	57.3573
5.42857	9.18367	68.1416
5.55102	9.18367	81.3248
5.67347	9.18367	23.3463
5.79592	9.18367	27.3942
5.91837	9.18367	30.8846
6.04082	9.18367	33.4149
6.16327	9.18367	34.5825
6.28571	9.18367	33.9846
6.40816	9.18367	31.2184
6.53061	9.18367	25.8812
6.65306	9.18367	17.5703
6.77551	9.18367	4.31221
6.89796	9.18367	4.47593
7.02041	9.18367	6.70561
7.14286	9.18367	11.6201
7.26531	9.18367	19.8382
7.38776	9.18367	31.9784
7.5102	9.18367	48.659
7.63265	9.18367	70.4983
7.7551	9.18367	98.1142
7.87755	9.18367	29.482
8	9.18367	33.9922

2	9.34694	16.0237
2.12245	9.34694	15.6844
2.2449	9.34694	6.56924
2.36735	9.34694	6.03817
2.4898	9.34694	5.42135
2.61224	9.34694	4.84138
2.73469	9.34694	4.42072
2.85714	9.34694	4.28173
2.97959	9.34694	4.54666
3.10204	9.34694	5.33774
3.22449	9.34694	6.77711
3.34694	9.34694	12.6829
3.46939	9.34694	13.9877
3.59184	9.34694	15.3026
3.71429	9.34694	16.5513
3.83673	9.34694	17.6571
3.95918	9.34694	18.544
4.08163	9.34694	19.1356
4.20408	9.34694	19.356
4.32653	9.34694	19.1293
4.44898	9.34694	5.33223
4.57143	9.34694	7.12333
4.69388	9.34694	8.74765
4.81633	9.34694	10.0155
4.93878	9.34694	10.7374
5.06122	9.34694	10.724
5.18367	9.34694	9.7863
5.30612	9.34694	7.73551
5.42857	9.34694	4.38294
5.55102	9.34694	0.459847
5.67347	9.34694	9.7409
5.79592	9.34694	9.71925
5.91837	9.34694	9.96131
6.04082	9.34694	10.558
6.16327	9.34694	11.6001
6.28571	9.34694	13.1784
6.40816	9.34694	15.3837
6.53061	9.34694	18.3066
6.65306	9.34694	22.0379
6.77551	9.34694	19.4939
6.89796	9.34694	20.614
7.02041	9.34694	21.3615
7.14286	9.34694	21.6268
7.26531	9.34694	21.3004
7.38776	9.34694	20.2729
7.5102	9.34694	18.4351
7.63265	9.34694	15.6781
7.7551	9.34694	11.8931
7.87755	9.34694	9.74161
8	9.34694	10.0186

2	9.5102	21.5224
2.12245	9.5102	21.1094
2.2449	9.5102	8.99033
2.36735	9.5102	8.22658
2.4898	9.5102	7.34405
2.61224	9.5102	6.50925
2.73469	9.5102	5.88854
2.85714	9.5102	5.64816
2.97959	9.5102	5.95427
3.10204	9.5102	6.97296
3.22449	9.5102	8.87031
3.34694	9.5102	17.0481
3.46939	9.5102	18.7789
3.59184	9.5102	20.5287
3.71429	9.5102	22.1937
3.83673	9.5102	23.6705
3.95918	9.5102	24.8557
4.08163	9.5102	25.6462
4.20408	9.5102	25.9388
4.32653	9.5102	25.6306
4.44898	9.5102	7.12881
4.57143	9.5102	9.56939
4.69388	9.5102	11.7908
4.81633	9.5102	13.5353
4.93878	9.5102	14.5455
5.06122	9.5102	14.5644
5.18367	9.5102	13.3349
5.30612	9.5102	10.6002
5.42857	9.5102	6.10386
5.55102	9.5102	0.410507
5.67347	9.5102	13.009
5.79592	9.5102	12.9315
5.91837	9.5102	13.2112
6.04082	9.5102	13.9723
6.16327	9.5102	15.3387
6.28571	9.5102	17.4343
6.40816	9.5102	20.3832
6.53061	9.5102	24.3093
6.65306	9.5102	29.3365
6.77551	9.5102	26.1044
6.89796	9.5102	27.6007
7.02041	9.5102	28.5984
7.14286	9.5102	28.9495
7.26531	9.5102	28.5059
7.38776	9.5102	27.1198
7.5102	9.5102	24.6437
7.63265	9.5102	20.93
7.7551	9.5102	15.8316
7.87755	9.5102	13.0458
8	9.5102	13.4474

2	9.67347	28.0317
2.12245	9.67347	27.5345
2.2449	9.67347	11.8782
2.36735	9.67347	10.8357
2.4898	9.67347	9.63498
2.61224	9.67347	8.49469
2.73469	9.67347	7.63348
2.85714	9.67347	7.26981
2.97959	9.67347	7.6221
3.10204	9.67347	8.90868
3.22449	9.67347	11.3479
3.34694	9.67347	22.2122
3.46939	9.67347	24.4473
3.59184	9.67347	26.712
3.71429	9.67347	28.8706
3.83673	9.67347	30.7874
3.95918	9.67347	32.327
4.08163	9.67347	33.354
4.20408	9.67347	33.7332
4.32653	9.67347	33.3296
4.44898	9.67347	9.23284
4.57143	9.67347	12.4457
4.69388	9.67347	15.3776
4.81633	9.67347	17.69
4.93878	9.67347	19.045
5.06122	9.67347	19.1046
5.18367	9.67347	17.531
5.30612	9.67347	13.9867
5.42857	9.67347	8.13455
5.55102	9.67347	0.362724
5.67347	9.67347	16.8964
5.79592	9.67347	16.7503
5.91837	9.67347	17.0726
6.04082	9.67347	18.0268
6.16327	9.67347	19.7765
6.28571	9.67347	22.4852
6.40816	9.67347	26.3164
6.53061	9.67347	31.4335
6.65306	9.67347	37.9999
6.77551	9.67347	33.936
6.89796	9.67347	35.8787
7.02041	9.67347	37.1735
7.14286	9.67347	37.6267
7.26531	9.67347	37.0446
7.38776	9.67347	35.2337
7.5102	9.67347	32.0007
7.63265	9.67347	27.1525
7.7551	9.67347	20.4962
7.87755	9.67347	16.9478
8	9.67347	17.4988

2	9.83673	35.6368
2.12245	9.83673	35.0439
2.2449	9.83673	15.2675
2.36735	9.83673	13.8967
2.4898	9.83673	12.3212
2.61224	9.83673	10.821
2.73469	9.83673	9.67586
2.85714	9.83673	9.16558
2.97959	9.83673	9.56983
3.10204	9.83673	11.1682
3.22449	9.83673	14.2403
3.34694	9.83673	28.2399
3.46939	9.83673	31.0642
3.59184	9.83673	33.9309
3.71429	9.83673	36.6669
3.83673	9.83673	39.0987
3.95918	9.83673	41.0534
4.08163	9.83673	42.3581
4.20408	9.83673	42.8398
4.32653	9.83673	42.326
4.44898	9.83673	11.6725
4.57143	9.83673	15.7905
4.69388	9.83673	19.5556
4.81633	9.83673	22.5348
4.93878	9.83673	24.2953
5.06122	9.83673	24.4047
5.18367	9.83673	22.4305
5.30612	9.83673	17.9407
5.42857	9.83673	10.5032
5.55102	9.83673	0.313728
5.67347	9.83673	21.4508
5.79592	9.83673	21.2226
5.91837	9.83673	21.5929
6.04082	9.83673	22.7718
6.16327	9.83673	24.9692
6.28571	9.83673	28.3948
6.40816	9.83673	33.2584
6.53061	9.83673	39.7701
6.65306	9.83673	48.1394
6.77551	9.83673	43.0887
6.89796	9.83673	45.5539
7.02041	9.83673	47.1969
7.14286	9.83673	47.7702
7.26531	9.83673	47.0269
7.38776	9.83673	44.7199
7.5102	9.83673	40.6024
7.63265	9.83673	34.4277
7.7551	9.83673	25.9495
7.87755	9.83673	21.4997
8	9.83673	22.2271

2	10	44.4234
2.12245	10	43.7223
2.2449	10	19.1923
2.36735	10	17.4402
2.4898	10	15.4295
2.61224	10	13.5111
2.73469	10	12.0357
2.85714	10	11.3542
2.97959	10	11.817
3.10204	10	13.7748
3.22449	10	17.5781
3.34694	10	35.196
3.46939	10	38.7012
3.59184	10	42.264
3.71429	10	45.6678
3.83673	10	48.6957
3.95918	10	51.1314
4.08163	10	52.7582
4.20408	10	53.3598
4.32653	10	52.7202
4.44898	10	14.4764
4.57143	10	19.6426
4.69388	10	24.3729
4.81633	10	28.125
4.93878	10	30.3565
5.06122	10	30.5255
5.18367	10	28.0899
5.30612	10	22.5081
5.42857	10	13.2385
5.55102	10	0.260291
5.67347	10	26.7193
5.79592	10	26.3949
5.91837	10	26.8197
6.04082	10	28.2576
6.16327	10	30.972
6.28571	10	35.2266
6.40816	10	41.2848
6.53061	10	49.4103
6.65306	10	59.8665
6.77551	10	53.6629
6.89796	10	56.7331
7.02041	10	58.7794
7.14286	10	59.4928
7.26531	10	58.5642
7.38776	10	55.6847
7.5102	10	50.5456
7.63265	10	42.8383
7.7551	10	32.2546
7.87755	10	26.7543
8	10	27.6869
