x	 y 	 diff
2	2	0.111724
2.12245	2	0.0913778
2.2449	2	0.0716294
2.36735	2	0.0729969
2.4898	2	0.0700072
2.61224	2	0.0632373
2.73469	2	0.0533205
2.85714	2	0.0409373
2.97959	2	0.0268053
3.10204	2	0.0116682
3.22449	2	0.00371539
3.34694	2	0.0194321
3.46939	2	0.0406711
3.59184	2	0.0599038
3.71429	2	0.0764245
3.83673	2	0.0895682
3.95918	2	0.0987205
4.08163	2	0.103327
4.20408	2	0.1029
4.32653	2	0.0970297
4.44898	2	0.0868179
4.57143	2	0.107828
4.69388	2	0.122669
4.81633	2	0.131279
4.93878	2	0.13369
5.06122	2	0.130029
5.18367	2	0.120511
5.30612	2	0.105441
5.42857	2	0.0852054
5.55102	2	0.0602692
5.67347	2	0.0568514
5.79592	2	0.0508529
5.91837	2	0.0419366
6.04082	2	0.0307969
6.16327	2	0.0181616
6.28571	2	0.00478074
6.40816	2	0.00858436
6.53061	2	0.0211726
6.65306	2	0.0322347
6.77551	2	0.0543811
6.89796	2	0.0752491
7.02041	2	0.0925228
7.14286	2	0.105607
7.26531	2	0.11397
7.38776	2	0.11715
7.5102	2	0.114764
7.63265	2	0.10651
7.7551	2	0.0921765
7.87755	2	0.104223
8	2	0.117444

2	2.16327	0.128801
2.12245	2.16327	0.101787
2.2449	2.16327	0.0760429
2.36735	2.16327	0.0806914
2.4898	2.16327	0.0794932
2.61224	2.16327	0.0732224
2.73469	2.16327	0.0627289
2.85714	2.16327	0.048926
2.97959	2.16327	0.0327764
3.10204	2.16327	0.015278
3.22449	2.16327	0.00255107
3.34694	2.16327	0.0208944
3.46939	2.16327	0.0471859
3.59184	2.16327	0.0707851
3.71429	2.16327	0.0907453
3.83673	2.16327	0.106174
3.95918	2.16327	0.116247
4.08163	2.16327	0.120219
4.20408	2.16327	0.117438
4.32653	2.16327	0.107353
4.44898	2.16327	0.091555
4.57143	2.16327	0.120602
4.69388	2.16327	0.14137
4.81633	2.16327	0.153777
4.93878	2.16327	0.157867
5.06122	2.16327	0.153808
5.18367	2.16327	0.14189
5.30612	2.16327	0.122522
5.42857	2.16327	0.0962232
5.55102	2.16327	0.0636162
5.67347	2.16327	0.0619179
5.79592	2.16327	0.0568349
5.91837	2.16327	0.0478366
6.04082	2.16327	0.0358549
6.16327	2.16327	0.0218661
6.28571	2.16327	0.00687701
6.40816	2.16327	0.00809097
6.53061	2.16327	0.0220166
6.65306	2.16327	0.0338942
6.77551	2.16327	0.0617017
6.89796	2.16327	0.0879256
7.02041	2.16327	0.109326
7.14286	2.16327	0.125106
7.26531	2.16327	0.13455
7.38776	2.16327	0.137039
7.5102	2.16327	0.132059
7.63265	2.16327	0.119206
7.7551	2.16327	0.0981942
7.87755	2.16327	0.115161
8	2.16327	0.13429

2	2.32653	0.132373
2.12245	2.32653	0.0995469
2.2449	2.32653	0.0688532
2.36735	2.32653	0.0780019
2.4898	2.32653	0.0799699
2.61224	2.32653	0.0757079
2.73469	2.32653	0.0662597
2.85714	2.32653	0.0527469
2.97959	2.32653	0.036352
3.10204	2.32653	0.0183005
3.22449	2.32653	0.000157
3.34694	2.32653	0.0193283
3.46939	2.32653	0.048919
3.59184	2.32653	0.0752032
3.71429	2.32653	0.0970179
3.83673	2.32653	0.113267
3.95918	2.32653	0.122938
4.08163	2.32653	0.125118
4.20408	2.32653	0.119003
4.32653	2.32653	0.103916
4.44898	2.32653	0.0819526
4.57143	2.32653	0.118671
4.69388	2.32653	0.145222
4.81633	2.32653	0.161504
4.93878	2.32653	0.167571
5.06122	2.32653	0.16363
5.18367	2.32653	0.150037
5.30612	2.32653	0.127294
5.42857	2.32653	0.0960381
5.55102	2.32653	0.0570352
5.67347	2.32653	0.0584799
5.79592	2.32653	0.0558632
5.91837	2.32653	0.0484379
6.04082	2.32653	0.0373483
6.16327	2.32653	0.0237939
6.28571	2.32653	0.00901083
6.40816	2.32653	0.00574627
6.53061	2.32653	0.0192232
6.65306	2.32653	0.0301848
6.77551	2.32653	0.0620021
6.89796	2.32653	0.092036
7.02041	2.32653	0.116146
7.14286	2.32653	0.133353
7.26531	2.32653	0.142778
7.38776	2.32653	0.143662
7.5102	2.32653	0.135372
7.63265	2.32653	0.117412
7.7551	2.32653	0.0894327
7.87755	2.32653	0.111251
8	2.32653	0.136443

2	2.4898	0.119358
2.12245	2.4898	0.0817725
2.2449	2.4898	0.0474128
2.36735	2.4898	0.0625591
2.4898	2.4898	0.0693817
2.61224	2.4898	0.0689825
2.73469	2.4898	0.0625715
2.85714	2.4898	0.051449
2.97959	2.4898	0.0369855
3.10204	2.4898	0.0206018
3.22449	2.4898	0.00374742
3.34694	2.4898	0.0140429
3.46939	2.4898	0.0447796
3.59184	2.4898	0.0716833
3.71429	2.4898	0.093406
3.83673	2.4898	0.108678
3.95918	2.4898	0.116324
4.08163	2.4898	0.115285
4.20408	2.4898	0.104633
4.32653	2.4898	0.08358
4.44898	2.4898	0.054739
4.57143	2.4898	0.0986812
4.69388	2.4898	0.130836
4.81633	2.4898	0.151089
4.93878	2.4898	0.1595
5.06122	2.4898	0.15631
5.18367	2.4898	0.141932
5.30612	2.4898	0.116947
5.42857	2.4898	0.0820938
5.55102	2.4898	0.0382608
5.67347	2.4898	0.0445967
5.79592	2.4898	0.046351
5.91837	2.4898	0.0425313
6.04082	2.4898	0.034464
6.16327	2.4898	0.0235395
6.28571	2.4898	0.0111908
6.40816	2.4898	0.00112784
6.53061	2.4898	0.0119625
6.65306	2.4898	0.0198814
6.77551	2.4898	0.0536808
6.89796	2.4898	0.0856258
7.02041	2.4898	0.110704
7.14286	2.4898	0.12778
7.26531	2.4898	0.135836
7.38776	2.4898	0.133991
7.5102	2.4898	0.121511
7.63265	2.4898	0.0978227
7.7551	2.4898	0.0625199
7.87755	2.4898	0.0891061
8	2.4898	0.120549

2	2.65306	0.0871178
2.12245	2.65306	0.0459906
2.2449	2.65306	0.00945334
2.36735	2.65306	0.032333
2.4898	2.65306	0.0459672
2.61224	2.65306	0.0515799
2.73469	2.65306	0.0505153
2.85714	2.65306	0.0442174
2.97959	2.65306	0.0342086
3.10204	2.65306	0.0220671
3.22449	2.65306	0.00940261
3.34694	2.65306	0.00444618
3.46939	2.65306	0.0338326
3.59184	2.65306	0.0589618
3.71429	2.65306	0.0783363
3.83673	2.65306	0.0905452
3.95918	2.65306	0.0942847
4.08163	2.65306	0.0883777
4.20408	2.65306	0.0717919
4.32653	2.65306	0.0436545
4.44898	2.65306	0.00711067
4.57143	2.65306	0.0577567
4.69388	2.65306	0.0953106
4.81633	2.65306	0.119644
4.93878	2.65306	0.130824
5.06122	2.65306	0.12912
5.18367	2.65306	0.114988
5.30612	2.65306	0.0890742
5.42857	2.65306	0.0522003
5.55102	2.65306	0.00535198
5.67347	2.65306	0.0186058
5.79592	2.65306	0.026939
5.91837	2.65306	0.029081
6.04082	2.65306	0.0265051
6.16327	2.65306	0.0207556
6.28571	2.65306	0.0134242
6.40816	2.65306	0.00612624
6.53061	2.65306	0.000476584
6.65306	2.65306	0.00193455
6.77551	2.65306	0.0353651
6.89796	2.65306	0.0670203
7.02041	2.65306	0.0910487
7.14286	2.65306	0.106188
7.26531	2.65306	0.111309
7.38776	2.65306	0.105432
7.5102	2.65306	0.0877435
7.63265	2.65306	0.0576053
7.7551	2.65306	0.0145663
7.87755	2.65306	0.0458229
8	2.65306	0.0837359

2	2.81633	0.15802
2.12245	2.81633	0.113006
2.2449	2.81633	0.0714888
2.36735	2.81633	0.0874427
2.4898	2.81633	0.0934755
2.61224	2.81633	0.0909005
2.73469	2.81633	0.0811601
2.85714	2.81633	0.0658038
2.97959	2.81633	0.0464655
3.10204	2.81633	0.0248384
3.22449	2.81633	0.00265029
3.34694	2.81633	0.0206033
3.46939	2.81633	0.0588863
3.59184	2.81633	0.0926008
3.71429	2.81633	0.12014
3.83673	2.81633	0.13999
3.95918	2.81633	0.150751
4.08163	2.81633	0.151161
4.20408	2.81633	0.140112
4.32653	2.81633	0.116666
4.44898	2.81633	0.0838534
4.57143	2.81633	0.135592
4.69388	2.81633	0.173281
4.81633	2.81633	0.196782
4.93878	2.81633	0.206171
5.06122	2.81633	0.201732
5.18367	2.81633	0.183957
5.30612	2.81633	0.15354
5.42857	2.81633	0.111361
5.55102	2.81633	0.0584784
5.67347	2.81633	0.0638757
5.79592	2.81633	0.0637537
5.91837	2.81633	0.0569879
6.04082	2.81633	0.0451595
6.16327	2.81633	0.0299254
6.28571	2.81633	0.0129938
6.40816	2.81633	0.00390191
6.53061	2.81633	0.0190288
6.65306	2.81633	0.0306805
6.77551	2.81633	0.0723914
6.89796	2.81633	0.111794
7.02041	2.81633	0.143012
7.14286	2.81633	0.164691
7.26531	2.81633	0.175619
7.38776	2.81633	0.174746
7.5102	2.81633	0.161198
7.63265	2.81633	0.13429
7.7551	2.81633	0.0935389
7.87755	2.81633	0.124629
8	2.81633	0.16107

2	2.97959	0.217325
2.12245	2.97959	0.169722
2.2449	2.97959	0.124593
2.36735	2.97959	0.134183
2.4898	2.97959	0.133439
2.61224	2.97959	0.12373
2.73469	2.97959	0.106558
2.85714	2.97959	0.0835368
2.97959	2.97959	0.0563685
3.10204	2.97959	0.0268164
3.22449	2.97959	0.00332001
3.34694	2.97959	0.0343981
3.46939	2.97959	0.0797862
3.59184	2.97959	0.120416
3.71429	2.97959	0.154614
3.83673	2.97959	0.180804
3.95918	2.97959	0.197528
4.08163	2.97959	0.20347
4.20408	2.97959	0.197477
4.32653	2.97959	0.178574
4.44898	2.97959	0.149631
4.57143	2.97959	0.201385
4.69388	2.97959	0.238506
4.81633	2.97959	0.26085
4.93878	2.97959	0.268495
5.06122	2.97959	0.261739
5.18367	2.97959	0.241094
5.30612	2.97959	0.20728
5.42857	2.97959	0.161217
5.55102	2.97959	0.104007
5.67347	2.97959	0.102415
5.79592	2.97959	0.0948798
5.91837	2.97959	0.0804249
6.04082	2.97959	0.0606971
6.16327	2.97959	0.0374224
6.28571	2.97959	0.0123796
6.40816	2.97959	0.0126258
6.53061	2.97959	0.035789
6.65306	2.97959	0.0553327
6.77551	2.97959	0.103546
6.89796	2.97959	0.149024
7.02041	2.97959	0.185979
7.14286	2.97959	0.212999
7.26531	2.97959	0.228822
7.38776	2.97959	0.232353
7.5102	2.97959	0.222683
7.63265	2.97959	0.199099
7.7551	2.97959	0.161096
7.87755	2.97959	0.191473
8	2.97959	0.225959

2	3.14286	0.252762
2.12245	3.14286	0.204084
2.2449	3.14286	0.157191
2.36735	3.14286	0.16257
2.4898	3.14286	0.157479
2.61224	3.14286	0.143304
2.73469	3.14286	0.121567
2.85714	3.14286	0.0939038
2.97959	3.14286	0.0620378
3.10204	3.14286	0.0277565
3.22449	3.14286	0.0071169
3.34694	3.14286	0.0428409
3.46939	3.14286	0.0922353
3.59184	3.14286	0.136808
3.71429	3.14286	0.174865
3.83673	3.14286	0.204806
3.95918	3.14286	0.225156
4.08163	3.14286	0.234582
4.20408	3.14286	0.231914
4.32653	3.14286	0.216164
4.44898	3.14286	0.190067
4.57143	3.14286	0.24119
4.69388	3.14286	0.277487
4.81633	3.14286	0.298811
4.93878	3.14286	0.305242
5.06122	3.14286	0.297079
5.18367	3.14286	0.274843
5.30612	3.14286	0.239265
5.42857	3.14286	0.191275
5.55102	3.14286	0.131988
5.67347	3.14286	0.125924
5.79592	3.14286	0.113716
5.91837	3.14286	0.094497
6.04082	3.14286	0.0699352
6.16327	3.14286	0.0417792
6.28571	3.14286	0.0118318
6.40816	3.14286	0.0180778
6.53061	3.14286	0.0461207
6.65306	3.14286	0.0704961
6.77551	3.14286	0.122293
6.89796	3.14286	0.171116
7.02041	3.14286	0.211302
7.14286	3.14286	0.241421
7.26531	3.14286	0.260194
7.38776	3.14286	0.266513
7.5102	3.14286	0.259456
7.63265	3.14286	0.238299
7.7551	3.14286	0.202533
7.87755	3.14286	0.232077
8	3.14286	0.26488

2	3.30612	0.264016
2.12245	3.30612	0.215794
2.2449	3.30612	0.16901
2.36735	3.30612	0.172362
2.4898	3.30612	0.165386
2.61224	3.30612	0.149448
2.73469	3.30612	0.126051
2.85714	3.30612	0.096807
2.97959	3.30612	0.0634174
3.10204	3.30612	0.027645
3.22449	3.30612	0.00871155
3.34694	3.30612	0.0458604
3.46939	3.30612	0.0961216
3.59184	3.30612	0.141627
3.71429	3.30612	0.180703
3.83673	3.30612	0.211773
3.95918	3.30612	0.233382
4.08163	3.30612	0.244214
4.20408	3.30612	0.243116
4.32653	3.30612	0.229113
4.44898	3.30612	0.204823
4.57143	3.30612	0.254663
4.69388	3.30612	0.289876
4.81633	3.30612	0.31032
4.93878	3.30612	0.31607
5.06122	3.30612	0.307425
5.18367	3.30612	0.284896
5.30612	3.30612	0.249205
5.42857	3.30612	0.20127
5.55102	3.30612	0.142191
5.67347	3.30612	0.134203
5.79592	3.30612	0.1201
5.91837	3.30612	0.0990802
6.04082	3.30612	0.07279
6.16327	3.30612	0.0429542
6.28571	3.30612	0.0113512
6.40816	3.30612	0.0202145
6.53061	3.30612	0.0499387
6.65306	3.30612	0.0760449
6.77551	3.30612	0.128469
6.89796	3.30612	0.177867
7.02041	3.30612	0.218745
7.14286	3.30612	0.249692
7.26531	3.30612	0.269447
7.38776	3.30612	0.276916
7.5102	3.30612	0.271188
7.63265	3.30612	0.251552
7.7551	3.30612	0.217504
7.87755	3.30612	0.246092
8	3.30612	0.277488

2	3.46939	0.251411
2.12245	3.46939	0.20516
2.2449	3.46939	0.16033
2.36735	3.46939	0.16381
2.4898	3.46939	0.157377
2.61224	3.46939	0.142344
2.73469	3.46939	0.120151
2.85714	3.46939	0.0923474
2.97959	3.46939	0.0605651
3.10204	3.46939	0.026496
3.22449	3.46939	0.00813369
3.34694	3.46939	0.0435301
3.46939	3.46939	0.0915606
3.59184	3.46939	0.135027
3.71429	3.46939	0.172323
3.83673	3.46939	0.201936
3.95918	3.46939	0.222468
4.08163	3.46939	0.232658
4.20408	3.46939	0.231398
4.32653	3.46939	0.217753
4.44898	3.46939	0.194247
4.57143	3.46939	0.242158
4.69388	3.46939	0.276033
4.81633	3.46939	0.295733
4.93878	3.46939	0.301331
5.06122	3.46939	0.293113
5.18367	3.46939	0.271572
5.30612	3.46939	0.237398
5.42857	3.46939	0.191473
5.55102	3.46939	0.134854
5.67347	3.46939	0.127457
5.79592	3.46939	0.114199
5.91837	3.46939	0.0943024
6.04082	3.46939	0.0693477
6.16327	3.46939	0.0409904
6.28571	3.46939	0.0109369
6.40816	3.46939	0.0190806
6.53061	3.46939	0.047331
6.65306	3.46939	0.072109
6.77551	3.46939	0.122243
6.89796	3.46939	0.169486
7.02041	3.46939	0.208551
7.14286	3.46939	0.238086
7.26531	3.46939	0.256879
7.38776	3.46939	0.263881
7.5102	3.46939	0.258219
7.63265	3.46939	0.239208
7.7551	3.46939	0.206366
7.87755	3.46939	0.233877
8	3.46939	0.264137

2	3.63265	0.215911
2.12245	3.63265	0.17308
2.2449	3.63265	0.131978
2.36735	3.63265	0.137652
2.4898	3.63265	0.134093
2.61224	3.63265	0.122524
2.73469	3.63265	0.104286
2.85714	3.63265	0.0808214
2.97959	3.63265	0.0536513
3.10204	3.63265	0.0243513
3.22449	3.63265	0.00547086
3.34694	3.63265	0.0360653
3.46939	3.63265	0.0788927
3.59184	3.63265	0.117469
3.71429	3.63265	0.150298
3.83673	3.63265	0.175971
3.95918	3.63265	0.193185
4.08163	3.63265	0.200767
4.20408	3.63265	0.197684
4.32653	3.63265	0.183065
4.44898	3.63265	0.159359
4.57143	3.63265	0.204724
4.69388	3.63265	0.237014
4.81633	3.63265	0.256101
4.93878	3.63265	0.262054
5.06122	3.63265	0.255138
5.18367	3.63265	0.235812
5.30612	3.63265	0.204721
5.42857	3.63265	0.162683
5.55102	3.63265	0.110685
5.67347	3.63265	0.106292
5.79592	3.63265	0.096508
5.91837	3.63265	0.0805408
6.04082	3.63265	0.0598622
6.16327	3.63265	0.0360142
6.28571	3.63265	0.0105864
6.40816	3.63265	0.014808
6.53061	3.63265	0.0385563
6.65306	3.63265	0.0590704
6.77551	3.63265	0.104115
6.89796	3.63265	0.146581
7.02041	3.63265	0.18143
7.14286	3.63265	0.207402
7.26531	3.63265	0.223369
7.38776	3.63265	0.228354
7.5102	3.63265	0.221542
7.63265	3.63265	0.202298
7.7551	3.63265	0.17017
7.87755	3.63265	0.196488
8	3.63265	0.225874

2	3.79592	0.159084
2.12245	3.79592	0.121026
2.2449	3.79592	0.0853024
2.36735	3.79592	0.095096
2.4898	3.79592	0.0965819
2.61224	3.79592	0.09086
2.73469	3.79592	0.079138
2.85714	3.79592	0.0627136
2.97959	3.79592	0.0429547
3.10204	3.79592	0.0212792
3.22449	3.79592	0.000866014
3.34694	3.79592	0.0238182
3.46939	3.79592	0.0586738
3.59184	3.79592	0.0897038
3.71429	3.79592	0.115563
3.83673	3.79592	0.134983
3.95918	3.79592	0.146793
4.08163	3.79592	0.149935
4.20408	3.79592	0.143481
4.32653	3.79592	0.126648
4.44898	3.79592	0.101826
4.57143	3.79592	0.144068
4.69388	3.79592	0.174545
4.81633	3.79592	0.193142
4.93878	3.79592	0.199922
5.06122	3.79592	0.195122
5.18367	3.79592	0.179156
5.30612	3.79592	0.152603
5.42857	3.79592	0.116202
5.55102	3.79592	0.0708376
5.67347	3.79592	0.0716972
5.79592	3.79592	0.067836
5.91837	3.79592	0.0584115
6.04082	3.79592	0.0447477
6.16327	3.79592	0.0282322
6.28571	3.79592	0.0102952
6.40816	3.79592	0.00761179
6.53061	3.79592	0.0240376
6.65306	3.79592	0.0375534
6.77551	3.79592	0.0749012
6.89796	3.79592	0.110149
7.02041	3.79592	0.138543
7.14286	3.79592	0.158949
7.26531	3.79592	0.170354
7.38776	3.79592	0.171876
7.5102	3.79592	0.162784
7.63265	3.79592	0.142506
7.7551	3.79592	0.110635
7.87755	3.79592	0.135653
8	3.79592	0.164407

2	3.95918	0.0830682
2.12245	3.95918	0.0509988
2.2449	3.95918	0.0221395
2.36735	3.95918	0.0377851
2.4898	3.95918	0.0462693
2.61224	3.95918	0.0485401
2.73469	3.95918	0.0456387
2.85714	3.95918	0.0386836
2.97959	3.95918	0.0288542
3.10204	3.95918	0.0173727
3.22449	3.95918	0.00548622
3.34694	3.95918	0.00726802
3.46939	3.95918	0.0316605
3.59184	3.95918	0.0527553
3.71429	3.95918	0.0693927
3.83673	3.95918	0.0804796
3.95918	3.95918	0.0850062
4.08163	3.95918	0.0820608
4.20408	3.95918	0.0708436
4.32653	3.95918	0.0506788
4.44898	3.95918	0.0239186
4.57143	3.95918	0.0625182
4.69388	3.95918	0.0909767
4.81633	3.95918	0.109194
4.93878	3.95918	0.117225
5.06122	3.95918	0.115274
5.18367	3.95918	0.103697
5.30612	3.95918	0.0829942
5.42857	3.95918	0.0538018
5.55102	3.95918	0.0168832
5.67347	3.95918	0.0250178
5.79592	3.95918	0.0292833
5.91837	3.95918	0.028753
6.04082	3.95918	0.0245684
6.16327	3.95918	0.0179255
6.28571	3.95918	0.0100573
6.40816	3.95918	0.00221498
6.53061	3.95918	0.00435056
6.65306	3.95918	0.00840759
6.77551	3.95918	0.0357124
6.89796	3.95918	0.0615445
7.02041	3.95918	0.081469
7.14286	3.95918	0.094508
7.26531	3.95918	0.0997869
7.38776	3.95918	0.0965473
7.5102	3.95918	0.0841582
7.63265	3.95918	0.0621258
7.7551	3.95918	0.0301007
7.87755	3.95918	0.0537197
8	3.95918	0.0820618

2	4.12245	0.0653783
2.12245	4.12245	0.0393246
2.2449	4.12245	0.0159303
2.36735	4.12245	0.0289466
2.4898	4.12245	0.0361382
2.61224	4.12245	0.0382763
2.73469	4.12245	0.0362075
2.85714	4.12245	0.0308417
2.97959	4.12245	0.0231381
3.10204	4.12245	0.0140908
3.22449	4.12245	0.00471403
3.34694	4.12245	0.00537543
3.46939	4.12245	0.0249865
3.59184	4.12245	0.0419153
3.71429	4.12245	0.0552188
3.83673	4.12245	0.0640078
3.95918	4.12245	0.067461
4.08163	4.12245	0.0648369
4.20408	4.12245	0.055485
4.32653	4.12245	0.0388556
4.44898	4.12245	0.0168737
4.57143	4.12245	0.0483567
4.69388	4.12245	0.0715916
4.81633	4.12245	0.0864972
4.93878	4.12245	0.0931169
5.06122	4.12245	0.0916184
5.18367	4.12245	0.082291
5.30612	4.12245	0.0655409
5.42857	4.12245	0.0418857
5.55102	4.12245	0.0119466
5.67347	4.12245	0.0188616
5.79592	4.12245	0.0226377
5.91837	4.12245	0.0225133
6.04082	4.12245	0.0194166
6.16327	4.12245	0.0143205
6.28571	4.12245	0.00822783
6.40816	4.12245	0.00215619
6.53061	4.12245	0.002877
6.65306	4.12245	0.0058699
6.77551	4.12245	0.0278805
6.89796	4.12245	0.048707
7.02041	4.12245	0.0647285
7.14286	4.12245	0.0751497
7.26531	4.12245	0.0792594
7.38776	4.12245	0.0764405
7.5102	4.12245	0.06618
7.63265	4.12245	0.0480762
7.7551	4.12245	0.0218448
7.87755	4.12245	0.0411381
8	4.12245	0.0643336

2	4.28571	0.0591903
2.12245	4.28571	0.0396646
2.2449	4.28571	0.0218836
2.36735	4.28571	0.0301604
2.4898	4.28571	0.0341041
2.61224	4.28571	0.0342884
2.73469	4.28571	0.0313432
2.85714	4.28571	0.0259454
2.97959	4.28571	0.0188083
3.10204	4.28571	0.0106717
3.22449	4.28571	0.00229008
3.34694	4.28571	0.00658818
3.46939	4.28571	0.0222808
3.59184	4.28571	0.0359781
3.71429	4.28571	0.0469784
3.83673	4.28571	0.0546204
3.95918	4.28571	0.058293
4.08163	4.28571	0.0574446
4.20408	4.28571	0.0515914
4.32653	4.28571	0.0403243
4.44898	4.28571	0.0250188
4.57143	4.28571	0.0480125
4.69388	4.28571	0.0648704
4.81633	4.28571	0.075532
4.93878	4.28571	0.0800296
5.06122	4.28571	0.0784881
5.18367	4.28571	0.0711224
5.30612	4.28571	0.058235
5.42857	4.28571	0.0402109
5.55102	4.28571	0.017512
5.67347	4.28571	0.0212128
5.79592	4.28571	0.0225394
5.91837	4.28571	0.0209644
6.04082	4.28571	0.0171783
6.16327	4.28571	0.0119048
6.28571	4.28571	0.0058899
6.40816	4.28571	0.000109325
6.53061	4.28571	0.00533604
6.65306	4.28571	0.00904495
6.77551	4.28571	0.0263735
6.89796	4.28571	0.0427551
7.02041	4.28571	0.0555623
7.14286	4.28571	0.0642034
7.26531	4.28571	0.0681492
7.38776	4.28571	0.0669409
7.5102	4.28571	0.0601966
7.63265	4.28571	0.0476176
7.7551	4.28571	0.0289924
7.87755	4.28571	0.042944
8	4.28571	0.0595054

2	4.44898	0.0429938
2.12245	4.44898	0.0306306
2.2449	4.44898	0.0192376
2.36735	4.44898	0.0236784
2.4898	4.44898	0.025393
2.61224	4.44898	0.0247424
2.73469	4.44898	0.0221228
2.85714	4.44898	0.0179602
2.97959	4.44898	0.0127033
3.10204	4.44898	0.00681748
3.22449	4.44898	0.000777513
3.34694	4.44898	0.00555657
3.46939	4.44898	0.0160314
3.59184	4.44898	0.0252508
3.71429	4.44898	0.0327734
3.83673	4.44898	0.0381831
3.95918	4.44898	0.0410955
4.08163	4.44898	0.0411634
4.20408	4.44898	0.0380825
4.32653	4.44898	0.0315955
4.44898	4.44898	0.0225367
4.57143	4.44898	0.0367707
4.69388	4.44898	0.0471442
4.81633	4.44898	0.0536193
4.93878	4.44898	0.0562164
5.06122	4.44898	0.0550138
5.18367	4.44898	0.050147
5.30612	4.44898	0.0418061
5.42857	4.44898	0.0302335
5.55102	4.44898	0.0157196
5.67347	4.44898	0.0172611
5.79592	4.44898	0.0172876
5.91837	4.44898	0.0154885
6.04082	4.44898	0.0122983
6.16327	4.44898	0.00817229
6.28571	4.44898	0.00357981
6.40816	4.44898	0.0010028
6.53061	4.44898	0.00509939
6.65306	4.44898	0.00824104
6.77551	4.44898	0.0196638
6.89796	4.44898	0.0304548
7.02041	4.44898	0.038997
7.14286	4.44898	0.044918
7.26531	4.44898	0.047885
7.38776	4.44898	0.0476092
7.5102	4.44898	0.0438504
7.63265	4.44898	0.0364206
7.7551	4.44898	0.0251869
7.87755	4.44898	0.0337461
8	4.44898	0.0437875

2	4.61224	0.0205005
2.12245	4.61224	0.0156988
2.2449	4.61224	0.0111813
2.36735	4.61224	0.0123546
2.4898	4.61224	0.0124812
2.61224	4.61224	0.0116995
2.73469	4.61224	0.0101618
2.85714	4.61224	0.00803159
2.97959	4.61224	0.00548123
3.10204	4.61224	0.00268939
3.22449	4.61224	0.000161647
3.34694	4.61224	0.00311291
3.46939	4.61224	0.0075524
3.59184	4.61224	0.0115099
3.71429	4.61224	0.0148158
3.83673	4.61224	0.0173105
3.95918	4.61224	0.0188462
4.08163	4.61224	0.0192897
4.20408	4.61224	0.0185242
4.32653	4.61224	0.0164508
4.44898	4.61224	0.0133684
4.57143	4.61224	0.0186725
4.69388	4.61224	0.0224942
4.81633	4.61224	0.0248191
4.93878	4.61224	0.0256548
5.06122	4.61224	0.0250317
5.18367	4.61224	0.0230015
5.30612	4.61224	0.0196374
5.42857	4.61224	0.0150323
5.55102	4.61224	0.00929798
5.67347	4.61224	0.00934397
5.79592	4.61224	0.00879346
5.91837	4.61224	0.00754196
6.04082	4.61224	0.0057563
6.16327	4.61224	0.00361132
6.28571	4.61224	0.00128724
6.40816	4.61224	0.00103306
6.53061	4.61224	0.00316674
6.65306	4.61224	0.00493374
6.77551	4.61224	0.00968083
6.89796	4.61224	0.0141604
7.02041	4.61224	0.0177765
7.14286	4.61224	0.0203861
7.26531	4.61224	0.0218614
7.38776	4.61224	0.0220916
7.5102	4.61224	0.0209844
7.63265	4.61224	0.0184677
7.7551	4.61224	0.0144903
7.87755	4.61224	0.0176252
8	4.61224	0.0212183

2	4.77551	0.00441075
2.12245	4.77551	0.00149753
2.2449	4.77551	0.00104765
2.36735	4.77551	0.000828256
2.4898	4.77551	0.00204371
2.61224	4.77551	0.00268615
2.73469	4.77551	0.00285159
2.85714	4.77551	0.00264318
2.97959	4.77551	0.00216969
3.10204	4.77551	0.00154384
3.22449	4.77551	0.000880634
3.34694	4.77551	0.000127055
3.46939	4.77551	0.00178264
3.59184	4.77551	0.00338821
3.71429	4.77551	0.0045827
3.83673	4.77551	0.0052653
3.95918	4.77551	0.00534289
4.08163	4.77551	0.00473137
4.20408	4.77551	0.00335701
4.32653	4.77551	0.00115745
4.44898	4.77551	0.00163289
4.57143	4.77551	0.00205834
4.69388	4.77551	0.00481433
4.81633	4.77551	0.00662586
4.93878	4.77551	0.00749788
5.06122	4.77551	0.00744938
5.18367	4.77551	0.00651317
5.30612	4.77551	0.00473531
5.42857	4.77551	0.00217451
5.55102	4.77551	0.00109884
5.67347	4.77551	9.58289e-05
5.79592	4.77551	0.000945707
5.91837	4.77551	0.00135331
6.04082	4.77551	0.00142388
6.16327	4.77551	0.00126775
6.28571	4.77551	0.000998615
6.40816	4.77551	0.000731866
6.53061	4.77551	0.000582865
6.65306	4.77551	0.000665211
6.77551	4.77551	0.00155899
6.89796	4.77551	0.0036677
7.02041	4.77551	0.00523157
7.14286	4.77551	0.00616045
7.26531	4.77551	0.00637366
7.38776	4.77551	0.00580125
7.5102	4.77551	0.00438505
7.63265	4.77551	0.0020795
7.7551	4.77551	0.00114762
7.87755	4.77551	0.00115407
8	4.77551	0.00398158

2	4.93878	0.0277964
2.12245	4.93878	0.0172651
2.2449	4.93878	0.00777531
2.36735	4.93878	0.0128382
2.4898	4.93878	0.0155509
2.61224	4.93878	0.0162246
2.73469	4.93878	0.015201
2.85714	4.93878	0.0128471
2.97959	4.93878	0.00955001
3.10204	4.93878	0.00571073
3.22449	4.93878	0.00173854
3.34694	4.93878	0.00251671
3.46939	4.93878	0.0105775
3.59184	4.93878	0.0175562
3.71429	4.93878	0.0230721
3.83673	4.93878	0.0267665
3.95918	4.93878	0.0283081
4.08163	4.93878	0.0273976
4.20408	4.93878	0.0237726
4.32653	4.93878	0.0172113
4.44898	4.93878	0.00848283
4.57143	4.93878	0.0211281
4.69388	4.93878	0.0304455
4.81633	4.93878	0.0364022
4.93878	4.93878	0.0390157
5.06122	4.93878	0.0383538
5.18367	4.93878	0.034533
5.30612	4.93878	0.0277175
5.42857	4.93878	0.0181159
5.55102	4.93878	0.00597881
5.67347	4.93878	0.00857493
5.79592	4.93878	0.00989936
5.91837	4.93878	0.00965
6.04082	4.93878	0.00820142
6.16327	4.93878	0.00594612
6.28571	4.93878	0.00328871
6.40816	4.93878	0.000639797
6.53061	4.93878	0.00159013
6.65306	4.93878	0.00299684
6.77551	4.93878	0.0120058
6.89796	4.93878	0.0205281
7.02041	4.93878	0.0271118
7.14286	4.93878	0.0314359
7.26531	4.93878	0.0332134
7.38776	4.93878	0.0321955
7.5102	4.93878	0.028175
7.63265	4.93878	0.0209899
7.7551	4.93878	0.0105256
7.87755	4.93878	0.0182561
8	4.93878	0.0275217

2	5.10204	0.0457538
2.12245	5.10204	0.0279484
2.2449	5.10204	0.0119343
2.36735	5.10204	0.0206741
2.4898	5.10204	0.0254367
2.61224	5.10204	0.0267485
2.73469	5.10204	0.0251878
2.85714	5.10204	0.0213758
2.97959	5.10204	0.0159675
3.10204	5.10204	0.00964157
3.22449	5.10204	0.00309075
3.34694	5.10204	0.0039432
3.46939	5.10204	0.0174504
3.59184	5.10204	0.0291262
3.71429	5.10204	0.0383265
3.83673	5.10204	0.0444441
3.95918	5.10204	0.0469183
4.08163	5.10204	0.0452427
4.20408	5.10204	0.0389732
4.32653	5.10204	0.0277344
4.44898	5.10204	0.0128347
4.57143	5.10204	0.0342873
4.69388	5.10204	0.0501079
4.81633	5.10204	0.0602409
4.93878	5.10204	0.0647161
5.06122	5.10204	0.063648
5.18367	5.10204	0.0572339
5.30612	5.10204	0.0457515
5.42857	5.10204	0.0295541
5.55102	5.10204	0.00906578
5.67347	5.10204	0.0136355
5.79592	5.10204	0.0160579
5.91837	5.10204	0.0158168
6.04082	5.10204	0.0135462
6.16327	5.10204	0.00991031
6.28571	5.10204	0.0055939
6.40816	5.10204	0.00129188
6.53061	5.10204	0.00230106
6.65306	5.10204	0.00450082
6.77551	5.10204	0.0196309
6.89796	5.10204	0.0339454
7.02041	5.10204	0.044979
7.14286	5.10204	0.0521885
7.26531	5.10204	0.0550883
7.38776	5.10204	0.053257
7.5102	5.10204	0.0463444
7.63265	5.10204	0.0340762
7.7551	5.10204	0.0162581
7.87755	5.10204	0.02939
8	5.10204	0.0451555

2	5.26531	0.0545245
2.12245	5.26531	0.0300274
2.2449	5.26531	0.00820004
2.36735	5.26531	0.0214463
2.4898	5.26531	0.0291938
2.61224	5.26531	0.0321707
2.73469	5.26531	0.0311762
2.85714	5.26531	0.0270693
2.97959	5.26531	0.0207553
3.10204	5.26531	0.0131729
3.22449	5.26531	0.00527952
3.34694	5.26531	0.00330961
3.46939	5.26531	0.0210706
3.59184	5.26531	0.0362996
3.71429	5.26531	0.048106
3.83673	5.26531	0.0556508
3.95918	5.26531	0.0581583
4.08163	5.26531	0.0549288
4.20408	5.26531	0.0453481
4.32653	5.26531	0.0288972
4.44898	5.26531	0.00743196
4.57143	5.26531	0.0374437
4.69388	5.26531	0.059669
4.81633	5.26531	0.0740311
4.93878	5.26531	0.0805712
5.06122	5.26531	0.0794476
5.18367	5.26531	0.0709331
5.30612	5.26531	0.0554115
5.42857	5.26531	0.0333714
5.55102	5.26531	0.00539902
5.67347	5.26531	0.0129108
5.79592	5.26531	0.017486
5.91837	5.26531	0.0183791
6.04082	5.26531	0.0164662
6.16327	5.26531	0.0126658
6.28571	5.26531	0.00792464
6.40816	5.26531	0.00320333
6.53061	5.26531	0.000537649
6.65306	5.26531	0.00235255
6.77551	5.26531	0.0224804
6.89796	5.26531	0.0415355
7.02041	5.26531	0.0560545
7.14286	5.26531	0.0652867
7.26531	5.26531	0.0685606
7.38776	5.26531	0.0652938
7.5102	5.26531	0.055002
7.63265	5.26531	0.0373058
7.7551	5.26531	0.011937
7.87755	5.26531	0.0304236
8	5.26531	0.0527938

2	5.42857	0.102425
2.12245	5.42857	0.0713336
2.2449	5.42857	0.0428212
2.36735	5.42857	0.054815
2.4898	5.42857	0.0599351
2.61224	5.42857	0.0590913
2.73469	5.42857	0.0532831
2.85714	5.42857	0.043584
2.97959	5.42857	0.031126
3.10204	5.42857	0.0170823
3.22449	5.42857	0.00264986
3.34694	5.42857	0.0125432
3.46939	5.42857	0.0383291
3.59184	5.42857	0.0609497
3.71429	5.42857	0.079292
3.83673	5.42857	0.0923066
3.95918	5.42857	0.0990245
4.08163	5.42857	0.0985704
4.20408	5.42857	0.0901768
4.32653	5.42857	0.0731949
4.44898	5.42857	0.0497606
4.57143	5.42857	0.0858922
4.69388	5.42857	0.11229
4.81633	5.42857	0.128858
4.93878	5.42857	0.135648
5.06122	5.42857	0.132858
5.18367	5.42857	0.120829
5.30612	5.42857	0.10004
5.42857	5.42857	0.0711022
5.55102	5.42857	0.0347487
5.67347	5.42857	0.0394533
5.79592	5.42857	0.0403601
5.91837	5.42857	0.0366638
6.04082	5.42857	0.0294599
6.16327	5.42857	0.0198965
6.28571	5.42857	0.009157
6.40816	5.42857	0.00155768
6.53061	5.42857	0.0110469
6.65306	5.42857	0.0181283
6.77551	5.42857	0.0463888
6.89796	5.42857	0.073094
7.02041	5.42857	0.0941288
7.14286	5.42857	0.108555
7.26531	5.42857	0.115532
7.38776	5.42857	0.114333
7.5102	5.42857	0.104352
7.63265	5.42857	0.0851152
7.7551	5.42857	0.0562869
7.87755	5.42857	0.0780953
8	5.42857	0.103807

2	5.59184	0.171469
2.12245	5.59184	0.134285
2.2449	5.59184	0.098992
2.36735	5.59184	0.106234
2.4898	5.59184	0.105411
2.61224	5.59184	0.097589
2.73469	5.59184	0.0839414
2.85714	5.59184	0.0657282
2.97959	5.59184	0.0442774
3.10204	5.59184	0.0209658
3.22449	5.59184	0.00280186
3.34694	5.59184	0.0272989
3.46939	5.59184	0.0629198
3.59184	5.59184	0.0948265
3.71429	5.59184	0.121713
3.83673	5.59184	0.142347
3.95918	5.59184	0.155593
4.08163	5.59184	0.160422
4.20408	5.59184	0.155935
4.32653	5.59184	0.14137
4.44898	5.59184	0.118957
4.57143	5.59184	0.159283
4.69388	5.59184	0.188186
4.81633	5.59184	0.205554
4.93878	5.59184	0.211449
5.06122	5.59184	0.206101
5.18367	5.59184	0.189911
5.30612	5.59184	0.163442
5.42857	5.59184	0.127412
5.55102	5.59184	0.0826786
5.67347	5.59184	0.0811869
5.79592	5.59184	0.0750486
5.91837	5.59184	0.0635089
6.04082	5.59184	0.0478531
6.16327	5.59184	0.0294285
6.28571	5.59184	0.00962372
6.40816	5.59184	0.0101519
6.53061	5.59184	0.0284894
6.65306	5.59184	0.0440015
6.77551	5.59184	0.0818018
6.89796	5.59184	0.117456
7.02041	5.59184	0.146457
7.14286	5.59184	0.167703
7.26531	5.59184	0.180207
7.38776	5.59184	0.183118
7.5102	5.59184	0.175723
7.63265	5.59184	0.157466
7.7551	5.59184	0.127954
7.87755	5.59184	0.151598
8	5.59184	0.178398

2	5.7551	0.221883
2.12245	5.7551	0.179787
2.2449	5.7551	0.139155
2.36735	5.7551	0.143328
2.4898	5.7551	0.138457
2.61224	5.7551	0.12574
2.73469	5.7551	0.106491
2.85714	5.7551	0.0821223
2.97959	5.7551	0.0541239
3.10204	5.7551	0.0240392
3.22449	5.7551	0.00655701
3.34694	5.7551	0.0378766
3.46939	5.7551	0.0809138
3.59184	5.7551	0.119787
3.71429	5.7551	0.15303
3.83673	5.7551	0.179264
3.95918	5.7551	0.197214
4.08163	5.7551	0.205727
4.20408	5.7551	0.203794
4.32653	5.7551	0.190561
4.44898	5.7551	0.168371
4.57143	5.7551	0.212387
4.69388	5.7551	0.243596
4.81633	5.7551	0.261871
4.93878	5.7551	0.267282
5.06122	5.7551	0.260088
5.18367	5.7551	0.240737
5.30612	5.7551	0.209862
5.42857	5.7551	0.168265
5.55102	5.7551	0.116912
5.67347	5.7551	0.111187
5.79592	5.7551	0.100144
5.91837	5.7551	0.0830437
6.04082	5.7551	0.0613286
6.16327	5.7551	0.0365092
6.28571	5.7551	0.0101423
6.40816	5.7551	0.016192
6.53061	5.7551	0.0409138
6.65306	5.7551	0.0624677
6.77551	5.7551	0.10753
6.89796	5.7551	0.150001
7.02041	5.7551	0.185012
7.14286	5.7551	0.211327
7.26531	5.7551	0.227842
7.38776	5.7551	0.2336
7.5102	5.7551	0.227803
7.63265	5.7551	0.209827
7.7551	5.7551	0.179233
7.87755	5.7551	0.204617
8	5.7551	0.232718

2	5.91837	0.251407
2.12245	5.91837	0.205724
2.2449	5.91837	0.16137
2.36735	5.91837	0.164359
2.4898	5.91837	0.157568
2.61224	5.91837	0.14229
2.73469	5.91837	0.119948
2.85714	5.91837	0.0920695
2.97959	5.91837	0.060265
3.10204	5.91837	0.0262041
3.22449	5.91837	0.00840991
3.34694	5.91837	0.0437699
3.46939	5.91837	0.0915114
3.59184	5.91837	0.134749
3.71429	5.91837	0.171899
3.83673	5.91837	0.201467
3.95918	5.91837	0.222076
4.08163	5.91837	0.232479
4.20408	5.91837	0.231584
4.32653	5.91837	0.218469
4.44898	5.91837	0.195605
4.57143	5.91837	0.242746
4.69388	5.91837	0.276036
4.81633	5.91837	0.295339
4.93878	5.91837	0.300728
5.06122	5.91837	0.292485
5.18367	5.91837	0.271095
5.30612	5.91837	0.23724
5.42857	5.91837	0.19179
5.55102	5.91837	0.135787
5.67347	5.91837	0.128033
5.79592	5.91837	0.114482
5.91837	5.91837	0.0943821
6.04082	5.91837	0.0692906
6.16327	5.91837	0.0408415
6.28571	5.91837	0.0107189
6.40816	5.91837	0.0193684
6.53061	5.91837	0.0477118
6.65306	5.91837	0.072629
6.77551	5.91837	0.122399
6.89796	5.91837	0.169295
7.02041	5.91837	0.208123
7.14286	5.91837	0.237546
7.26531	5.91837	0.25637
7.38776	5.91837	0.26356
7.5102	5.91837	0.258253
7.63265	5.91837	0.239776
7.7551	5.91837	0.20765
7.87755	5.91837	0.234669
8	5.91837	0.264309

2	6.08163	0.258339
2.12245	6.08163	0.2105
2.2449	6.08163	0.164173
2.36735	6.08163	0.168019
2.4898	6.08163	0.161606
2.61224	6.08163	0.146294
2.73469	6.08163	0.123572
2.85714	6.08163	0.0950441
2.97959	6.08163	0.0623986
3.10204	6.08163	0.0273866
3.22449	6.08163	0.0082055
3.34694	6.08163	0.0445969
3.46939	6.08163	0.0941097
3.59184	6.08163	0.138899
3.71429	6.08163	0.177303
3.83673	6.08163	0.207756
3.95918	6.08163	0.228812
4.08163	6.08163	0.239165
4.20408	6.08163	0.23767
4.32653	6.08163	0.223357
4.44898	6.08163	0.198849
4.57143	6.08163	0.248505
4.69388	6.08163	0.283635
4.81633	6.08163	0.304095
4.93878	6.08163	0.309963
5.06122	6.08163	0.301533
5.18367	6.08163	0.279315
5.30612	6.08163	0.244024
5.42857	6.08163	0.196573
5.55102	6.08163	0.138054
5.67347	6.08163	0.13065
5.79592	6.08163	0.117188
5.91837	6.08163	0.0968559
6.04082	6.08163	0.0712894
6.16327	6.08163	0.0422015
6.28571	6.08163	0.0113584
6.40816	6.08163	0.0194476
6.53061	6.08163	0.0484248
6.65306	6.08163	0.0738086
6.77551	6.08163	0.125524
6.89796	6.08163	0.174259
7.02041	6.08163	0.214532
7.14286	6.08163	0.244941
7.26531	6.08163	0.264235
7.38776	6.08163	0.271326
7.5102	6.08163	0.265312
7.63265	6.08163	0.245484
7.7551	6.08163	0.211342
7.87755	6.08163	0.239882
8	6.08163	0.271318

2	6.2449	0.241576
2.12245	6.2449	0.193083
2.2449	6.2449	0.146618
2.36735	6.2449	0.153459
2.4898	6.2449	0.149838
2.61224	6.2449	0.137139
2.73469	6.2449	0.116884
2.85714	6.2449	0.0907061
2.97959	6.2449	0.0603292
3.10204	6.2449	0.0275387
3.22449	6.2449	0.00584343
3.34694	6.2449	0.0401106
3.46939	6.2449	0.0883184
3.59184	6.2449	0.131708
3.71429	6.2449	0.168586
3.83673	6.2449	0.197355
3.95918	6.2449	0.21654
4.08163	6.2449	0.224808
4.20408	6.2449	0.220992
4.32653	6.2449	0.204103
4.44898	6.2449	0.176933
4.57143	6.2449	0.228464
4.69388	6.2449	0.26518
4.81633	6.2449	0.286933
4.93878	6.2449	0.293804
5.06122	6.2449	0.286092
5.18367	6.2449	0.264317
5.30612	6.2449	0.22921
5.42857	6.2449	0.1817
5.55102	6.2449	0.122902
5.67347	6.2449	0.118346
5.79592	6.2449	0.107693
5.91837	6.2449	0.0900328
6.04082	6.2449	0.0670341
6.16327	6.2449	0.040444
6.28571	6.2449	0.0120637
6.40816	6.2449	0.0162787
6.53061	6.2449	0.0427559
6.65306	6.2449	0.0655682
6.77551	6.2449	0.116332
6.89796	6.2449	0.164193
7.02041	6.2449	0.203423
7.14286	6.2449	0.232594
7.26531	6.2449	0.250427
7.38776	6.2449	0.255816
7.5102	6.2449	0.247837
7.63265	6.2449	0.22577
7.7551	6.2449	0.189104
7.87755	6.2449	0.219044
8	6.2449	0.252546

2	6.40816	0.200647
2.12245	6.40816	0.153032
2.2449	6.40816	0.1083
2.36735	6.40816	0.120318
2.4898	6.40816	0.121947
2.61224	6.40816	0.114563
2.73469	6.40816	0.0996768
2.85714	6.40816	0.0789098
2.97959	6.40816	0.0539732
3.10204	6.40816	0.02664
3.22449	6.40816	0.00128074
3.34694	6.40816	0.030205
3.46939	6.40816	0.0739705
3.59184	6.40816	0.112952
3.71429	6.40816	0.145468
3.83673	6.40816	0.169932
3.95918	6.40816	0.184879
4.08163	6.40816	0.188988
4.20408	6.40816	0.181097
4.32653	6.40816	0.160226
4.44898	6.40816	0.129358
4.57143	6.40816	0.182111
4.69388	6.40816	0.220152
4.81633	6.40816	0.243338
4.93878	6.40816	0.251746
5.06122	6.40816	0.245675
5.18367	6.40816	0.22564
5.30612	6.40816	0.192367
5.42857	6.40816	0.146779
5.55102	6.40816	0.0899829
5.67347	6.40816	0.0908231
5.79592	6.40816	0.0857538
5.91837	6.40816	0.0737276
6.04082	6.40816	0.0564004
6.16327	6.40816	0.0355071
6.28571	6.40816	0.0128363
6.40816	6.40816	0.0097969
6.53061	6.40816	0.030578
6.65306	6.40816	0.0477202
6.77551	6.40816	0.0945779
6.89796	6.40816	0.138798
7.02041	6.40816	0.174449
7.14286	6.40816	0.200111
7.26531	6.40816	0.214517
7.38776	6.40816	0.216565
7.5102	6.40816	0.20534
7.63265	6.40816	0.180127
7.7551	6.40816	0.140418
7.87755	6.40816	0.171636
8	6.40816	0.207481

2	6.57143	0.135722
2.12245	6.57143	0.0905067
2.2449	6.57143	0.0493641
2.36735	6.57143	0.0687255
2.4898	6.57143	0.0780486
2.61224	6.57143	0.0786624
2.73469	6.57143	0.0720262
2.85714	6.57143	0.059708
2.97959	6.57143	0.0433607
3.10204	6.57143	0.0246977
3.22449	6.57143	0.00546702
3.34694	6.57143	0.0149186
3.46939	6.57143	0.0511265
3.59184	6.57143	0.082712
3.71429	6.57143	0.108049
3.83673	6.57143	0.125607
3.95918	6.57143	0.133968
4.08163	6.57143	0.131856
4.20408	6.57143	0.11815
4.32653	6.57143	0.0919009
4.44898	6.57143	0.0563039
4.57143	6.57143	0.10963
4.69388	6.57143	0.14874
4.81633	6.57143	0.173496
4.93878	6.57143	0.183973
5.06122	6.57143	0.180458
5.18367	6.57143	0.163451
5.30612	6.57143	0.133652
5.42857	6.57143	0.0919528
5.55102	6.57143	0.0394236
5.67347	6.57143	0.0481889
5.79592	6.57143	0.0514593
5.91837	6.57143	0.0480074
6.04082	6.57143	0.0394332
6.16327	6.57143	0.0274132
6.28571	6.57143	0.0136756
6.40816	6.57143	2.56267e-05
6.53061	6.57143	0.0119372
6.65306	6.57143	0.0203326
6.77551	6.57143	0.0603502
6.89796	6.57143	0.0981831
7.02041	6.57143	0.127735
7.14286	6.57143	0.147636
7.26531	6.57143	0.156659
7.38776	6.57143	0.153741
7.5102	6.57143	0.137999
7.63265	6.57143	0.108739
7.7551	6.57143	0.0654728
7.87755	6.57143	0.0978474
8	6.57143	0.136307

2	6.73469	0.106622
2.12245	6.73469	0.0644701
2.2449	6.73469	0.0266002
2.36735	6.73469	0.0475362
2.4898	6.73469	0.0590511
2.61224	6.73469	0.0623923
2.73469	6.73469	0.0589293
2.85714	6.73469	0.0501337
2.97959	6.73469	0.0375568
3.10204	6.73469	0.0228065
3.22449	6.73469	0.00752342
3.34694	6.73469	0.00890963
3.46939	6.73469	0.0407207
3.59184	6.73469	0.0681936
3.71429	6.73469	0.0898027
3.83673	6.73469	0.10411
3.95918	6.73469	0.109787
4.08163	6.73469	0.105635
4.20408	6.73469	0.0906004
4.32653	6.73469	0.0637954
4.44898	6.73469	0.0283284
4.57143	6.73469	0.0792142
4.69388	6.73469	0.116759
4.81633	6.73469	0.140832
4.93878	6.73469	0.151504
5.06122	6.73469	0.149045
5.18367	6.73469	0.133923
5.30612	6.73469	0.106795
5.42857	6.73469	0.0684995
5.55102	6.73469	0.0200398
5.67347	6.73469	0.0311042
5.79592	6.73469	0.0370886
5.91837	6.73469	0.0367641
6.04082	6.73469	0.0316322
6.16327	6.73469	0.0232664
6.28571	6.73469	0.0132887
6.40816	6.73469	0.00334501
6.53061	6.73469	0.00491904
6.65306	6.73469	0.00988308
6.77551	6.73469	0.0455628
6.89796	6.73469	0.0793219
7.02041	6.73469	0.105309
7.14286	6.73469	0.122239
7.26531	6.73469	0.12896
7.38776	6.73469	0.124474
7.5102	6.73469	0.107953
7.63265	6.73469	0.078745
7.7551	6.73469	0.0363916
7.87755	6.73469	0.0675637
8	6.73469	0.105023

2	6.89796	0.138376
2.12245	6.89796	0.0995399
2.2449	6.89796	0.0636704
2.36735	6.89796	0.0771386
2.4898	6.89796	0.0820537
2.61224	6.89796	0.0795479
2.73469	6.89796	0.0708647
2.85714	6.89796	0.0573402
2.97959	6.89796	0.0403826
3.10204	6.89796	0.0214519
3.22449	6.89796	0.00203751
3.34694	6.89796	0.0182886
3.46939	6.89796	0.051517
3.59184	6.89796	0.0808069
3.71429	6.89796	0.104773
3.83673	6.89796	0.12211
3.95918	6.89796	0.131612
4.08163	6.89796	0.13219
4.20408	6.89796	0.122888
4.32653	6.89796	0.1029
4.44898	6.89796	0.0748247
4.57143	6.89796	0.119342
4.69388	6.89796	0.151747
4.81633	6.89796	0.171921
4.93878	6.89796	0.179928
5.06122	6.89796	0.176015
5.18367	6.89796	0.160604
5.30612	6.89796	0.134294
5.42857	6.89796	0.097845
5.55102	6.89796	0.0521679
5.67347	6.89796	0.0565275
5.79592	6.89796	0.056121
5.91837	6.89796	0.0499868
6.04082	6.89796	0.0394881
6.16327	6.89796	0.0260534
6.28571	6.89796	0.0111551
6.40816	6.89796	0.00371213
6.53061	6.89796	0.0170545
6.65306	6.89796	0.0274009
6.77551	6.89796	0.0635542
6.89796	6.89796	0.0977038
7.02041	6.89796	0.124798
7.14286	6.89796	0.143668
7.26531	6.89796	0.15327
7.38776	6.89796	0.152698
7.5102	6.89796	0.141199
7.63265	6.89796	0.118182
7.7551	6.89796	0.0832306
7.87755	6.89796	0.109952
8	6.89796	0.141227

2	7.06122	0.150374
2.12245	7.06122	0.116106
2.2449	7.06122	0.0837662
2.36735	7.06122	0.0915502
2.4898	7.06122	0.0918764
2.61224	7.06122	0.0857321
2.73469	7.06122	0.0742015
2.85714	7.06122	0.0584495
2.97959	7.06122	0.0397041
3.10204	7.06122	0.0192382
3.22449	7.06122	0.00164938
3.34694	7.06122	0.0232373
3.46939	7.06122	0.0553183
3.59184	7.06122	0.0839651
3.71429	7.06122	0.10797
3.83673	7.06122	0.126195
3.95918	7.06122	0.137587
4.08163	7.06122	0.141199
4.20408	7.06122	0.136196
4.32653	7.06122	0.121876
4.44898	7.06122	0.100344
4.57143	7.06122	0.137958
4.69388	7.06122	0.165012
4.81633	7.06122	0.181401
4.93878	7.06122	0.187181
5.06122	7.06122	0.182566
5.18367	7.06122	0.167927
5.30612	7.06122	0.143785
5.42857	7.06122	0.110802
5.55102	7.06122	0.0697721
5.67347	7.06122	0.0695094
5.79592	7.06122	0.0649808
5.91837	7.06122	0.055458
6.04082	7.06122	0.0421295
6.16327	7.06122	0.0262411
6.28571	7.06122	0.00907657
6.40816	7.06122	0.00806097
6.53061	7.06122	0.0238689
6.65306	7.06122	0.0370645
6.77551	7.06122	0.0712758
6.89796	7.06122	0.103554
7.02041	7.06122	0.129681
7.14286	7.06122	0.148637
7.26531	7.06122	0.159511
7.38776	7.06122	0.161515
7.5102	7.06122	0.15399
7.63265	7.06122	0.136423
7.7551	7.06122	0.108449
7.87755	7.06122	0.13062
8	7.06122	0.155936

2	7.22449	0.145146
2.12245	7.22449	0.116538
2.2449	7.22449	0.0890613
2.36735	7.22449	0.0927164
2.4898	7.22449	0.0902072
2.61224	7.22449	0.08235
2.73469	7.22449	0.0700408
2.85714	7.22449	0.0542425
2.97959	7.22449	0.03597
3.10204	7.22449	0.0162755
3.22449	7.22449	0.00376763
3.34694	7.22449	0.0243231
3.46939	7.22449	0.0530203
3.59184	7.22449	0.0788789
3.71429	7.22449	0.100901
3.83673	7.22449	0.118145
3.95918	7.22449	0.129743
4.08163	7.22449	0.134909
4.20408	7.22449	0.132955
4.32653	7.22449	0.1233
4.44898	7.22449	0.107572
4.57143	7.22449	0.137818
4.69388	7.22449	0.159335
4.81633	7.22449	0.172038
4.93878	7.22449	0.175972
5.06122	7.22449	0.171314
5.18367	7.22449	0.158372
5.30612	7.22449	0.137574
5.42857	7.22449	0.109468
5.55102	7.22449	0.0747123
5.67347	7.22449	0.071643
5.79592	7.22449	0.0649705
5.91837	7.22449	0.0541701
6.04082	7.22449	0.0402242
6.16327	7.22449	0.0241624
6.28571	7.22449	0.0070459
6.40816	7.22449	0.0100483
6.53061	7.22449	0.0260436
6.65306	7.22449	0.0398796
6.77551	7.22449	0.0700429
6.89796	7.22449	0.0984782
7.02041	7.22449	0.121829
7.14286	7.22449	0.139252
7.26531	7.22449	0.149996
7.38776	7.22449	0.153408
7.5102	7.22449	0.148945
7.63265	7.22449	0.136181
7.7551	7.22449	0.114816
7.87755	7.22449	0.132348
8	7.22449	0.151901

2	7.38776	0.125681
2.12245	7.38776	0.103634
2.2449	7.38776	0.0821232
2.36735	7.38776	0.0829346
2.4898	7.38776	0.0790395
2.61224	7.38776	0.071061
2.73469	7.38776	0.0596832
2.85714	7.38776	0.0456413
2.97959	7.38776	0.0297103
3.10204	7.38776	0.0126936
3.22449	7.38776	0.00458935
3.34694	7.38776	0.0222162
3.46939	7.38776	0.045681
3.59184	7.38776	0.0669785
3.71429	7.38776	0.0853466
3.83673	7.38776	0.100067
3.95918	7.38776	0.110476
4.08163	7.38776	0.115974
4.20408	7.38776	0.116035
4.32653	7.38776	0.110217
4.44898	7.38776	0.0996816
4.57143	7.38776	0.122175
4.69388	7.38776	0.138003
4.81633	7.38776	0.147102
4.93878	7.38776	0.149504
5.06122	7.38776	0.145347
5.18367	7.38776	0.134864
5.30612	7.38776	0.118384
5.42857	7.38776	0.0963234
5.55102	7.38776	0.0691854
5.67347	7.38776	0.0648102
5.79592	7.38776	0.0576289
5.91837	7.38776	0.0472958
6.04082	7.38776	0.0345609
6.16327	7.38776	0.0202105
6.28571	7.38776	0.00505483
6.40816	7.38776	0.0100839
6.53061	7.38776	0.0243834
6.65306	7.38776	0.0370344
6.77551	7.38776	0.0614088
6.89796	7.38776	0.0843709
7.02041	7.38776	0.10345
7.14286	7.38776	0.118005
7.26531	7.38776	0.127459
7.38776	7.38776	0.131315
7.5102	7.38776	0.129158
7.63265	7.38776	0.120663
7.7551	7.38776	0.1056
7.87755	7.38776	0.118423
8	7.38776	0.132376

2	7.55102	0.0953435
2.12245	7.55102	0.0805484
2.2449	7.55102	0.0658445
2.36735	7.55102	0.0647938
2.4898	7.55102	0.0606194
2.61224	7.55102	0.0537347
2.73469	7.55102	0.0445939
2.85714	7.55102	0.033685
2.97959	7.55102	0.0215223
3.10204	7.55102	0.0086389
3.22449	7.55102	0.00442111
3.34694	7.55102	0.0176714
3.46939	7.55102	0.0344925
3.59184	7.55102	0.0498753
3.71429	7.55102	0.0633136
3.83673	7.55102	0.074331
3.95918	7.55102	0.0824867
4.08163	7.55102	0.0873832
4.20408	7.55102	0.0886716
4.32653	7.55102	0.0860571
4.44898	7.55102	0.0802483
4.57143	7.55102	0.0946949
4.69388	7.55102	0.104718
4.81633	7.55102	0.110274
4.93878	7.55102	0.111386
5.06122	7.55102	0.108145
5.18367	7.55102	0.100705
5.30612	7.55102	0.0892843
5.42857	7.55102	0.0741603
5.55102	7.55102	0.0556663
5.67347	7.55102	0.0511312
5.79592	7.55102	0.0446895
5.91837	7.55102	0.0361559
6.04082	7.55102	0.0260283
6.16327	7.55102	0.0148284
6.28571	7.55102	0.00309399
6.40816	7.55102	0.00862909
6.53061	7.55102	0.0197953
6.65306	7.55102	0.0298672
6.77551	7.55102	0.0471235
6.89796	7.55102	0.0633679
7.02041	7.55102	0.0770353
7.14286	7.55102	0.0876994
7.26531	7.55102	0.0949786
7.38776	7.55102	0.0985421
7.5102	7.55102	0.0981146
7.63265	7.55102	0.0934808
7.7551	7.55102	0.0844881
7.87755	7.55102	0.0925454
8	7.55102	0.101022

2	7.71429	0.0577913
2.12245	7.71429	0.0507048
2.2449	7.71429	0.0433666
2.36735	7.71429	0.0411051
2.4898	7.71429	0.0373858
2.61224	7.71429	0.0324015
2.73469	7.71429	0.0263643
2.85714	7.71429	0.0195019
2.97959	7.71429	0.0120544
3.10204	7.71429	0.00427048
3.22449	7.71429	0.00359585
3.34694	7.71429	0.0115087
3.46939	7.71429	0.0207494
3.59184	7.71429	0.0293188
3.71429	7.71429	0.0369808
3.83673	7.71429	0.0435128
3.95918	7.71429	0.0487093
4.08163	7.71429	0.0523847
4.20408	7.71429	0.0543761
4.32653	7.71429	0.0545461
4.44898	7.71429	0.0531538
4.57143	7.71429	0.0593585
4.69388	7.71429	0.0634988
4.81633	7.71429	0.0655543
4.93878	7.71429	0.0655359
5.06122	7.71429	0.0634856
5.18367	7.71429	0.0594756
5.30612	7.71429	0.0536079
5.42857	7.71429	0.0460118
5.55102	7.71429	0.0368429
5.67347	7.71429	0.0329084
5.79592	7.71429	0.0280348
5.91837	7.71429	0.022185
6.04082	7.71429	0.0155912
6.16327	7.71429	0.00849693
6.28571	7.71429	0.00115322
6.40816	7.71429	0.00618521
6.53061	7.71429	0.0132637
6.65306	7.71429	0.0198315
6.77551	7.71429	0.0290875
6.89796	7.71429	0.0377881
7.02041	7.71429	0.0452861
7.14286	7.71429	0.0513823
7.26531	7.71429	0.0558988
7.38776	7.71429	0.0586811
7.5102	7.71429	0.0596008
7.63265	7.71429	0.0585573
7.7551	7.71429	0.0554796
7.87755	7.71429	0.0587351
8	7.71429	0.061817

2	7.87755	0.0168715
2.12245	7.87755	0.0177072
2.2449	7.87755	0.0179953
2.36735	7.87755	0.0148271
2.4898	7.87755	0.0119056
2.61224	7.87755	0.00919825
2.73469	7.87755	0.00666909
2.85714	7.87755	0.0042796
2.97959	7.87755	0.00198915
3.10204	7.87755	0.000244369
3.22449	7.87755	0.00246394
3.34694	7.87755	0.00459077
3.46939	7.87755	0.00581392
3.59184	7.87755	0.00715069
3.71429	7.87755	0.00864105
3.83673	7.87755	0.0103227
3.95918	7.87755	0.0122303
4.08163	7.87755	0.0143954
4.20408	7.87755	0.0168455
4.32653	7.87755	0.0196039
4.44898	7.87755	0.0224836
4.57143	7.87755	0.0203556
4.69388	7.87755	0.018577
4.81633	7.87755	0.0171513
4.93878	7.87755	0.0160766
5.06122	7.87755	0.0153458
5.18367	7.87755	0.0149467
5.30612	7.87755	0.014862
5.42857	7.87755	0.0150698
5.55102	7.87755	0.0155439
5.67347	7.87755	0.0125649
5.79592	7.87755	0.00964626
5.91837	7.87755	0.00689281
6.04082	7.87755	0.00426527
6.16327	7.87755	0.00172243
6.28571	7.87755	0.000778181
6.40816	7.87755	0.00327969
6.53061	7.87755	0.00582519
6.65306	7.87755	0.00845712
6.77551	7.87755	0.00930109
6.89796	7.87755	0.0100724
7.02041	7.87755	0.0110473
7.14286	7.87755	0.0122595
7.26531	7.87755	0.013739
7.38776	7.87755	0.0155121
7.5102	7.87755	0.0176004
7.63265	7.87755	0.0200209
7.7551	7.87755	0.0227858
7.87755	7.87755	0.0212224
8	7.87755	0.0189484

2	8.04082	0.0290334
2.12245	8.04082	0.0202359
2.2449	8.04082	0.0121668
2.36735	8.04082	0.0155531
2.4898	8.04082	0.0169946
2.61224	8.04082	0.0167487
2.73469	8.04082	0.0150981
2.85714	8.04082	0.0123468
2.97959	8.04082	0.00881478
3.10204	8.04082	0.00483415
3.22449	8.04082	0.000743533
3.34694	8.04082	0.00356212
3.46939	8.04082	0.0108635
3.59184	8.04082	0.0172693
3.71429	8.04082	0.0224646
3.83673	8.04082	0.0261525
3.95918	8.04082	0.0280588
4.08163	8.04082	0.027936
4.20408	8.04082	0.0255668
4.32653	8.04082	0.0207676
4.44898	8.04082	0.0141426
4.57143	8.04082	0.0243633
4.69388	8.04082	0.03183
4.81633	8.04082	0.0365156
4.93878	8.04082	0.0384346
5.06122	8.04082	0.0376429
5.18367	8.04082	0.0342372
5.30612	8.04082	0.0283531
5.42857	8.04082	0.0201635
5.55102	8.04082	0.00987559
5.67347	8.04082	0.0111993
5.79592	8.04082	0.0114483
5.91837	8.04082	0.010395
6.04082	8.04082	0.00834919
6.16327	8.04082	0.00563581
6.28571	8.04082	0.00258966
6.40816	8.04082	0.000449459
6.53061	8.04082	0.00314184
6.65306	8.04082	0.00515298
6.77551	8.04082	0.0131537
6.89796	8.04082	0.0207141
7.02041	8.04082	0.0266701
7.14286	8.04082	0.0307562
7.26531	8.04082	0.0327349
7.38776	8.04082	0.0324002
7.5102	8.04082	0.0295808
7.63265	8.04082	0.0241425
7.7551	8.04082	0.0159905
7.87755	8.04082	0.0221588
8	8.04082	0.02943

2	8.20408	0.0871114
2.12245	8.20408	0.0704094
2.2449	8.20408	0.0543106
2.36735	8.20408	0.0561002
2.4898	8.20408	0.0542987
2.61224	8.20408	0.0493813
2.73469	8.20408	0.0418703
2.85714	8.20408	0.0323265
2.97959	8.20408	0.0213414
3.10204	8.20408	0.00952774
3.22449	8.20408	0.00248899
3.34694	8.20408	0.0147961
3.46939	8.20408	0.0317815
3.59184	8.20408	0.0471132
3.71429	8.20408	0.0602097
3.83673	8.20408	0.0705229
3.95918	8.20408	0.0775462
4.08163	8.20408	0.0808226
4.20408	8.20408	0.0799511
4.32653	8.20408	0.0745925
4.44898	8.20408	0.0656826
4.57143	8.20408	0.0832007
4.69388	8.20408	0.0956334
4.81633	8.20408	0.102931
4.93878	8.20408	0.105119
5.06122	8.20408	0.102303
5.18367	8.20408	0.0946594
5.30612	8.20408	0.0824395
5.42857	8.20408	0.0659624
5.55102	8.20408	0.0456108
5.67347	8.20408	0.0434739
5.79592	8.20408	0.0392283
5.91837	8.20408	0.0325779
6.04082	8.20408	0.0240949
6.16327	8.20408	0.0143793
6.28571	8.20408	0.0040491
6.40816	8.20408	0.00626807
6.53061	8.20408	0.015945
6.65306	8.20408	0.024364
6.77551	8.20408	0.0421675
6.89796	8.20408	0.0589484
7.02041	8.20408	0.0727668
7.14286	8.20408	0.0831324
7.26531	8.20408	0.0896066
7.38776	8.20408	0.091809
7.5102	8.20408	0.0894233
7.63265	8.20408	0.0822019
7.7551	8.20408	0.0699694
7.87755	8.20408	0.0800869
8	8.20408	0.0913108

2	8.36735	0.136895
2.12245	8.36735	0.112814
2.2449	8.36735	0.0893274
2.36735	8.36735	0.0902692
2.4898	8.36735	0.086069
2.61224	8.36735	0.0774075
2.73469	8.36735	0.0650322
2.85714	8.36735	0.0497463
2.97959	8.36735	0.0323966
3.10204	8.36735	0.0138606
3.22449	8.36735	0.00496616
3.34694	8.36735	0.02417
3.46939	8.36735	0.0497626
3.59184	8.36735	0.0729873
3.71429	8.36735	0.0930115
3.83673	8.36735	0.10905
3.95918	8.36735	0.120379
4.08163	8.36735	0.126342
4.20408	8.36735	0.126366
4.32653	8.36735	0.119966
4.44898	8.36735	0.108415
4.57143	8.36735	0.133006
4.69388	8.36735	0.150316
4.81633	8.36735	0.160273
4.93878	8.36735	0.162915
5.06122	8.36735	0.15839
5.18367	8.36735	0.146954
5.30612	8.36735	0.128965
5.42857	8.36735	0.10488
5.55102	8.36735	0.0752479
5.67347	8.36735	0.0705246
5.79592	8.36735	0.0627371
5.91837	8.36735	0.0515062
6.04082	8.36735	0.0376513
6.16327	8.36735	0.0220314
6.28571	8.36735	0.00553161
6.40816	8.36735	0.0109495
6.53061	8.36735	0.026514
6.65306	8.36735	0.0402772
6.77551	8.36735	0.0668693
6.89796	8.36735	0.0919211
7.02041	8.36735	0.112731
7.14286	8.36735	0.128597
7.26531	8.36735	0.138891
7.38776	8.36735	0.143069
7.5102	8.36735	0.140677
7.63265	8.36735	0.131361
7.7551	8.36735	0.114871
7.87755	8.36735	0.128895
8	8.36735	0.144166

2	8.53061	0.174801
2.12245	8.53061	0.144094
2.2449	8.53061	0.11414
2.36735	8.53061	0.115306
2.4898	8.53061	0.109916
2.61224	8.53061	0.0988378
2.73469	8.53061	0.0830247
2.85714	8.53061	0.0635006
2.97959	8.53061	0.041345
3.10204	8.53061	0.017677
3.22449	8.53061	0.00636178
3.34694	8.53061	0.0308805
3.46939	8.53061	0.0635383
3.59184	8.53061	0.0931771
3.71429	8.53061	0.118735
3.83673	8.53061	0.139212
3.95918	8.53061	0.153683
4.08163	8.53061	0.161313
4.20408	8.53061	0.161371
4.32653	8.53061	0.153238
4.44898	8.53061	0.138536
4.57143	8.53061	0.169879
4.69388	8.53061	0.191939
4.81633	8.53061	0.204623
4.93878	8.53061	0.207981
5.06122	8.53061	0.202202
5.18367	8.53061	0.18761
5.30612	8.53061	0.164664
5.42857	8.53061	0.133945
5.55102	8.53061	0.0961534
5.67347	8.53061	0.0900957
5.79592	8.53061	0.0801302
5.91837	8.53061	0.0657742
6.04082	8.53061	0.0480728
6.16327	8.53061	0.0281209
6.28571	8.53061	0.00704716
6.40816	8.53061	0.0140028
6.53061	8.53061	0.033884
6.65306	8.53061	0.0514686
6.77551	8.53061	0.0853972
6.89796	8.53061	0.11736
7.02041	8.53061	0.143915
7.14286	8.53061	0.164166
7.26531	8.53061	0.177313
7.38776	8.53061	0.182661
7.5102	8.53061	0.179634
7.63265	8.53061	0.167778
7.7551	8.53061	0.146774
7.87755	8.53061	0.164645
8	8.53061	0.184099

2	8.69388	0.197563
2.12245	8.69388	0.161191
2.2449	8.69388	0.12594
2.36735	8.69388	0.128698
2.4898	8.69388	0.12366
2.61224	8.69388	0.111858
2.73469	8.69388	0.0944263
2.85714	8.69388	0.0725813
2.97959	8.69388	0.0476073
3.10204	8.69388	0.0208349
3.22449	8.69388	0.00637843
3.34694	8.69388	0.0341952
3.46939	8.69388	0.0719522
3.59184	8.69388	0.106119
3.71429	8.69388	0.135434
3.83673	8.69388	0.158707
3.95918	8.69388	0.174838
4.08163	8.69388	0.182835
4.20408	8.69388	0.181828
4.32653	8.69388	0.17108
4.44898	8.69388	0.152577
4.57143	8.69388	0.190264
4.69388	8.69388	0.216911
4.81633	8.69388	0.23241
4.93878	8.69388	0.236819
5.06122	8.69388	0.230363
5.18367	8.69388	0.213428
5.30612	8.69388	0.186559
5.42857	8.69388	0.150448
5.55102	8.69388	0.105926
5.67347	8.69388	0.10013
5.79592	8.69388	0.0897257
5.91837	8.69388	0.0741005
6.04082	8.69388	0.0544973
6.16327	8.69388	0.032218
6.28571	8.69388	0.00860482
6.40816	8.69388	0.0149802
6.53061	8.69388	0.0371753
6.65306	8.69388	0.0566397
6.77551	8.69388	0.0960531
6.89796	8.69388	0.133194
7.02041	8.69388	0.163903
7.14286	8.69388	0.187117
7.26531	8.69388	0.201884
7.38776	8.69388	0.207377
7.5102	8.69388	0.202911
7.63265	8.69388	0.187947
7.7551	8.69388	0.162104
7.87755	8.69388	0.183746
8	8.69388	0.207555

2	8.85714	0.202319
2.12245	8.85714	0.161422
2.2449	8.85714	0.12227
2.36735	8.85714	0.128245
2.4898	8.85714	0.125392
2.61224	8.85714	0.114879
2.73469	8.85714	0.0979905
2.85714	8.85714	0.0761047
2.97959	8.85714	0.0506755
3.10204	8.85714	0.0232097
3.22449	8.85714	0.00475534
3.34694	8.85714	0.0334719
3.46939	8.85714	0.0739904
3.59184	8.85714	0.110444
3.71429	8.85714	0.141402
3.83673	8.85714	0.165518
3.95918	8.85714	0.181547
4.08163	8.85714	0.188364
4.20408	8.85714	0.184985
4.32653	8.85714	0.170576
4.44898	8.85714	0.147499
4.57143	8.85714	0.191042
4.69388	8.85714	0.222084
4.81633	8.85714	0.240501
4.93878	8.85714	0.246359
5.06122	8.85714	0.239914
5.18367	8.85714	0.221602
5.30612	8.85714	0.19204
5.42857	8.85714	0.152013
5.55102	8.85714	0.102461
5.67347	8.85714	0.098825
5.79592	8.85714	0.0900492
5.91837	8.85714	0.0753616
6.04082	8.85714	0.056169
6.16327	8.85714	0.0339461
6.28571	8.85714	0.0102126
6.40816	8.85714	0.013489
6.53061	8.85714	0.0356167
6.65306	8.85714	0.0546519
6.77551	8.85714	0.0973487
6.89796	8.85714	0.137605
7.02041	8.85714	0.170579
7.14286	8.85714	0.195065
7.26531	8.85714	0.209985
7.38776	8.85714	0.214404
7.5102	8.85714	0.207543
7.63265	8.85714	0.188795
7.7551	8.85714	0.157729
7.87755	8.85714	0.18305
8	8.85714	0.211419

2	9.02041	0.186684
2.12245	9.02041	0.142555
2.2449	9.02041	0.101079
2.36735	9.02041	0.112112
2.4898	9.02041	0.11352
2.61224	9.02041	0.106576
2.73469	9.02041	0.0926796
2.85714	9.02041	0.0733349
2.97959	9.02041	0.0501266
3.10204	9.02041	0.0246978
3.22449	9.02041	0.00127539
3.34694	9.02041	0.028176
3.46939	9.02041	0.0688086
3.59184	9.02041	0.105009
3.71429	9.02041	0.135217
3.83673	9.02041	0.157966
3.95918	9.02041	0.171896
4.08163	9.02041	0.175783
4.20408	9.02041	0.168552
4.32653	9.02041	0.149294
4.44898	9.02041	0.120769
4.57143	9.02041	0.169617
4.69388	9.02041	0.204834
4.81633	9.02041	0.226287
4.93878	9.02041	0.234046
5.06122	9.02041	0.22839
5.18367	9.02041	0.209795
5.30612	9.02041	0.178934
5.42857	9.02041	0.136662
5.55102	9.02041	0.0840048
5.67347	9.02041	0.0846781
5.79592	9.02041	0.0798729
5.91837	9.02041	0.0686217
6.04082	9.02041	0.0524586
6.16327	9.02041	0.0329913
6.28571	9.02041	0.011877
6.40816	9.02041	0.00920247
6.53061	9.02041	0.0285658
6.65306	9.02041	0.0445574
6.77551	9.02041	0.0880443
6.89796	9.02041	0.129083
7.02041	9.02041	0.16218
7.14286	9.02041	0.186023
7.26531	9.02041	0.199436
7.38776	9.02041	0.201398
7.5102	9.02041	0.191063
7.63265	9.02041	0.167766
7.7551	9.02041	0.131037
7.87755	9.02041	0.159934
8	9.02041	0.193096

2	9.18367	0.148815
2.12245	9.18367	0.102863
2.2449	9.18367	0.0607853
2.36735	9.18367	0.0788839
2.4898	9.18367	0.0868151
2.61224	9.18367	0.085925
2.73469	9.18367	0.0776917
2.85714	9.18367	0.0637032
2.97959	9.18367	0.0456339
3.10204	9.18367	0.0252191
3.22449	9.18367	0.0042292
3.34694	9.18367	0.0178943
3.46939	9.18367	0.0557545
3.59184	9.18367	0.0889328
3.71429	9.18367	0.115783
3.83673	9.18367	0.134752
3.95918	9.18367	0.144408
4.08163	9.18367	0.143456
4.20408	9.18367	0.130759
4.32653	9.18367	0.10536
4.44898	9.18367	0.0704305
4.57143	9.18367	0.123983
4.69388	9.18367	0.163138
4.81633	9.18367	0.187754
4.93878	9.18367	0.197906
5.06122	9.18367	0.193887
5.18367	9.18367	0.176203
5.30612	9.18367	0.145561
5.42857	9.18367	0.102867
5.55102	9.18367	0.0492033
5.67347	9.18367	0.0565294
5.79592	9.18367	0.0582481
5.91837	9.18367	0.053158
6.04082	9.18367	0.0428798
6.16327	9.18367	0.0291114
6.28571	9.18367	0.0136033
6.40816	9.18367	0.00186797
6.53061	9.18367	0.0155266
6.65306	9.18367	0.0256237
6.77551	9.18367	0.0671823
6.89796	9.18367	0.106457
7.02041	9.18367	0.137344
7.14286	9.18367	0.158456
7.26531	9.18367	0.168551
7.38776	9.18367	0.166551
7.5102	9.18367	0.151562
7.63265	9.18367	0.122881
7.7551	9.18367	0.0800136
7.87755	9.18367	0.112374
8	9.18367	0.150582

2	9.34694	0.100135
2.12245	9.34694	0.053676
2.2449	9.34694	0.0123604
2.36735	9.34694	0.037956
2.4898	9.34694	0.0531132
2.61224	9.34694	0.0592138
2.73469	9.34694	0.0577753
2.85714	9.34694	0.0504282
2.97959	9.34694	0.0388914
3.10204	9.34694	0.0249465
3.22449	9.34694	0.0104114
3.34694	9.34694	0.00545535
3.46939	9.34694	0.0388196
3.59184	9.34694	0.0673771
3.71429	9.34694	0.0894374
3.83673	9.34694	0.103407
3.95918	9.34694	0.107815
4.08163	9.34694	0.101331
4.20408	9.34694	0.0827908
4.32653	9.34694	0.0512081
4.44898	9.34694	0.0101246
4.57143	9.34694	0.0672344
4.69388	9.34694	0.109563
4.81633	9.34694	0.136964
4.93878	9.34694	0.149516
5.06122	9.34694	0.147519
5.18367	9.34694	0.131492
5.30612	9.34694	0.102163
5.42857	9.34694	0.0604586
5.55102	9.34694	0.00749296
5.67347	9.34694	0.0222143
5.79592	9.34694	0.0313737
5.91837	9.34694	0.0335427
6.04082	9.34694	0.0303852
6.16327	9.34694	0.0236445
6.28571	9.34694	0.0151177
6.40816	9.34694	0.00662868
6.53061	9.34694	6.80809e-07
6.65306	9.34694	0.00297089
6.77551	9.34694	0.040876
6.89796	9.34694	0.0767656
7.02041	9.34694	0.104044
7.14286	9.34694	0.121286
7.26531	9.34694	0.127217
7.38776	9.34694	0.120732
7.5102	9.34694	0.10091
7.63265	9.34694	0.0670321
7.7551	9.34694	0.0185887
7.87755	9.34694	0.0538114
8	9.34694	0.0965001

2	9.5102	0.16675
2.12245	9.5102	0.11941
2.2449	9.5102	0.075734
2.36735	9.5102	0.0924302
2.4898	9.5102	0.0986945
2.61224	9.5102	0.0959078
2.73469	9.5102	0.0855868
2.85714	9.5102	0.0693608
2.97959	9.5102	0.0489476
3.10204	9.5102	0.026128
3.22449	9.5102	0.00271829
3.34694	9.5102	0.0218097
3.46939	9.5102	0.0621259
3.59184	9.5102	0.0976384
3.71429	9.5102	0.126658
3.83673	9.5102	0.147592
3.95918	9.5102	0.158969
4.08163	9.5102	0.159462
4.20408	9.5102	0.147906
4.32653	9.5102	0.123316
4.44898	9.5102	0.0888721
4.57143	9.5102	0.14325
4.69388	9.5102	0.182856
4.81633	9.5102	0.207543
4.93878	9.5102	0.217391
5.06122	9.5102	0.212699
5.18367	9.5102	0.193986
5.30612	9.5102	0.161978
5.42857	9.5102	0.117604
5.55102	9.5102	0.0619745
5.67347	9.5102	0.0675685
5.79592	9.5102	0.0673569
5.91837	9.5102	0.0601593
6.04082	9.5102	0.0476384
6.16327	9.5102	0.0315366
6.28571	9.5102	0.0136499
6.40816	9.5102	0.00419919
6.53061	9.5102	0.0201884
6.65306	9.5102	0.0325234
6.77551	9.5102	0.0764355
6.89796	9.5102	0.117917
7.02041	9.5102	0.150792
7.14286	9.5102	0.173637
7.26531	9.5102	0.185178
7.38776	9.5102	0.18431
7.5102	9.5102	0.170115
7.63265	9.5102	0.141871
7.7551	9.5102	0.0990718
7.87755	9.5102	0.13174
8	9.5102	0.170018

2	9.67347	0.20927
2.12245	9.67347	0.162576
2.2449	9.67347	0.118404
2.36735	9.67347	0.128377
2.4898	9.67347	0.128201
2.61224	9.67347	0.11922
2.73469	9.67347	0.102911
2.85714	9.67347	0.0808568
2.97959	9.67347	0.0547297
3.10204	9.67347	0.0262615
3.22449	9.67347	0.00278056
3.34694	9.67347	0.0327607
3.46939	9.67347	0.0769007
3.59184	9.67347	0.116368
3.71429	9.67347	0.149518
3.83673	9.67347	0.174803
3.95918	9.67347	0.190792
4.08163	9.67347	0.196193
4.20408	9.67347	0.189872
4.32653	9.67347	0.170872
4.44898	9.67347	0.142034
4.57143	9.67347	0.193029
4.69388	9.67347	0.229654
4.81633	9.67347	0.251767
4.93878	9.67347	0.259443
5.06122	9.67347	0.252976
5.18367	9.67347	0.232869
5.30612	9.67347	0.19983
5.42857	9.67347	0.15476
5.55102	9.67347	0.0987418
5.67347	9.67347	0.0977482
5.79592	9.67347	0.0909327
5.91837	9.67347	0.0773214
6.04082	9.67347	0.0585317
6.16327	9.67347	0.0362586
6.28571	9.67347	0.012249
6.40816	9.67347	0.0117238
6.53061	9.67347	0.0338874
6.65306	9.67347	0.0524963
6.77551	9.67347	0.0994694
6.89796	9.67347	0.143783
7.02041	9.67347	0.179726
7.14286	9.67347	0.205911
7.26531	9.67347	0.2211
7.38776	9.67347	0.224218
7.5102	9.67347	0.21437
7.63265	9.67347	0.190858
7.7551	9.67347	0.153185
7.87755	9.67347	0.183177
8	9.67347	0.217319

2	9.83673	0.22835
2.12245	9.83673	0.183788
2.2449	9.83673	0.140935
2.36735	9.83673	0.1463
2.4898	9.83673	0.14207
2.61224	9.83673	0.129516
2.73469	9.83673	0.110033
2.85714	9.83673	0.0851187
2.97959	9.83673	0.0563539
3.10204	9.83673	0.0253758
3.22449	9.83673	0.00614492
3.34694	9.83673	0.0384554
3.46939	9.83673	0.0833759
3.59184	9.83673	0.123878
3.71429	9.83673	0.158409
3.83673	9.83673	0.185504
3.95918	9.83673	0.20381
4.08163	9.83673	0.212105
4.20408	9.83673	0.209319
4.32653	9.83673	0.194546
4.44898	9.83673	0.170307
4.57143	9.83673	0.217286
4.69388	9.83673	0.250678
4.81633	9.83673	0.270351
4.93878	9.83673	0.276375
5.06122	9.83673	0.269028
5.18367	9.83673	0.248784
5.30612	9.83673	0.216315
5.42857	9.83673	0.172471
5.55102	9.83673	0.118277
5.67347	9.83673	0.113166
5.79592	9.83673	0.102439
5.91837	9.83673	0.0852864
6.04082	9.83673	0.0632382
6.16327	9.83673	0.0378966
6.28571	9.83673	0.0109134
6.40816	9.83673	0.0160352
6.53061	9.83673	0.0412732
6.65306	9.83673	0.0631505
6.77551	9.83673	0.110319
6.89796	9.83673	0.154782
7.02041	9.83673	0.191331
7.14286	9.83673	0.218655
7.26531	9.83673	0.235583
7.38776	9.83673	0.241098
7.5102	9.83673	0.234356
7.63265	9.83673	0.214695
7.7551	9.83673	0.181646
7.87755	9.83673	0.208842
8	9.83673	0.239116

2	10	0.225269
2.12245	10	0.184244
2.2449	10	0.144425
2.36735	10	0.147183
2.4898	10	0.141155
2.61224	10	0.127505
2.73469	10	0.107509
2.85714	10	0.0825413
2.97959	10	0.0540472
3.10204	10	0.0235264
3.22449	10	0.00749128
3.34694	10	0.0391806
3.46939	10	0.0820047
3.59184	10	0.120783
3.71429	10	0.154094
3.83673	10	0.180595
3.95918	10	0.199049
4.08163	10	0.208336
4.20408	10	0.207476
4.32653	10	0.19564
4.44898	10	0.17505
4.57143	10	0.217413
4.69388	10	0.247336
4.81633	10	0.264695
4.93878	10	0.269558
5.06122	10	0.262175
5.18367	10	0.242985
5.30612	10	0.212599
5.42857	10	0.171799
5.55102	10	0.12152
5.67347	10	0.114629
5.79592	10	0.102534
5.91837	10	0.0845562
6.04082	10	0.0620955
6.16327	10	0.036619
6.28571	10	0.00963935
6.40816	10	0.0173085
6.53061	10	0.0426901
6.65306	10	0.0649944
6.77551	10	0.109648
6.89796	10	0.151724
7.02041	10	0.186552
7.14286	10	0.212934
7.26531	10	0.229797
7.38776	10	0.236209
7.5102	10	0.231397
7.63265	10	0.214755
7.7551	10	0.185854
7.87755	10	0.210143
8	10	0.236801
