x	 y 	 diff
0	0	0
0.204082	0	0.0380612
0.408163	0	0.0677107
0.612245	0	0.0808858
0.816327	0	0.0702079
1.02041	0	0.0292879
1.22449	0	0.0547439
1.42857	0	0.12256
1.63265	0	0.14929
1.83673	0	0.134595
2.04082	0	0.0798539
2.2449	0	0.00616609
2.44898	0	0.0445115
2.65306	0	0.0563539
2.85714	0	0.0487168
3.06122	0	0.0294322
3.26531	0	0.00681546
3.46939	0	0.0366436
3.67347	0	0.0797218
3.87755	0	0.101751
4.08163	0	0.0959174
4.28571	0	0.0565654
4.4898	0	0.0232241
4.69388	0	0.102682
4.89796	0	0.140643
5.10204	0	0.137811
5.30612	0	0.0965854
5.5102	0	0.020958
5.71429	0	0.0220685
5.91837	0	0.0310256
6.12245	0	0.0251746
6.32653	0	0.0126809
6.53061	0	0.00198572
6.73469	0	0.0240326
6.93878	0	0.0829176
7.14286	0	0.1165
7.34694	0	0.118637
7.55102	0	0.0844913
7.7551	0	0.0107307
7.95918	0	0.0768008
8.16327	0	0.124237
8.36735	0	0.132138
8.57143	0	0.103883
8.77551	0	0.0443556
8.97959	0	0.00611217
9.18367	0	0.00796858
9.38776	0	8.53716e-05
9.59184	0	0.00967561
9.79592	0	0.0123643
10	0	0

0	0.244898	0
0.204082	0.244898	0.0551358
0.408163	0.244898	0.102111
0.612245	0.244898	0.133103
0.816327	0.244898	0.140954
1.02041	0.244898	0.119465
1.22449	0.244898	0.151115
1.42857	0.244898	0.214856
1.63265	0.244898	0.238737
1.83673	0.244898	0.222429
2.04082	0.244898	0.167269
2.2449	0.244898	0.0917306
2.44898	0.244898	0.108901
2.65306	0.244898	0.100359
2.85714	0.244898	0.0729194
3.06122	0.244898	0.0341794
3.26531	0.244898	0.00779325
3.46939	0.244898	0.067114
3.67347	0.244898	0.124629
3.87755	0.244898	0.161723
4.08163	0.244898	0.171786
4.28571	0.244898	0.14933
4.4898	0.244898	0.127861
4.69388	0.244898	0.198869
4.89796	0.244898	0.229617
5.10204	0.244898	0.220789
5.30612	0.244898	0.174714
5.5102	0.244898	0.095263
5.71429	0.244898	0.0785648
5.91837	0.244898	0.0661375
6.12245	0.244898	0.0393439
6.32653	0.244898	0.00610593
6.53061	0.244898	0.0253873
6.73469	0.244898	0.0689267
6.93878	0.244898	0.138713
7.14286	0.244898	0.183951
7.34694	0.244898	0.198682
7.55102	0.244898	0.178213
7.7551	0.244898	0.119312
7.95918	0.244898	0.17603
8.16327	0.244898	0.212165
8.36735	0.244898	0.209945
8.57143	0.244898	0.172648
8.77551	0.244898	0.105012
8.97959	0.244898	0.0528932
9.18367	0.244898	0.0332647
9.38776	0.244898	0.00402147
9.59184	0.244898	0.0267121
9.79592	0.244898	0.0507501
10	0.244898	0.0601843

0	0.489796	0
0.204082	0.489796	0.0604768
0.408163	0.489796	0.113531
0.612245	0.489796	0.152047
0.816327	0.489796	0.169515
1.02041	0.489796	0.160297
1.22449	0.489796	0.193028
1.42857	0.489796	0.249841
1.63265	0.489796	0.270399
1.83673	0.489796	0.254402
2.04082	0.489796	0.203067
2.2449	0.489796	0.132063
2.44898	0.489796	0.136322
2.65306	0.489796	0.117193
2.85714	0.489796	0.0808748
3.06122	0.489796	0.0342787
3.26531	0.489796	0.0152578
3.46939	0.489796	0.0789446
3.67347	0.489796	0.140175
3.87755	0.489796	0.18283
4.08163	0.489796	0.200899
4.28571	0.489796	0.18939
4.4898	0.489796	0.176031
4.69388	0.489796	0.23717
4.89796	0.489796	0.261689
5.10204	0.489796	0.250212
5.30612	0.489796	0.204855
5.5102	0.489796	0.129141
5.71429	0.489796	0.103873
5.91837	0.489796	0.0805936
6.12245	0.489796	0.0442475
6.32653	0.489796	0.00203966
6.53061	0.489796	0.0385811
6.73469	0.489796	0.0885597
6.93878	0.489796	0.159213
7.14286	0.489796	0.207539
7.34694	0.489796	0.228117
7.55102	0.489796	0.216677
7.7551	0.489796	0.17028
7.95918	0.489796	0.217684
8.16327	0.489796	0.244945
8.36735	0.489796	0.23732
8.57143	0.489796	0.19779
8.77551	0.489796	0.130664
8.97959	0.489796	0.074743
9.18367	0.489796	0.0447368
9.38776	0.489796	0.00598536
9.59184	0.489796	0.0341217
9.79592	0.489796	0.0681386
10	0.489796	0.0888724

0	0.734694	0
0.204082	0.734694	0.0551454
0.408163	0.734694	0.104049
0.612245	0.734694	0.140728
0.816327	0.734694	0.159707
1.02041	0.734694	0.156246
1.22449	0.734694	0.185408
1.42857	0.734694	0.232699
1.63265	0.734694	0.249503
1.83673	0.734694	0.235567
2.04082	0.734694	0.191916
2.2449	0.734694	0.131255
2.44898	0.734694	0.130116
2.65306	0.734694	0.109312
2.85714	0.734694	0.0740524
3.06122	0.734694	0.0301504
3.26531	0.734694	0.0162242
3.46939	0.734694	0.0738211
3.67347	0.734694	0.129014
3.87755	0.734694	0.168587
4.08163	0.734694	0.187485
4.28571	0.734694	0.181512
4.4898	0.734694	0.172841
4.69388	0.734694	0.22282
4.89796	0.734694	0.242006
5.10204	0.734694	0.230922
5.30612	0.734694	0.191349
5.5102	0.734694	0.126249
5.71429	0.734694	0.100812
5.91837	0.734694	0.0762619
6.12245	0.734694	0.0407231
6.32653	0.734694	0.000255221
6.53061	0.734694	0.0388781
6.73469	0.734694	0.0852161
6.93878	0.734694	0.147611
7.14286	0.734694	0.19123
7.34694	0.734694	0.211516
7.55102	0.734694	0.204879
7.7551	0.734694	0.168846
7.95918	0.734694	0.206969
8.16327	0.734694	0.227565
8.36735	0.734694	0.218823
8.57143	0.734694	0.183254
8.77551	0.734694	0.124478
8.97959	0.734694	0.0739161
9.18367	0.734694	0.043635
9.38776	0.734694	0.00600008
9.59184	0.734694	0.0327749
9.79592	0.734694	0.0664286
10	0.734694	0.0889125

0	0.979592	0
0.204082	0.979592	0.0408395
0.408163	0.979592	0.0769907
0.612245	0.979592	0.10396
0.816327	0.979592	0.117634
1.02041	0.979592	0.114452
1.22449	0.979592	0.136135
1.42857	0.979592	0.171722
1.63265	0.979592	0.184409
1.83673	0.979592	0.174007
2.04082	0.979592	0.141285
2.2449	0.979592	0.0958504
2.44898	0.979592	0.0956349
2.65306	0.979592	0.0806477
2.85714	0.979592	0.0548033
3.06122	0.979592	0.022467
3.26531	0.979592	0.0117264
3.46939	0.979592	0.0544409
3.67347	0.979592	0.0953954
3.87755	0.979592	0.124618
4.08163	0.979592	0.138311
4.28571	0.979592	0.133322
4.4898	0.979592	0.126461
4.69388	0.979592	0.164196
4.89796	0.979592	0.178801
5.10204	0.979592	0.17067
5.30612	0.979592	0.14114
5.5102	0.979592	0.0924359
5.71429	0.979592	0.0738976
5.91837	0.979592	0.0561313
6.12245	0.979592	0.0301116
6.32653	0.979592	0.000389586
6.53061	0.979592	0.0283301
6.73469	0.979592	0.0625514
6.93878	0.979592	0.109013
7.14286	0.979592	0.141373
7.34694	0.979592	0.156206
7.55102	0.979592	0.150816
7.7551	0.979592	0.123347
7.95918	0.979592	0.152218
8.16327	0.979592	0.168003
8.36735	0.979592	0.161753
8.57143	0.979592	0.135351
8.77551	0.979592	0.0915192
8.97959	0.979592	0.0540205
9.18367	0.979592	0.0319599
9.38776	0.979592	0.00437574
9.59184	0.979592	0.0240647
9.79592	0.979592	0.0486585
10	0.979592	0.0648624

0	1.22449	1.38778e-17
0.204082	1.22449	0.0197927
0.408163	1.22449	0.0367303
0.612245	1.22449	0.0480761
0.816327	1.22449	0.0513255
1.02041	1.22449	0.04431
1.22449	1.22449	0.0555751
1.42857	1.22449	0.0778192
1.63265	1.22449	0.0861177
1.83673	1.22449	0.0803553
2.04082	1.22449	0.0610003
2.2449	1.22449	0.0344602
2.44898	1.22449	0.0399147
2.65306	1.22449	0.0363733
2.85714	1.22449	0.0262201
3.06122	1.22449	0.0121135
3.26531	1.22449	0.00312422
3.46939	1.22449	0.0243521
3.67347	1.22449	0.0449086
3.87755	1.22449	0.0583204
4.08163	1.22449	0.0622751
4.28571	1.22449	0.0548526
4.4898	1.22449	0.0476415
4.69388	1.22449	0.0723168
4.89796	1.22449	0.0829066
5.10204	1.22449	0.0796504
5.30612	1.22449	0.0633624
5.5102	1.22449	0.0353975
5.71429	1.22449	0.0290647
5.91837	1.22449	0.024134
6.12245	1.22449	0.0141769
6.32653	1.22449	0.00196521
6.53061	1.22449	0.00963606
6.73469	1.22449	0.025374
6.93878	1.22449	0.0501391
7.14286	1.22449	0.0663159
7.34694	1.22449	0.0718192
7.55102	1.22449	0.0650072
7.7551	1.22449	0.044749
7.95918	1.22449	0.064389
8.16327	1.22449	0.0767587
8.36735	1.22449	0.0757089
8.57143	1.22449	0.0623873
8.77551	1.22449	0.0384507
8.97959	1.22449	0.0198018
9.18367	1.22449	0.0123429
9.38776	1.22449	0.00152026
9.59184	1.22449	0.00982388
9.79592	1.22449	0.0188254
10	1.22449	0.0227177

0	1.46939	0
0.204082	1.46939	0.000684231
0.408163	1.46939	0.000516901
0.612245	1.46939	0.0013182
0.816327	1.46939	0.00556808
1.02041	1.46939	0.0128795
1.22449	1.46939	0.0115125
1.42857	1.46939	0.00429011
1.63265	1.46939	0.00122704
1.83673	1.46939	0.00235768
2.04082	1.46939	0.00754236
2.2449	1.46939	0.0142975
2.44898	1.46939	0.00692989
2.65306	1.46939	0.00224533
2.85714	1.46939	0.000467222
3.06122	1.46939	0.00200064
3.26531	1.46939	0.00319674
3.46939	1.46939	0.00178303
3.67347	1.46939	0.000157952
3.87755	1.46939	0.000663798
4.08163	1.46939	0.00399027
4.28571	1.46939	0.01071
4.4898	1.46939	0.0159781
4.69388	1.46939	0.00687617
4.89796	1.46939	0.00197524
5.10204	1.46939	0.00120391
5.30612	1.46939	0.00431937
5.5102	1.46939	0.0109175
5.71429	1.46939	0.00771182
5.91837	1.46939	0.00313031
6.12245	1.46939	4.78868e-05
6.32653	1.46939	0.00236206
6.53061	1.46939	0.00495408
6.73469	1.46939	0.00550419
6.93878	1.46939	0.00174568
7.14286	1.46939	0.000548676
7.34694	1.46939	0.00253503
7.55102	1.46939	0.00819449
7.7551	1.46939	0.0178643
7.95918	1.46939	0.00989142
8.16327	1.46939	0.00336901
8.36735	1.46939	0.000848985
8.57143	1.46939	0.00198909
8.77551	1.46939	0.00629516
8.97959	1.46939	0.00755367
9.18367	1.46939	0.00363663
9.38776	1.46939	0.000722861
9.59184	1.46939	0.00203538
9.79592	1.46939	0.0054923
10	1.46939	0.0104731

0	1.71429	0
0.204082	1.71429	0.0148139
0.408163	1.71429	0.0284249
0.612245	1.71429	0.0396802
0.816327	1.71429	0.0475245
1.02041	1.71429	0.0510443
1.22449	1.71429	0.0582628
1.42857	1.71429	0.0669045
1.63265	1.71429	0.0696711
1.83673	1.71429	0.0665138
2.04082	1.71429	0.0576301
2.2449	1.71429	0.0450091
2.44898	1.71429	0.0401843
2.65306	1.71429	0.0315696
2.85714	1.71429	0.0201694
3.06122	1.71429	0.00710364
3.26531	1.71429	0.0064386
3.46939	1.71429	0.0214831
3.67347	1.71429	0.035734
3.87755	1.71429	0.046975
4.08163	1.71429	0.0542317
4.28571	1.71429	0.0566954
4.4898	1.71429	0.0575253
4.69388	1.71429	0.0657588
4.89796	1.71429	0.0680582
5.10204	1.71429	0.0645245
5.30612	1.71429	0.0555005
5.5102	1.71429	0.0415572
5.71429	1.71429	0.0325684
5.91837	1.71429	0.0229821
6.12245	1.71429	0.0112782
6.32653	1.71429	0.00137552
6.53061	1.71429	0.0137721
6.73469	1.71429	0.0269087
6.93878	1.71429	0.0418431
7.14286	1.71429	0.0531593
7.34694	1.71429	0.0599789
7.55102	1.71429	0.0616101
7.7551	1.71429	0.0575765
7.95918	1.71429	0.0632263
8.16327	1.71429	0.0649224
8.36735	1.71429	0.0609651
8.57143	1.71429	0.0518376
8.77551	1.71429	0.0382382
8.97959	1.71429	0.025042
9.18367	1.71429	0.0142796
9.38776	1.71429	0.00209992
9.59184	1.71429	0.0102994
9.79592	1.71429	0.0217118
10	1.71429	0.0309717

0	1.95918	2.77556e-17
0.204082	1.95918	0.0285825
0.408163	1.95918	0.0539796
0.612245	1.95918	0.0731379
0.816327	1.95918	0.0832631
1.02041	1.95918	0.0819357
1.22449	1.95918	0.0969862
1.42857	1.95918	0.121072
1.63265	1.95918	0.129598
1.83673	1.95918	0.122436
2.04082	1.95918	0.10011
2.2449	1.95918	0.0690538
2.44898	1.95918	0.0679896
2.65306	1.95918	0.0568888
2.85714	1.95918	0.0384113
3.06122	1.95918	0.0155228
3.26531	1.95918	0.00862745
3.46939	1.95918	0.0384357
3.67347	1.95918	0.0669824
3.87755	1.95918	0.0875577
4.08163	1.95918	0.0975817
4.28571	1.95918	0.0949123
4.4898	1.95918	0.0907494
4.69388	1.95918	0.116109
4.89796	1.95918	0.125754
5.10204	1.95918	0.119951
5.30612	1.95918	0.0996086
5.5102	1.95918	0.0662381
5.71429	1.95918	0.0528279
5.91837	1.95918	0.0397893
6.12245	1.95918	0.0211428
6.32653	1.95918	1.9205e-05
6.53061	1.95918	0.0205001
6.73469	1.95918	0.0445899
6.93878	1.95918	0.0767383
7.14286	1.95918	0.0993047
7.34694	1.95918	0.109963
7.55102	1.95918	0.106881
7.7551	1.95918	0.0887969
7.95918	1.95918	0.108075
8.16327	1.95918	0.118347
8.36735	1.95918	0.113648
8.57143	1.95918	0.0952563
8.77551	1.95918	0.0650219
8.97959	1.95918	0.0388557
9.18367	1.95918	0.0228849
9.38776	1.95918	0.00316112
9.59184	1.95918	0.0171444
9.79592	1.95918	0.0348364
10	1.95918	0.0468279

0	2.20408	2.77556e-17
0.204082	2.20408	0.0377711
0.408163	2.20408	0.0705642
0.612245	2.20408	0.0936078
0.816327	2.20408	0.102535
1.02041	2.20408	0.0935656
1.22449	2.20408	0.114452
1.42857	2.20408	0.152868
1.63265	2.20408	0.166969
1.83673	2.20408	0.156554
2.04082	2.20408	0.122441
2.2449	2.20408	0.0754425
2.44898	2.20408	0.0813643
2.65306	2.20408	0.0716017
2.85714	2.20408	0.0503112
3.06122	2.20408	0.0221278
3.26531	2.20408	0.00802761
3.46939	2.20408	0.0481125
3.67347	2.20408	0.0867695
3.87755	2.20408	0.11297
4.08163	2.20408	0.122681
4.28571	2.20408	0.112556
4.4898	2.20408	0.101932
4.69388	2.20408	0.143865
4.89796	2.20408	0.161239
5.10204	2.20408	0.154473
5.30612	2.20408	0.124985
5.5102	2.20408	0.0751388
5.71429	2.20408	0.0609133
5.91837	2.20408	0.0485336
6.12245	2.20408	0.0273905
6.32653	2.20408	0.00231637
6.53061	2.20408	0.0216935
6.73469	2.20408	0.0524106
6.93878	2.20408	0.0978565
7.14286	2.20408	0.128328
7.34694	2.20408	0.140191
7.55102	2.20408	0.130582
7.7551	2.20408	0.0975286
7.95918	2.20408	0.130449
8.16327	2.20408	0.150245
8.36735	2.20408	0.146644
8.57143	2.20408	0.121647
8.77551	2.20408	0.0781421
8.97959	2.20408	0.0429375
9.18367	2.20408	0.0260941
9.38776	2.20408	0.00338583
9.59184	2.20408	0.0202317
9.79592	2.20408	0.0397648
10	2.20408	0.0503897

0	2.44898	2.77556e-17
0.204082	2.44898	0.0398022
0.408163	2.44898	0.073131
0.612245	2.44898	0.0937814
0.816327	2.44898	0.096075
1.02041	2.44898	0.0750949
1.22449	2.44898	0.0986989
1.42857	2.44898	0.149705
1.63265	2.44898	0.169092
1.83673	2.44898	0.156598
2.04082	2.44898	0.113286
2.2449	2.44898	0.0542401
2.44898	2.44898	0.072188
2.65306	2.44898	0.0697397
2.85714	2.44898	0.0523004
3.06122	2.44898	0.0258974
3.26531	2.44898	0.00306986
3.46939	2.44898	0.046419
3.67347	2.44898	0.0886462
3.87755	2.44898	0.114674
4.08163	2.44898	0.11926
4.28571	2.44898	0.0980505
4.4898	2.44898	0.0786702
4.69388	2.44898	0.13631
4.89796	2.44898	0.162015
5.10204	2.44898	0.156326
5.30612	2.44898	0.12109
5.5102	2.44898	0.0593793
5.71429	2.44898	0.0499737
5.91837	2.44898	0.0446779
6.12245	2.44898	0.0279861
6.32653	2.44898	0.00618224
6.53061	2.44898	0.0142376
6.73469	2.44898	0.0448222
6.93878	2.44898	0.0974452
7.14286	2.44898	0.130596
7.34694	2.44898	0.139547
7.55102	2.44898	0.120575
7.7551	2.44898	0.0711168
7.95918	2.44898	0.117703
8.16327	2.44898	0.148503
8.36735	2.44898	0.148877
8.57143	2.44898	0.121427
8.77551	2.44898	0.0699102
8.97959	2.44898	0.0318115
9.18367	2.44898	0.0208708
9.38776	2.44898	0.00230334
9.59184	2.44898	0.0174464
9.79592	2.44898	0.0318849
10	2.44898	0.0347389

0	2.69388	0
0.204082	2.69388	0.0370953
0.408163	2.69388	0.0666079
0.612245	2.69388	0.08127
0.816327	2.69388	0.0744299
1.02041	2.69388	0.0403285
1.22449	2.69388	0.0643391
1.42857	2.69388	0.125157
1.63265	2.69388	0.148939
1.83673	2.69388	0.135379
2.04082	2.69388	0.085719
2.2449	2.69388	0.0186745
2.44898	2.69388	0.0501766
2.65306	2.69388	0.0577879
2.85714	2.69388	0.0478396
3.06122	2.69388	0.0273918
3.26531	2.69388	0.00394026
3.46939	2.69388	0.0378599
3.67347	2.69388	0.0790972
3.87755	2.69388	0.10136
4.08163	2.69388	0.0985063
4.28571	2.69388	0.0654379
4.4898	2.69388	0.0370465
4.69388	2.69388	0.107743
4.89796	2.69388	0.141032
5.10204	2.69388	0.13755
5.30612	2.69388	0.0994572
5.5102	2.69388	0.0303538
5.71429	2.69388	0.0286358
5.91837	2.69388	0.03348
6.12245	2.69388	0.0249756
6.32653	2.69388	0.0104832
6.53061	2.69388	0.00238794
6.73469	2.69388	0.0286407
6.93878	2.69388	0.083658
7.14286	2.69388	0.115867
7.34694	2.69388	0.119729
7.55102	2.69388	0.0908852
7.7551	2.69388	0.0263307
7.95918	2.69388	0.0847599
8.16327	2.69388	0.126009
8.36735	2.69388	0.131618
8.57143	2.69388	0.104637
8.77551	2.69388	0.0494643
8.97959	2.69388	0.0126933
9.18367	2.69388	0.0110889
9.38776	2.69388	0.000550841
9.59184	2.69388	0.0113721
9.79592	2.69388	0.0170736
10	2.69388	0.00920587

0	2.93878	5.55112e-17
0.204082	2.93878	0.0600421
0.408163	2.93878	0.111845
0.612245	2.93878	0.147511
0.816327	2.93878	0.159813
1.02041	2.93878	0.142493
1.22449	2.93878	0.176118
1.42857	2.93878	0.23998
1.63265	2.93878	0.263598
1.83673	2.93878	0.246639
2.04082	2.93878	0.190456
2.2449	2.93878	0.113217
2.44898	2.93878	0.12574
2.65306	2.93878	0.112303
2.85714	2.93878	0.079786
3.06122	2.93878	0.0358601
3.26531	2.93878	0.0113295
3.46939	2.93878	0.0753441
3.67347	2.93878	0.137191
3.87755	2.93878	0.178419
4.08163	2.93878	0.192357
4.28571	2.93878	0.173463
4.4898	2.93878	0.1544
4.69388	2.93878	0.224631
4.89796	2.93878	0.254214
5.10204	2.93878	0.243841
5.30612	2.93878	0.195861
5.5102	2.93878	0.114184
5.71429	2.93878	0.0930541
5.91837	2.93878	0.0754332
6.12245	2.93878	0.0433078
6.32653	2.93878	0.00467583
6.53061	2.93878	0.0321945
6.73469	2.93878	0.0805495
6.93878	2.93878	0.154049
7.14286	2.93878	0.202764
7.34694	2.93878	0.220679
7.55102	2.93878	0.203054
7.7551	2.93878	0.146627
7.95918	2.93878	0.202117
8.16327	2.93878	0.236226
8.36735	2.93878	0.231609
8.57143	2.93878	0.191578
8.77551	2.93878	0.120915
8.97959	2.93878	0.0646865
9.18367	2.93878	0.0397201
9.38776	2.93878	0.00504635
9.59184	2.93878	0.0311321
9.79592	2.93878	0.0605505
10	2.93878	0.0752245

0	3.18367	0
0.204082	3.18367	0.0711423
0.408163	3.18367	0.13388
0.612245	3.18367	0.180159
0.816327	3.18367	0.202605
1.02041	3.18367	0.194836
1.22449	3.18367	0.232914
1.42857	3.18367	0.29694
1.63265	3.18367	0.319915
1.83673	3.18367	0.301502
2.04082	3.18367	0.243078
2.2449	3.18367	0.162092
2.44898	3.18367	0.163978
2.65306	3.18367	0.139385
2.85714	3.18367	0.0953288
3.06122	3.18367	0.0396358
3.26531	3.18367	0.0193864
3.46939	3.18367	0.094009
3.67347	3.18367	0.16564
3.87755	3.18367	0.216239
4.08163	3.18367	0.239002
4.28571	3.18367	0.228275
4.4898	3.18367	0.214743
4.69388	3.18367	0.283075
4.89796	3.18367	0.309946
5.10204	3.18367	0.29606
5.30612	3.18367	0.243815
5.5102	3.18367	0.157198
5.71429	3.18367	0.125984
5.91837	3.18367	0.0965317
6.12245	3.18367	0.0522849
6.32653	3.18367	0.00140131
6.53061	3.18367	0.0476854
6.73469	3.18367	0.106954
6.93878	3.18367	0.188805
7.14286	3.18367	0.245376
7.34694	3.18367	0.27053
7.55102	3.18367	0.259432
7.7551	3.18367	0.208755
7.95918	3.18367	0.261346
8.16327	3.18367	0.290764
8.36735	3.18367	0.280681
8.57143	3.18367	0.234476
8.77551	3.18367	0.157024
8.97959	3.18367	0.0915085
9.18367	3.18367	0.0543942
9.38776	3.18367	0.00737827
9.59184	3.18367	0.0411726
9.79592	3.18367	0.0828279
10	3.18367	0.109444

0	3.42857	5.55112e-17
0.204082	3.42857	0.0701589
0.408163	3.42857	0.13225
0.612245	3.42857	0.178541
0.816327	3.42857	0.201954
1.02041	3.42857	0.196362
1.22449	3.42857	0.233628
1.42857	3.42857	0.294879
1.63265	3.42857	0.316724
1.83673	3.42857	0.298838
2.04082	3.42857	0.242544
2.2449	3.42857	0.164386
2.44898	3.42857	0.164144
2.65306	3.42857	0.138483
2.85714	3.42857	0.0941396
3.06122	3.42857	0.0386248
3.26531	3.42857	0.0200858
3.46939	3.42857	0.093478
3.67347	3.42857	0.163851
3.87755	3.42857	0.214035
4.08163	3.42857	0.237496
4.28571	3.42857	0.22881
4.4898	3.42857	0.216935
4.69388	3.42857	0.281907
4.89796	3.42857	0.307079
5.10204	3.42857	0.293127
5.30612	3.42857	0.242351
5.5102	3.42857	0.15858
5.71429	3.42857	0.126794
5.91837	3.42857	0.096358
6.12245	3.42857	0.0517197
6.32653	3.42857	0.000710355
6.53061	3.42857	0.048574
6.73469	3.42857	0.107344
6.93878	3.42857	0.187214
7.14286	3.42857	0.242816
7.34694	3.42857	0.268259
7.55102	3.42857	0.258903
7.7551	3.42857	0.211552
7.95918	3.42857	0.26128
8.16327	3.42857	0.288507
8.36735	3.42857	0.277816
8.57143	3.42857	0.232448
8.77551	3.42857	0.157086
8.97959	3.42857	0.0926552
9.18367	3.42857	0.0548318
9.38776	3.42857	0.00750327
9.59184	3.42857	0.0412987
9.79592	3.42857	0.0834813
10	3.42857	0.111227

0	3.67347	5.55112e-17
0.204082	3.67347	0.0575758
0.408163	3.67347	0.107902
0.612245	3.67347	0.144029
0.816327	3.67347	0.159599
1.02041	3.67347	0.149104
1.22449	3.67347	0.180503
1.42857	3.67347	0.23616
1.63265	3.67347	0.256407
1.83673	3.67347	0.24095
2.04082	3.67347	0.19098
2.2449	3.67347	0.121963
2.44898	3.67347	0.127762
2.65306	3.67347	0.11072
2.85714	3.67347	0.0768886
3.06122	3.67347	0.0330189
3.26531	3.67347	0.0137225
3.46939	3.67347	0.0745196
3.67347	3.67347	0.133035
3.87755	3.67347	0.173408
4.08163	3.67347	0.189769
4.28571	3.67347	0.177241
4.4898	3.67347	0.163303
4.69388	3.67347	0.223513
4.89796	3.67347	0.247959
5.10204	3.67347	0.237248
5.30612	3.67347	0.193446
5.5102	3.67347	0.119995
5.71429	3.67347	0.0967711
5.91837	3.67347	0.0757639
6.12245	3.67347	0.0419942
6.32653	3.67347	0.00249951
6.53061	3.67347	0.0354452
6.73469	3.67347	0.0827603
6.93878	3.67347	0.15073
7.14286	3.67347	0.196893
7.34694	3.67347	0.215954
7.55102	3.67347	0.203745
7.7551	3.67347	0.157393
7.95918	3.67347	0.204296
8.16327	3.67347	0.231732
8.36735	3.67347	0.225093
8.57143	3.67347	0.187295
8.77551	3.67347	0.122543
8.97959	3.67347	0.069155
9.18367	3.67347	0.041603
9.38776	3.67347	0.00550975
9.59184	3.67347	0.0319076
9.79592	3.67347	0.0633767
10	3.67347	0.0818724

0	3.91837	5.55112e-17
0.204082	3.91837	0.034569
0.408163	3.91837	0.0631389
0.612245	3.91837	0.0799597
0.816327	3.91837	0.079769
1.02041	3.91837	0.0580104
1.22449	3.91837	0.0790001
1.42857	3.91837	0.126529
1.63265	3.91837	0.144756
1.83673	3.91837	0.133439
2.04082	3.91837	0.093562
2.2449	3.91837	0.0393584
2.44898	3.91837	0.0585387
2.65306	3.91837	0.0588176
2.85714	3.91837	0.0452041
3.06122	3.91837	0.0232839
3.26531	3.91837	0.00101264
3.46939	3.91837	0.0390024
3.67347	3.91837	0.076135
3.87755	3.91837	0.0982557
4.08163	3.91837	0.100506
4.28571	3.91837	0.078851
4.4898	3.91837	0.0595075
4.69388	3.91837	0.113697
4.89796	3.91837	0.13829
5.10204	3.91837	0.133792
5.30612	3.91837	0.101912
5.5102	3.91837	0.045497
5.71429	3.91837	0.0390416
5.91837	3.91837	0.0368199
6.12245	3.91837	0.0240373
6.32653	3.91837	0.0065173
6.53061	3.91837	0.00972005
6.73469	3.91837	0.0357359
6.93878	3.91837	0.0828922
7.14286	3.91837	0.112003
7.34694	3.91837	0.118688
7.55102	3.91837	0.0994971
7.7551	3.91837	0.0520535
7.95918	3.91837	0.0961641
8.16327	3.91837	0.125964
8.36735	3.91837	0.127568
8.57143	3.91837	0.103388
8.77551	3.91837	0.0569034
8.97959	3.91837	0.0235067
9.18367	3.91837	0.0160935
9.38776	3.91837	0.0016125
9.59184	3.91837	0.0139642
9.79592	3.91837	0.0246188
10	3.91837	0.024538

0	4.16327	0
0.204082	4.16327	0.0230879
0.408163	4.16327	0.0417854
0.612245	4.16327	0.0518844
0.816327	4.16327	0.0495334
1.02041	4.16327	0.0313979
1.22449	4.16327	0.0459148
1.42857	4.16327	0.0809477
1.63265	4.16327	0.0945363
1.83673	4.16327	0.0865032
2.04082	4.16327	0.0575685
2.2449	4.16327	0.0183914
2.44898	4.16327	0.034861
2.65306	4.16327	0.0374976
2.85714	4.16327	0.0299671
3.06122	4.16327	0.0163572
3.26531	4.16327	0.00100826
3.46939	4.16327	0.0247109
3.67347	4.16327	0.0499771
3.87755	4.16327	0.0642569
4.08163	4.16327	0.0639943
4.28571	4.16327	0.046237
4.4898	4.16327	0.0307595
4.69388	4.16327	0.0711562
4.89796	4.16327	0.0898935
5.10204	4.16327	0.0873396
5.30612	4.16327	0.0647464
5.5102	4.16327	0.0241976
5.71429	4.16327	0.0216319
5.91837	4.16327	0.0225703
6.12245	4.16327	0.0157798
6.32653	4.16327	0.00552219
6.53061	4.16327	0.0037967
6.73469	4.16327	0.0206144
6.93878	4.16327	0.0535886
7.14286	4.16327	0.0733565
7.34694	4.16327	0.0767117
7.55102	4.16327	0.0611294
7.7551	4.16327	0.0248707
7.95918	4.16327	0.0580493
8.16327	4.16327	0.081059
8.36735	4.16327	0.0834334
8.57143	4.16327	0.0669372
8.77551	4.16327	0.0341181
8.97959	4.16327	0.0115003
9.18367	4.16327	0.00867729
9.38776	4.16327	0.00068169
9.59184	4.16327	0.00811576
9.79592	4.16327	0.013311
10	4.16327	0.0106495

0	4.40816	0
0.204082	4.40816	0.0153699
0.408163	4.40816	0.0282201
0.612245	4.40816	0.0361352
0.816327	4.40816	0.0369051
1.02041	4.40816	0.0286159
1.22449	4.40816	0.0377567
1.42857	4.40816	0.0576242
1.63265	4.40816	0.0651843
1.83673	4.40816	0.0603351
2.04082	4.40816	0.04349
2.2449	4.40816	0.020534
2.44898	4.40816	0.0276553
2.65306	4.40816	0.0268375
2.85714	4.40816	0.0201845
3.06122	4.40816	0.0100425
3.26531	4.40816	0.00109772
3.46939	4.40816	0.0178554
3.67347	4.40816	0.0341859
3.87755	4.40816	0.0442111
4.08163	4.40816	0.04589
4.28571	4.40816	0.0375283
4.4898	4.40816	0.0299112
4.69388	4.40816	0.0523883
4.89796	4.40816	0.0624345
5.10204	4.40816	0.0602613
5.30612	4.40816	0.0465869
5.5102	4.40816	0.0226074
5.71429	4.40816	0.0190663
5.91837	4.40816	0.0171474
6.12245	4.40816	0.0107927
6.32653	4.40816	0.00244821
6.53061	4.40816	0.00535758
6.73469	4.40816	0.017139
6.93878	4.40816	0.0375368
7.14286	4.40816	0.0503551
7.34694	4.40816	0.0537538
7.55102	4.40816	0.0462838
7.7551	4.40816	0.026947
7.95918	4.40816	0.0451302
8.16327	4.40816	0.0571856
8.36735	4.40816	0.057398
8.57143	4.40816	0.04678
8.77551	4.40816	0.0267939
8.97959	4.40816	0.0120655
9.18367	4.40816	0.00795155
9.38776	4.40816	0.000868865
9.59184	4.40816	0.00667402
9.79592	4.40816	0.0121495
10	4.40816	0.0131158

0	4.65306	0
0.204082	4.65306	0.00402897
0.408163	4.65306	0.00755917
0.612245	4.65306	0.0101126
0.816327	4.65306	0.0112516
1.02041	4.65306	0.0105976
1.22449	4.65306	0.0127837
1.42857	4.65306	0.016605
1.63265	4.65306	0.0179903
1.83673	4.65306	0.0169193
2.04082	4.65306	0.0134738
2.2449	4.65306	0.00871058
2.44898	4.65306	0.00903481
2.65306	4.65306	0.00778761
2.85714	4.65306	0.0053854
3.06122	4.65306	0.00229258
3.26531	4.65306	0.000997809
3.46939	4.65306	0.00524446
3.67347	4.65306	0.00932877
3.87755	4.65306	0.012165
4.08163	4.65306	0.0133492
4.28571	4.65306	0.012546
4.4898	4.65306	0.0116277
4.69388	4.65306	0.0157473
4.89796	4.65306	0.0174064
5.10204	4.65306	0.0166468
5.30612	4.65306	0.0136107
5.5102	4.65306	0.00853482
5.71429	4.65306	0.00687077
5.91837	4.65306	0.00534676
6.12245	4.65306	0.00294473
6.32653	4.65306	0.00014884
6.53061	4.65306	0.00254041
6.73469	4.65306	0.00586381
6.93878	4.65306	0.0105871
7.14286	4.65306	0.0138102
7.34694	4.65306	0.0151688
7.55102	4.65306	0.014376
7.7551	4.65306	0.0112344
7.95918	4.65306	0.0144337
8.16327	4.65306	0.0162843
8.36735	4.65306	0.0157907
8.57143	4.65306	0.0131534
8.77551	4.65306	0.00866176
8.97959	4.65306	0.00493285
9.18367	4.65306	0.00295741
9.38776	4.65306	0.000394365
9.59184	4.65306	0.00225977
9.79592	4.65306	0.0045047
10	4.65306	0.00585709

0	4.89796	5.55112e-17
0.204082	4.89796	0.00802909
0.408163	4.89796	0.0145062
0.612245	4.89796	0.0179436
0.816327	4.89796	0.01698
1.02041	4.89796	0.0104365
1.22449	4.89796	0.0155176
1.42857	4.89796	0.0279168
1.63265	4.89796	0.0327353
1.83673	4.89796	0.0299105
2.04082	4.89796	0.019697
2.2449	4.89796	0.00587727
2.44898	4.89796	0.0118451
2.65306	4.89796	0.0129229
2.85714	4.89796	0.0104067
3.06122	4.89796	0.00574137
3.26531	4.89796	0.000461271
3.46939	4.89796	0.00850562
3.67347	4.89796	0.0173229
3.87755	4.89796	0.0222564
4.08163	4.89796	0.0220491
4.28571	4.89796	0.0156574
4.4898	4.89796	0.0101069
4.69388	4.89796	0.0244315
4.89796	4.89796	0.0310994
5.10204	4.89796	0.0302408
5.30612	4.89796	0.0222984
5.5102	4.89796	0.00800853
5.71429	4.89796	0.00723091
5.91837	4.89796	0.00771635
6.12245	4.89796	0.00546959
6.32653	4.89796	0.00199721
6.53061	4.89796	0.00114334
6.73469	4.89796	0.00695525
6.93878	4.89796	0.0185196
7.14286	4.89796	0.0254154
7.34694	4.89796	0.0265094
7.55102	4.89796	0.0209089
7.7551	4.89796	0.00799919
7.95918	4.89796	0.0197816
8.16327	4.89796	0.0279876
8.36735	4.89796	0.0288989
8.57143	4.89796	0.0231394
8.77551	4.89796	0.0116097
8.97959	4.89796	0.00372355
9.18367	4.89796	0.00288159
9.38776	4.89796	0.000211106
9.59184	4.89796	0.00274284
9.79592	4.89796	0.00442339
10	4.89796	0.00332657

0	5.14286	0
0.204082	5.14286	0.0178557
0.408163	5.14286	0.0322011
0.612245	5.14286	0.0396719
0.816327	5.14286	0.0371889
1.02041	5.14286	0.022086
1.22449	5.14286	0.033462
1.42857	5.14286	0.0615392
1.63265	5.14286	0.0724714
1.83673	5.14286	0.0661168
2.04082	5.14286	0.0430512
2.2449	5.14286	0.0118629
2.44898	5.14286	0.0256942
2.65306	5.14286	0.0284659
2.85714	5.14286	0.0231089
3.06122	5.14286	0.0128914
3.26531	5.14286	0.00128342
3.46939	5.14286	0.0187108
3.67347	5.14286	0.0383905
3.87755	5.14286	0.0492863
4.08163	5.14286	0.0485554
4.28571	5.14286	0.0338373
4.4898	5.14286	0.0211025
4.69388	5.14286	0.0536015
4.89796	5.14286	0.0687836
5.10204	5.14286	0.0669432
5.30612	5.14286	0.0490812
5.5102	5.14286	0.0168635
5.71429	5.14286	0.0154011
5.91837	5.14286	0.0168511
6.12245	5.14286	0.0121217
6.32653	5.14286	0.00462037
6.53061	5.14286	0.00213047
6.73469	5.14286	0.0149701
6.93878	5.14286	0.040914
7.14286	5.14286	0.0562991
7.34694	5.14286	0.0585623
7.55102	5.14286	0.0456847
7.7551	5.14286	0.016276
7.95918	5.14286	0.0430472
8.16327	5.14286	0.0617712
8.36735	5.14286	0.0639971
8.57143	5.14286	0.0511358
8.77551	5.14286	0.0252241
8.97959	5.14286	0.00763849
9.18367	5.14286	0.00609154
9.38776	5.14286	0.000409025
9.59184	5.14286	0.00591457
9.79592	5.14286	0.00935817
10	5.14286	0.00652023

0	5.38776	0
0.204082	5.38776	0.0286141
0.408163	5.38776	0.0519693
0.612245	5.38776	0.065025
0.816327	5.38776	0.0631682
1.02041	5.38776	0.0424046
1.22449	5.38776	0.0601593
1.42857	5.38776	0.102014
1.63265	5.38776	0.118182
1.83673	5.38776	0.108452
2.04082	5.38776	0.073686
2.2449	5.38776	0.026546
2.44898	5.38776	0.0452183
2.65306	5.38776	0.0473213
2.85714	5.38776	0.0372461
3.06122	5.38776	0.0198891
3.26531	5.38776	0.000448911
3.46939	5.38776	0.0312615
3.67347	5.38776	0.0623537
3.87755	5.38776	0.0802863
4.08163	5.38776	0.0807999
4.28571	5.38776	0.0603582
4.4898	5.38776	0.0423921
4.69388	5.38776	0.0904592
4.89796	5.38776	0.112583
5.10204	5.38776	0.109203
5.30612	5.38776	0.0818208
5.5102	5.38776	0.0329309
5.71429	5.38776	0.0289213
5.91837	5.38776	0.0289331
6.12245	5.38776	0.019687
6.32653	5.38776	0.00628812
6.53061	5.38776	0.00598642
6.73469	5.38776	0.0270946
6.93878	5.38776	0.0672581
7.14286	5.38776	0.0916029
7.34694	5.38776	0.0962886
7.55102	5.38776	0.0782907
7.7551	5.38776	0.0355265
7.95918	5.38776	0.0748793
8.16327	5.38776	0.10192
8.36735	5.38776	0.104243
8.57143	5.38776	0.0839632
8.77551	5.38776	0.0441316
8.97959	5.38776	0.0162488
9.18367	5.38776	0.0117387
9.38776	5.38776	0.00103272
9.59184	5.38776	0.0106337
9.79592	5.38776	0.0179854
10	5.38776	0.0159262

0	5.63265	0
0.204082	5.63265	0.0527371
0.408163	5.63265	0.0987805
0.612245	5.63265	0.131714
0.816327	5.63265	0.145667
1.02041	5.63265	0.135554
1.22449	5.63265	0.164383
1.42857	5.63265	0.215819
1.63265	5.63265	0.234561
1.83673	5.63265	0.220337
2.04082	5.63265	0.174247
2.2449	5.63265	0.110617
2.44898	5.63265	0.116437
2.65306	5.63265	0.101167
2.85714	5.63265	0.0703958
3.06122	5.63265	0.030356
3.26531	5.63265	0.0123354
3.46939	5.63265	0.0680712
3.67347	5.63265	0.121733
3.87755	5.63265	0.158645
4.08163	5.63265	0.173386
4.28571	5.63265	0.161453
4.4898	5.63265	0.148331
4.69388	5.63265	0.204066
4.89796	5.63265	0.226778
5.10204	5.63265	0.217029
5.30612	5.63265	0.176728
5.5102	5.63265	0.109051
5.71429	5.63265	0.0880214
5.91837	5.63265	0.069116
6.12245	5.63265	0.0384269
6.32653	5.63265	0.00245183
6.53061	5.63265	0.0320921
6.73469	5.63265	0.0753535
6.93878	5.63265	0.137817
7.14286	5.63265	0.180145
7.34694	5.63265	0.19745
7.55102	5.63265	0.185883
7.7551	5.63265	0.142792
7.95918	5.63265	0.186269
8.16327	5.63265	0.211831
8.36735	5.63265	0.205931
8.57143	5.63265	0.171261
8.77551	5.63265	0.111704
8.97959	5.63265	0.0627601
9.18367	5.63265	0.0378191
9.38776	5.63265	0.00499182
9.59184	5.63265	0.0290579
9.79592	5.63265	0.0576157
10	5.63265	0.0741949

0	5.87755	0
0.204082	5.87755	0.0672359
0.408163	5.87755	0.126743
0.612245	5.87755	0.171112
0.816327	5.87755	0.193564
1.02041	5.87755	0.188228
1.22449	5.87755	0.223938
1.42857	5.87755	0.282616
1.63265	5.87755	0.303542
1.83673	5.87755	0.286404
2.04082	5.87755	0.23247
2.2449	5.87755	0.157587
2.44898	5.87755	0.157332
2.65306	5.87755	0.132725
2.85714	5.87755	0.0902189
3.06122	5.87755	0.0370104
3.26531	5.87755	0.0192598
3.46939	5.87755	0.0895919
3.67347	5.87755	0.15703
3.87755	5.87755	0.205126
4.08163	5.87755	0.227622
4.28571	5.87755	0.219318
4.4898	5.87755	0.207954
4.69388	5.87755	0.270193
4.89796	5.87755	0.294301
5.10204	5.87755	0.280927
5.30612	5.87755	0.232275
5.5102	5.87755	0.152012
5.71429	5.87755	0.12154
5.91837	5.87755	0.0923563
6.12245	5.87755	0.0495666
6.32653	5.87755	0.000673277
6.53061	5.87755	0.0465675
6.73469	5.87755	0.102892
6.93878	5.87755	0.179425
7.14286	5.87755	0.232709
7.34694	5.87755	0.257099
7.55102	5.87755	0.24815
7.7551	5.87755	0.202801
7.95918	5.87755	0.250434
8.16327	5.87755	0.276507
8.36735	5.87755	0.266252
8.57143	5.87755	0.222777
8.77551	5.87755	0.150566
8.97959	5.87755	0.0888218
9.18367	5.87755	0.0525606
9.38776	5.87755	0.00719319
9.59184	5.87755	0.0395858
9.79592	5.87755	0.0800233
10	5.87755	0.106629

0	6.12245	0
0.204082	6.12245	0.0706217
0.408163	6.12245	0.13294
0.612245	6.12245	0.178997
0.816327	6.12245	0.201507
1.02041	6.12245	0.194166
1.22449	6.12245	0.231915
1.42857	6.12245	0.295133
1.63265	6.12245	0.317795
1.83673	6.12245	0.299565
2.04082	6.12245	0.241806
2.2449	6.12245	0.161718
2.44898	6.12245	0.163214
2.65306	6.12245	0.138548
2.85714	6.12245	0.0946542
3.06122	6.12245	0.0392628
3.26531	6.12245	0.0194178
3.46939	6.12245	0.0934588
3.67347	6.12245	0.164517
3.87755	6.12245	0.214798
4.08163	6.12245	0.237575
4.28571	6.12245	0.227266
4.4898	6.12245	0.214096
4.69388	6.12245	0.281496
4.89796	6.12245	0.307932
5.10204	6.12245	0.294102
5.30612	6.12245	0.242372
5.5102	6.12245	0.156685
5.71429	6.12245	0.125519
5.91837	6.12245	0.0960333
6.12245	6.12245	0.0519305
6.32653	6.12245	0.00127074
6.53061	6.12245	0.0476137
6.73469	6.12245	0.106506
6.93878	6.12245	0.187606
7.14286	6.12245	0.24373
7.34694	6.12245	0.268813
7.55102	6.12245	0.258081
7.7551	6.12245	0.208246
7.95918	6.12245	0.260069
8.16327	6.12245	0.288952
8.36735	6.12245	0.278809
8.57143	6.12245	0.232977
8.77551	6.12245	0.156275
8.97959	6.12245	0.0912709
9.18367	6.12245	0.0542092
9.38776	6.12245	0.00736494
9.59184	6.12245	0.0409958
9.79592	6.12245	0.082544
10	6.12245	0.109233

0	6.36735	0
0.204082	6.36735	0.0620691
0.408163	6.36735	0.115756
0.612245	6.36735	0.153027
0.816327	6.36735	0.16653
1.02041	6.36735	0.149897
1.22449	6.36735	0.184482
1.42857	6.36735	0.249338
1.63265	6.36735	0.273254
1.83673	6.36735	0.25589
2.04082	6.36735	0.198623
2.2449	6.36735	0.119827
2.44898	6.36735	0.131481
2.65306	6.36735	0.116725
2.85714	6.36735	0.0825586
3.06122	6.36735	0.036786
3.26531	6.36735	0.0123069
3.46939	6.36735	0.0783602
3.67347	6.36735	0.14213
3.87755	6.36735	0.184925
4.08163	6.36735	0.199957
4.28571	6.36735	0.181588
4.4898	6.36735	0.162785
4.69388	6.36735	0.233902
4.89796	6.36735	0.263668
5.10204	6.36735	0.252785
5.30612	6.36735	0.203645
5.5102	6.36735	0.120224
5.71429	6.36735	0.0977647
5.91837	6.36735	0.0786935
6.12245	6.36735	0.0448667
6.32653	6.36735	0.00442073
6.53061	6.36735	0.0342331
6.73469	6.36735	0.0844176
6.93878	6.36735	0.159876
7.14286	6.36735	0.210121
7.34694	6.36735	0.229032
7.55102	6.36735	0.211789
7.7551	6.36735	0.155071
7.95918	6.36735	0.211122
8.16327	6.36735	0.245285
8.36735	6.36735	0.240052
8.57143	6.36735	0.198792
8.77551	6.36735	0.126369
8.97959	6.36735	0.0683533
9.18367	6.36735	0.0417924
9.38776	6.36735	0.0053563
9.59184	6.36735	0.0326107
9.79592	6.36735	0.0637005
10	6.36735	0.0797907

0	6.61224	0
0.204082	6.61224	0.0414649
0.408163	6.61224	0.0749694
0.612245	6.61224	0.0928834
0.816327	6.61224	0.0882241
1.02041	6.61224	0.0549455
1.22449	6.61224	0.0811151
1.42857	6.61224	0.144679
1.63265	6.61224	0.169362
1.83673	6.61224	0.154841
2.04082	6.61224	0.102424
2.2449	6.61224	0.0314784
2.44898	6.61224	0.0617763
2.65306	6.61224	0.066993
2.85714	6.61224	0.0537755
3.06122	6.61224	0.0295353
3.26531	6.61224	0.00214185
3.46939	6.61224	0.0441167
3.67347	6.61224	0.0895854
3.87755	6.61224	0.115134
4.08163	6.61224	0.114316
4.28571	6.61224	0.0817767
4.4898	6.61224	0.0534771
4.69388	6.61224	0.126854
4.89796	6.61224	0.16096
5.10204	6.61224	0.156461
5.30612	6.61224	0.115629
5.5102	6.61224	0.0422415
5.71429	6.61224	0.0379766
5.91837	6.61224	0.040138
6.12245	6.61224	0.0282859
6.32653	6.61224	0.0101474
6.53061	6.61224	0.00628903
6.73469	6.61224	0.0363832
6.93878	6.61224	0.0958943
7.14286	6.61224	0.13146
7.34694	6.61224	0.137268
7.55102	6.61224	0.10874
7.7551	6.61224	0.042722
7.95918	6.61224	0.10304
8.16327	6.61224	0.144975
8.36735	6.61224	0.149495
8.57143	6.61224	0.119801
8.77551	6.61224	0.0605108
8.97959	6.61224	0.0198287
9.18367	6.61224	0.015177
9.38776	6.61224	0.0011466
9.59184	6.61224	0.0143376
9.79592	6.61224	0.0232906
10	6.61224	0.0179982

0	6.85714	1.11022e-16
0.204082	6.85714	0.04277
0.408163	6.85714	0.0784761
0.612245	6.85714	0.100348
0.816327	6.85714	0.102189
1.02041	6.85714	0.0786334
1.22449	6.85714	0.104137
1.42857	6.85714	0.159869
1.63265	6.85714	0.181098
1.83673	6.85714	0.16754
2.04082	6.85714	0.120353
2.2449	6.85714	0.0560696
2.44898	6.85714	0.0763822
2.65306	6.85714	0.0744388
2.85714	6.85714	0.0561372
3.06122	6.85714	0.0280546
3.26531	6.85714	0.00282621
3.46939	6.85714	0.0495048
3.67347	6.85714	0.0950112
3.87755	6.85714	0.122841
4.08163	6.85714	0.127274
4.28571	6.85714	0.103559
4.4898	6.85714	0.0820157
4.69388	6.85714	0.145133
4.89796	6.85714	0.173402
5.10204	6.85714	0.167416
5.30612	6.85714	0.129188
5.5102	6.85714	0.0620707
5.71429	6.85714	0.0524535
5.91837	6.85714	0.0474423
6.12245	6.85714	0.0299959
6.32653	6.85714	0.00697123
6.53061	6.85714	0.0145431
6.73469	6.85714	0.0472517
6.93878	6.85714	0.104213
7.14286	6.85714	0.139927
7.34694	6.85714	0.149234
7.55102	6.85714	0.128072
7.7551	6.85714	0.0736438
7.95918	6.85714	0.124746
8.16327	6.85714	0.158714
8.36735	6.85714	0.159482
8.57143	6.85714	0.129888
8.77551	6.85714	0.0740327
8.97959	6.85714	0.0330054
9.18367	6.85714	0.021846
9.38776	6.85714	0.0023642
9.59184	6.85714	0.0184077
9.79592	6.85714	0.0333839
10	6.85714	0.0357193

0	7.10204	0
0.204082	7.10204	0.0434486
0.408163	7.10204	0.0811515
0.612245	7.10204	0.107602
0.816327	7.10204	0.117758
1.02041	7.10204	0.107258
1.22449	7.10204	0.13131
1.42857	7.10204	0.175666
1.63265	7.10204	0.191958
1.83673	7.10204	0.179954
2.04082	7.10204	0.140597
2.2449	7.10204	0.0863835
2.44898	7.10204	0.0933803
2.65306	7.10204	0.0822742
2.85714	7.10204	0.0578624
3.06122	7.10204	0.0254946
3.26531	7.10204	0.00914912
3.46939	7.10204	0.0552768
3.67347	7.10204	0.0997681
3.87755	7.10204	0.129882
4.08163	7.10204	0.140963
4.28571	7.10204	0.12915
4.4898	7.10204	0.1168
4.69388	7.10204	0.165248
4.89796	7.10204	0.185351
5.10204	7.10204	0.17759
5.30612	7.10204	0.143604
5.5102	7.10204	0.0861203
5.71429	7.10204	0.0698448
5.91837	7.10204	0.0557267
6.12245	7.10204	0.0314938
6.32653	7.10204	0.00272366
6.53061	7.10204	0.0248181
6.73469	7.10204	0.0601243
6.93878	7.10204	0.112476
7.14286	7.10204	0.147545
7.34694	7.10204	0.161135
7.55102	7.10204	0.149941
7.7551	7.10204	0.111688
7.95918	7.10204	0.149745
8.16327	7.10204	0.172674
8.36735	7.10204	0.168598
8.57143	7.10204	0.139825
8.77551	7.10204	0.0896915
8.97959	7.10204	0.0491794
9.18367	7.10204	0.0299117
9.38776	7.10204	0.00387478
9.59184	7.10204	0.0232116
9.79592	7.10204	0.0455837
10	7.10204	0.0576739

0	7.34694	1.11022e-16
0.204082	7.34694	0.0358661
0.408163	7.34694	0.0676475
0.612245	7.34694	0.0914291
0.816327	7.34694	0.103628
1.02041	7.34694	0.101141
1.22449	7.34694	0.12014
1.42857	7.34694	0.151113
1.63265	7.34694	0.162134
1.83673	7.34694	0.15304
2.04082	7.34694	0.124499
2.2449	7.34694	0.0848512
2.44898	7.34694	0.0843498
2.65306	7.34694	0.0709787
2.85714	7.34694	0.0481484
3.06122	7.34694	0.0196622
3.26531	7.34694	0.0104421
3.46939	7.34694	0.0479252
3.67347	7.34694	0.0838525
3.87755	7.34694	0.109558
4.08163	7.34694	0.121734
4.28571	7.34694	0.117634
4.4898	7.34694	0.111827
4.69388	7.34694	0.144608
4.89796	7.34694	0.157237
5.10204	7.34694	0.150058
5.30612	7.34694	0.124235
5.5102	7.34694	0.081707
5.71429	7.34694	0.0652773
5.91837	7.34694	0.0494681
6.12245	7.34694	0.026468
6.32653	7.34694	0.000242386
6.53061	7.34694	0.0251099
6.73469	7.34694	0.0552113
6.93878	7.34694	0.0958891
7.14286	7.34694	0.12428
7.34694	7.34694	0.137401
7.55102	7.34694	0.132904
7.7551	7.34694	0.10917
7.95918	7.34694	0.134207
8.16327	7.34694	0.147806
8.36735	7.34694	0.142205
8.57143	7.34694	0.119048
8.77551	7.34694	0.0807055
8.97959	7.34694	0.0478001
9.18367	7.34694	0.0282446
9.38776	7.34694	0.00387658
9.59184	7.34694	0.0212374
9.79592	7.34694	0.043
10	7.34694	0.057453

0	7.59184	1.11022e-16
0.204082	7.59184	0.0224106
0.408163	7.59184	0.0426413
0.612245	7.59184	0.0586027
0.816327	7.59184	0.0683824
1.02041	7.59184	0.0703249
1.22449	7.59184	0.0817129
1.42857	7.59184	0.097874
1.63265	7.59184	0.103388
1.83673	7.59184	0.0981657
2.04082	7.59184	0.0825657
2.2449	7.59184	0.0606793
2.44898	7.59184	0.0568152
2.65306	7.59184	0.0460829
2.85714	7.59184	0.0303024
3.06122	7.59184	0.0115034
3.26531	7.59184	0.00815914
3.46939	7.59184	0.0312439
3.67347	7.59184	0.0532405
3.87755	7.59184	0.0697821
4.08163	7.59184	0.0791031
4.28571	7.59184	0.0797376
4.4898	7.59184	0.0785917
4.69388	7.59184	0.0949944
4.89796	7.59184	0.100643
5.10204	7.59184	0.0957199
5.30612	7.59184	0.080847
5.5102	7.59184	0.0570589
5.71429	7.59184	0.0450992
5.91837	7.59184	0.0328706
6.12245	7.59184	0.0168044
6.32653	7.59184	0.000983211
6.53061	7.59184	0.0183048
6.73469	7.59184	0.0376545
6.93878	7.59184	0.0616362
7.14286	7.59184	0.0790606
7.34694	7.59184	0.0883359
7.55102	7.59184	0.0882083
7.7551	7.59184	0.0778145
7.95918	7.59184	0.0898516
8.16327	7.59184	0.0953337
8.36735	7.59184	0.0905702
8.57143	7.59184	0.0764369
8.77551	7.59184	0.0541991
8.97959	7.59184	0.0339421
9.18367	7.59184	0.0196581
9.38776	7.59184	0.00280577
9.59184	7.59184	0.0144447
9.79592	7.59184	0.0299065
10	7.59184	0.0414674

0	7.83673	1.11022e-16
0.204082	7.83673	0.00582087
0.408163	7.83673	0.0114967
0.612245	7.83673	0.0168884
0.816327	7.83673	0.0218687
1.02041	7.83673	0.0263274
1.22449	7.83673	0.0287385
1.42857	7.83673	0.0293262
1.63265	7.83673	0.0292053
1.83673	7.83673	0.02837
2.04082	7.83673	0.0268441
2.2449	7.83673	0.0244248
2.44898	7.83673	0.0194054
2.65306	7.83673	0.0139288
2.85714	7.83673	0.00811633
3.06122	7.83673	0.00210297
3.26531	7.83673	0.00396785
3.46939	7.83673	0.00958352
3.67347	7.83673	0.0147853
3.87755	7.83673	0.0196241
4.08163	7.83673	0.0239824
4.28571	7.83673	0.0277626
4.4898	7.83673	0.0302724
4.69388	7.83673	0.0299184
4.89796	7.83673	0.0288488
5.10204	7.83673	0.0270757
5.30612	7.83673	0.0246404
5.5102	7.83673	0.0216119
5.71429	7.83673	0.0165898
5.91837	7.83673	0.0107554
6.12245	7.83673	0.00466567
6.32653	7.83673	0.00153868
6.53061	7.83673	0.007712
6.73469	7.83673	0.0133499
6.93878	7.83673	0.0179553
7.14286	7.83673	0.0221243
7.34694	7.83673	0.025751
7.55102	7.83673	0.0287519
7.7551	7.83673	0.0310697
7.95918	7.83673	0.030116
8.16327	7.83673	0.0281306
8.36735	7.83673	0.0254634
8.57143	7.83673	0.0221726
8.77551	7.83673	0.0183425
8.97959	7.83673	0.0134243
9.18367	7.83673	0.00737889
9.38776	7.83673	0.00116252
9.59184	7.83673	0.00508035
9.79592	7.83673	0.0112042
10	7.83673	0.0170684

0	8.08163	0
0.204082	8.08163	0.0132203
0.408163	8.08163	0.0245421
0.612245	8.08163	0.0321459
0.816327	8.08163	0.0343662
1.02041	8.08163	0.0297613
1.22449	8.08163	0.0372745
1.42857	8.08163	0.0520582
1.63265	8.08163	0.0575693
1.83673	8.08163	0.0537311
2.04082	8.08163	0.0408549
2.2449	8.08163	0.0231946
2.44898	8.08163	0.0267556
2.65306	8.08163	0.0243352
2.85714	8.08163	0.0175184
3.06122	8.08163	0.0080729
3.26531	8.08163	0.00212463
3.46939	8.08163	0.0162957
3.67347	8.08163	0.0300157
3.87755	8.08163	0.038985
4.08163	8.08163	0.0416661
4.28571	8.08163	0.0367824
4.4898	8.08163	0.0320234
4.69388	8.08163	0.0484104
4.89796	8.08163	0.0554318
5.10204	8.08163	0.0532467
5.30612	8.08163	0.0423966
5.5102	8.08163	0.0237823
5.71429	8.08163	0.0195132
5.91837	8.08163	0.0161653
6.12245	8.08163	0.00947544
6.32653	8.08163	0.00128636
6.53061	8.08163	0.00649683
6.73469	8.08163	0.0170213
6.93878	8.08163	0.0335296
7.14286	8.08163	0.0443273
7.34694	8.08163	0.0480281
7.55102	8.08163	0.0435403
7.7551	8.08163	0.0301118
7.95918	8.08163	0.0431465
8.16327	8.08163	0.0513389
8.36735	8.08163	0.0506084
8.57143	8.08163	0.0417182
8.77551	8.08163	0.0257699
8.97959	8.08163	0.0133207
9.18367	8.08163	0.00829084
9.38776	8.08163	0.00102432
9.59184	8.08163	0.00658892
9.79592	8.08163	0.0126446
10	8.08163	0.0153029

0	8.32653	0
0.204082	8.32653	0.0340175
0.408163	8.32653	0.0642063
0.612245	8.32653	0.0868967
0.816327	8.32653	0.0987302
1.02041	8.32653	0.0967988
1.22449	8.32653	0.11476
1.42857	8.32653	0.143746
1.63265	8.32653	0.154032
1.83673	8.32653	0.145462
2.04082	8.32653	0.118665
2.2449	8.32653	0.0814137
2.44898	8.32653	0.0805044
2.65306	8.32653	0.0675319
2.85714	8.32653	0.0456933
3.06122	8.32653	0.0185532
3.26531	8.32653	0.0101035
3.46939	8.32653	0.0456137
3.67347	8.32653	0.0796339
3.87755	8.32653	0.104073
4.08163	8.32653	0.115831
4.28571	8.32653	0.112333
4.4898	8.32653	0.107129
4.69388	8.32653	0.137721
4.89796	8.32653	0.149425
5.10204	8.32653	0.142563
5.30612	8.32653	0.118225
5.5102	8.32653	0.0782292
5.71429	8.32653	0.0624395
5.91837	8.32653	0.0471579
6.12245	8.32653	0.0251363
6.32653	8.32653	9.12687e-05
6.53061	8.32653	0.0241352
6.73469	8.32653	0.0527512
6.93878	8.32653	0.091157
7.14286	8.32653	0.118046
7.34694	8.32653	0.130623
7.55102	8.32653	0.126685
7.7551	8.32653	0.104716
7.95918	8.32653	0.128022
8.16327	8.32653	0.140551
8.36735	8.32653	0.135085
8.57143	8.32653	0.113163
8.77551	8.32653	0.0770065
8.97959	8.32653	0.0458342
9.18367	8.32653	0.0270343
9.38776	8.32653	0.00372363
9.59184	8.32653	0.0202863
9.79592	8.32653	0.0411549
10	8.32653	0.0551721

0	8.57143	1.11022e-16
0.204082	8.57143	0.0493098
0.408163	8.57143	0.0930893
0.612245	8.57143	0.126037
0.816327	8.57143	0.143303
1.02041	8.57143	0.140686
1.22449	8.57143	0.166696
1.42857	8.57143	0.208546
1.63265	8.57143	0.223384
1.83673	8.57143	0.210986
2.04082	8.57143	0.17226
2.2449	8.57143	0.118412
2.44898	8.57143	0.116909
2.65306	8.57143	0.0979808
2.85714	8.57143	0.0662457
3.06122	8.57143	0.0268529
3.26531	8.57143	0.0147307
3.46939	8.57143	0.0661867
3.67347	8.57143	0.115477
3.87755	8.57143	0.150928
4.08163	8.57143	0.168061
4.28571	8.57143	0.163156
4.4898	8.57143	0.155742
4.69388	8.57143	0.199874
4.89796	8.57143	0.216724
5.10204	8.57143	0.206753
5.30612	8.57143	0.17154
5.5102	8.57143	0.11371
5.71429	8.57143	0.0907335
5.91837	8.57143	0.0684597
6.12245	8.57143	0.0364501
6.32653	8.57143	7.31519e-05
6.53061	8.57143	0.0351213
6.73469	8.57143	0.0766297
6.93878	8.57143	0.132226
7.14286	8.57143	0.171186
7.34694	8.57143	0.189473
7.55102	8.57143	0.183904
7.7551	8.57143	0.152291
7.95918	8.57143	0.185886
8.16327	8.57143	0.20389
8.36735	8.57143	0.195901
8.57143	8.57143	0.164142
8.77551	8.57143	0.111821
8.97959	8.57143	0.066651
9.18367	8.57143	0.0392921
9.38776	8.57143	0.00541755
9.59184	8.57143	0.0294671
9.79592	8.57143	0.0598142
10	8.57143	0.0802646

0	8.81633	0
0.204082	8.81633	0.0566506
0.408163	8.81633	0.106399
0.612245	8.81633	0.14263
0.816327	8.81633	0.159288
1.02041	8.81633	0.151132
1.22449	8.81633	0.181726
1.42857	8.81633	0.234508
1.63265	8.81633	0.253577
1.83673	8.81633	0.238655
2.04082	8.81633	0.190874
2.2449	8.81633	0.124758
2.44898	8.81633	0.12826
2.65306	8.81633	0.110016
2.85714	8.81633	0.0757878
3.06122	8.81633	0.0320027
3.26531	8.81633	0.0145164
3.46939	8.81633	0.0741278
3.67347	8.81633	0.131422
3.87755	8.81633	0.171444
4.08163	8.81633	0.188605
4.28571	8.81633	0.178262
4.4898	8.81633	0.166089
4.69388	8.81633	0.2228
4.89796	8.81633	0.245461
5.10204	8.81633	0.23465
5.30612	8.81633	0.192336
5.5102	8.81633	0.121794
5.71429	8.81633	0.0978916
5.91837	8.81633	0.0757633
6.12245	8.81633	0.0414845
6.32653	8.81633	0.00175514
6.53061	8.81633	0.0364985
6.73469	8.81633	0.0833892
6.93878	8.81633	0.149376
7.14286	8.81633	0.194601
7.34694	8.81633	0.214024
7.55102	8.81633	0.203676
7.7551	8.81633	0.160822
7.95918	8.81633	0.204733
8.16327	8.81633	0.229856
8.36735	8.81633	0.22254
8.57143	8.81633	0.185557
8.77551	8.81633	0.122914
8.97959	8.81633	0.0705724
9.18367	8.81633	0.0421817
9.38776	8.81633	0.00565923
9.59184	8.81633	0.0321238
9.79592	8.81633	0.064244
10	8.81633	0.0840126

0	9.06122	0
0.204082	9.06122	0.0540674
0.408163	9.06122	0.100273
0.612245	9.06122	0.131081
0.816327	9.06122	0.139595
1.02041	9.06122	0.119843
1.22449	9.06122	0.150697
1.42857	9.06122	0.211997
1.63265	9.06122	0.234897
1.83673	9.06122	0.219079
2.04082	9.06122	0.165832
2.2449	9.06122	0.0928476
2.44898	9.06122	0.108344
2.65306	9.06122	0.0990693
2.85714	9.06122	0.0715885
3.06122	9.06122	0.0332215
3.26531	9.06122	0.00825981
3.46939	9.06122	0.0663041
3.67347	9.06122	0.122534
3.87755	9.06122	0.15909
4.08163	9.06122	0.169605
4.28571	9.06122	0.148793
4.4898	9.06122	0.128677
4.69388	9.06122	0.196767
4.89796	9.06122	0.226072
5.10204	9.06122	0.217251
5.30612	9.06122	0.172545
5.5102	9.06122	0.095686
5.71429	9.06122	0.0786714
5.91837	9.06122	0.0655969
6.12245	9.06122	0.0386821
6.32653	9.06122	0.00555892
6.53061	9.06122	0.0258834
6.73469	9.06122	0.0687836
6.93878	9.06122	0.136675
7.14286	9.06122	0.180918
7.34694	9.06122	0.19577
7.55102	9.06122	0.176712
7.7551	9.06122	0.120627
7.95918	9.06122	0.174883
8.16327	9.06122	0.20918
8.36735	9.06122	0.206525
8.57143	9.06122	0.170078
8.77551	9.06122	0.104402
8.97959	9.06122	0.0534078
9.18367	9.06122	0.0333794
9.38776	9.06122	0.00408845
9.59184	9.06122	0.0266384
9.79592	9.06122	0.0509148
10	9.06122	0.061122

0	9.30612	1.11022e-16
0.204082	9.30612	0.0401804
0.408163	9.30612	0.0720083
0.612245	9.30612	0.0874777
0.816327	9.30612	0.0792616
1.02041	9.30612	0.0410163
1.22449	9.30612	0.0672046
1.42857	9.30612	0.134275
1.63265	9.30612	0.160549
1.83673	9.30612	0.145688
2.04082	9.30612	0.0910625
2.2449	9.30612	0.017362
2.44898	9.30612	0.0528123
2.65306	9.30612	0.0619459
2.85714	9.30612	0.0517371
3.06122	9.30612	0.0299626
3.26531	9.30612	0.00487939
3.46939	9.30612	0.040523
3.67347	9.30612	0.0853591
3.87755	9.30612	0.109294
4.08163	9.30612	0.105562
4.28571	9.30612	0.0685478
4.4898	9.30612	0.0368666
4.69388	9.30612	0.114969
4.89796	9.30612	0.151866
5.10204	9.30612	0.148257
5.30612	9.30612	0.106524
5.5102	9.30612	0.0306319
5.71429	9.30612	0.0294047
5.91837	9.30612	0.035531
6.12245	9.30612	0.0269532
6.32653	9.30612	0.0117795
6.53061	9.30612	0.00160831
6.73469	9.30612	0.029842
6.93878	9.30612	0.0899721
7.14286	9.30612	0.124977
7.34694	9.30612	0.128759
7.55102	9.30612	0.096512
7.7551	9.30612	0.0249292
7.95918	9.30612	0.0895673
8.16327	9.30612	0.135374
8.36735	9.30612	0.141924
8.57143	9.30612	0.112572
8.77551	9.30612	0.0521675
8.97959	9.30612	0.0122248
9.18367	9.30612	0.0112593
9.38776	9.30612	0.000453188
9.59184	9.30612	0.0118784
9.79592	9.30612	0.017357
10	9.30612	0.00788849

0	9.55102	0
0.204082	9.55102	0.0552177
0.408163	9.55102	0.102091
0.612245	9.55102	0.13262
0.816327	9.55102	0.139487
1.02041	9.55102	0.116352
1.22449	9.55102	0.148272
1.42857	9.55102	0.213581
1.63265	9.55102	0.238132
1.83673	9.55102	0.221586
2.04082	9.55102	0.165314
2.2449	9.55102	0.0883298
2.44898	9.55102	0.107165
2.65306	9.55102	0.0997086
2.85714	9.55102	0.0729274
3.06122	9.55102	0.0345914
3.26531	9.55102	0.00705016
3.46939	9.55102	0.0666142
3.67347	9.55102	0.124424
3.87755	9.55102	0.161351
4.08163	9.55102	0.170638
4.28571	9.55102	0.146673
4.4898	9.55102	0.124026
4.69388	9.55102	0.197023
4.89796	9.55102	0.228852
5.10204	9.55102	0.220214
5.30612	9.55102	0.173487
5.5102	9.55102	0.092632
5.71429	9.55102	0.076691
5.91837	9.55102	0.0653304
6.12245	9.55102	0.0392795
6.32653	9.55102	0.00663889
6.53061	9.55102	0.0242176
6.73469	9.55102	0.0675718
6.93878	9.55102	0.138124
7.14286	9.55102	0.183576
7.34694	9.55102	0.197832
7.55102	9.55102	0.176094
7.7551	9.55102	0.115056
7.95918	9.55102	0.173524
8.16327	9.55102	0.211105
8.36735	9.55102	0.209465
8.57143	9.55102	0.171958
8.77551	9.55102	0.103426
8.97959	9.55102	0.0510905
9.18367	9.55102	0.0323862
9.38776	9.55102	0.00385037
9.59184	9.55102	0.0262095
9.79592	9.55102	0.0494227
10	9.55102	0.0577027

0	9.79592	1.11022e-16
0.204082	9.79592	0.0633735
0.408163	9.79592	0.118908
0.612245	9.79592	0.15909
0.816327	9.79592	0.177042
1.02041	9.79592	0.166812
1.22449	9.79592	0.20119
1.42857	9.79592	0.261245
1.63265	9.79592	0.283012
1.83673	9.79592	0.266173
2.04082	9.79592	0.212015
2.2449	9.79592	0.137139
2.44898	9.79592	0.142181
2.65306	9.79592	0.122523
2.85714	9.79592	0.0847131
3.06122	9.79592	0.0360481
3.26531	9.79592	0.015722
3.46939	9.79592	0.0825141
3.67347	9.79592	0.146751
3.87755	9.79592	0.191371
4.08163	9.79592	0.210026
4.28571	9.79592	0.197445
4.4898	9.79592	0.183041
4.69388	9.79592	0.247773
4.89796	9.79592	0.273833
5.10204	9.79592	0.261877
5.30612	9.79592	0.214142
5.5102	9.79592	0.134348
5.71429	9.79592	0.108145
5.91837	9.79592	0.084134
6.12245	9.79592	0.0463234
6.32653	9.79592	0.00232241
6.53061	9.79592	0.0400026
6.73469	9.79592	0.0922867
6.93878	9.79592	0.166558
7.14286	9.79592	0.21725
7.34694	9.79592	0.238638
7.55102	9.79592	0.226213
7.7551	9.79592	0.17687
7.95918	9.79592	0.227133
8.16327	9.79592	0.256192
8.36735	9.79592	0.248407
8.57143	9.79592	0.206929
8.77551	9.79592	0.136307
8.97959	9.79592	0.0776584
9.18367	9.79592	0.0465518
9.38776	9.79592	0.00620949
9.59184	9.79592	0.0355645
9.79592	9.79592	0.0709067
10	9.79592	0.092221

0	10.0408	2.22045e-16
0.204082	10.0408	0.0602583
0.408163	10.0408	0.113651
0.612245	10.0408	0.153598
0.816327	10.0408	0.174077
1.02041	10.0408	0.169873
1.22449	10.0408	0.201797
1.42857	10.0408	0.253858
1.63265	10.0408	0.272385
1.83673	10.0408	0.257102
2.04082	10.0408	0.209134
2.2449	10.0408	0.1425
2.44898	10.0408	0.141685
2.65306	10.0408	0.119238
2.85714	10.0408	0.0808921
3.06122	10.0408	0.0330402
3.26531	10.0408	0.0175314
3.46939	10.0408	0.080509
3.67347	10.0408	0.140873
3.87755	10.0408	0.184058
4.08163	10.0408	0.204502
4.28571	10.0408	0.197589
4.4898	10.0408	0.187815
4.69388	10.0408	0.24292
4.89796	10.0408	0.264155
5.10204	10.0408	0.252097
5.30612	10.0408	0.208702
5.5102	10.0408	0.13723
5.71429	10.0408	0.10964
5.91837	10.0408	0.0830962
6.12245	10.0408	0.0444667
6.32653	10.0408	0.000415723
6.53061	10.0408	0.0421674
6.73469	10.0408	0.0927365
6.93878	10.0408	0.16109
7.14286	10.0408	0.208791
7.34694	10.0408	0.230828
7.55102	10.0408	0.223252
7.7551	10.0408	0.183343
7.95918	10.0408	0.225436
8.16327	10.0408	0.248304
8.36735	10.0408	0.238905
8.57143	10.0408	0.199997
8.77551	10.0408	0.135564
8.97959	10.0408	0.080278
9.18367	10.0408	0.0474384
9.38776	10.0408	0.00651014
9.59184	10.0408	0.035672
9.79592	10.0408	0.0722212
10	10.0408	0.0964846

0	10.2857	0
0.204082	10.2857	0.0472721
0.408163	10.2857	0.089062
0.612245	10.2857	0.120115
0.816327	10.2857	0.135623
1.02041	10.2857	0.13142
1.22449	10.2857	0.15659
1.42857	10.2857	0.198256
1.63265	10.2857	0.213146
1.83673	10.2857	0.201037
2.04082	10.2857	0.162829
2.2449	10.2857	0.109809
2.44898	10.2857	0.110087
2.65306	10.2857	0.0930928
2.85714	10.2857	0.0634029
3.06122	10.2857	0.026122
3.26531	10.2857	0.0133305
3.46939	10.2857	0.0628228
3.67347	10.2857	0.110295
3.87755	10.2857	0.144049
4.08163	10.2857	0.159644
4.28571	10.2857	0.153395
4.4898	10.2857	0.145085
4.69388	10.2857	0.189369
4.89796	10.2857	0.206608
5.10204	10.2857	0.197261
5.30612	10.2857	0.162892
5.5102	10.2857	0.106103
5.71429	10.2857	0.0848963
5.91837	10.2857	0.0646811
6.12245	10.2857	0.0348149
6.32653	10.2857	0.000619549
6.53061	10.2857	0.0324037
6.73469	10.2857	0.0719347
6.93878	10.2857	0.125928
7.14286	10.2857	0.163431
7.34694	10.2857	0.180441
7.55102	10.2857	0.173804
7.7551	10.2857	0.141348
7.95918	10.2857	0.175302
8.16327	10.2857	0.194022
8.36735	10.2857	0.186975
8.57143	10.2857	0.156365
8.77551	10.2857	0.105374
8.97959	10.2857	0.0619237
9.18367	10.2857	0.0366952
9.38776	10.2857	0.00500796
9.59184	10.2857	0.0276806
9.79592	10.2857	0.0558711
10	10.2857	0.0742513

0	10.5306	2.22045e-16
0.204082	10.5306	0.0264036
0.408163	10.5306	0.0490354
0.612245	10.5306	0.0642803
0.816327	10.5306	0.0688298
1.02041	10.5306	0.0598191
1.22449	10.5306	0.0747987
1.42857	10.5306	0.104155
1.63265	10.5306	0.115088
1.83673	10.5306	0.107447
2.04082	10.5306	0.0818497
2.2449	10.5306	0.0467326
2.44898	10.5306	0.0536554
2.65306	10.5306	0.0486946
2.85714	10.5306	0.0349993
3.06122	10.5306	0.0160815
3.26531	10.5306	0.00433041
3.46939	10.5306	0.032615
3.67347	10.5306	0.0599924
3.87755	10.5306	0.0779315
4.08163	10.5306	0.0833775
4.28571	10.5306	0.0737942
4.4898	10.5306	0.0644217
4.69388	10.5306	0.0969324
4.89796	10.5306	0.110836
5.10204	10.5306	0.106449
5.30612	10.5306	0.0848461
5.5102	10.5306	0.0478181
5.71429	10.5306	0.0392015
5.91837	10.5306	0.0323899
6.12245	10.5306	0.0189385
6.32653	10.5306	0.00250865
6.53061	10.5306	0.0131148
6.73469	10.5306	0.0341632
6.93878	10.5306	0.067057
7.14286	10.5306	0.0886054
7.34694	10.5306	0.0960541
7.55102	10.5306	0.0872339
7.7551	10.5306	0.0606509
7.95918	10.5306	0.0864916
8.16327	10.5306	0.102693
8.36735	10.5306	0.101167
8.57143	10.5306	0.083429
8.77551	10.5306	0.0516687
8.97959	10.5306	0.0268212
9.18367	10.5306	0.0166656
9.38776	10.5306	0.00206621
9.59184	10.5306	0.013222
9.79592	10.5306	0.0254156
10	10.5306	0.0308597

0	10.7755	2.22045e-16
0.204082	10.7755	0.00675078
0.408163	10.7755	0.0116653
0.612245	10.7755	0.0129837
0.816327	10.7755	0.00909508
1.02041	10.7755	0.00139512
1.22449	10.7755	0.00356691
1.42857	10.7755	0.0185462
1.63265	10.7755	0.0245567
1.83673	10.7755	0.0215243
2.04082	10.7755	0.00975025
2.2449	10.7755	0.00598885
2.44898	10.7755	0.00409507
2.65306	10.7755	0.00839359
2.85714	10.7755	0.00843988
3.06122	10.7755	0.00594362
3.26531	10.7755	0.00271998
3.46939	10.7755	0.00529906
3.67347	10.7755	0.0133578
3.87755	10.7755	0.0168217
4.08163	10.7755	0.0142035
4.28571	10.7755	0.00426838
4.4898	10.7755	0.00394022
4.69388	10.7755	0.013925
4.89796	10.7755	0.0227315
5.10204	10.7755	0.0226334
5.30612	10.7755	0.0141543
5.5102	10.7755	0.00183452
5.71429	10.7755	7.16085e-05
5.91837	10.7755	0.00369
6.12245	10.7755	0.00421912
6.32653	10.7755	0.00329819
6.53061	10.7755	0.00276986
6.73469	10.7755	0.00134459
6.93878	10.7755	0.013116
7.14286	10.7755	0.019364
7.34694	10.7755	0.0187478
7.55102	10.7755	0.0102112
7.7551	10.7755	0.00697289
7.95918	10.7755	0.00808101
8.16327	10.7755	0.0192815
8.36735	10.7755	0.0218518
8.57143	10.7755	0.0165297
8.77551	10.7755	0.0043808
8.97959	10.7755	0.00268297
9.18367	10.7755	0.000444665
9.38776	10.7755	0.000369714
9.59184	10.7755	0.000630122
9.79592	10.7755	0.000616027
10	10.7755	0.00514812

0	11.0204	2.22045e-16
0.204082	11.0204	0.00724374
0.408163	11.0204	0.0142786
0.612245	11.0204	0.0209044
0.816327	11.0204	0.0269379
1.02041	11.0204	0.0322204
1.22449	11.0204	0.0352577
1.42857	11.0204	0.036232
1.63265	11.0204	0.0361861
1.83673	11.0204	0.0351115
2.04082	11.0204	0.0330426
2.2449	11.0204	0.0298122
2.44898	11.0204	0.023836
2.65306	11.0204	0.0172017
2.85714	11.0204	0.0100838
3.06122	11.0204	0.00267658
3.26531	11.0204	0.00481335
3.46939	11.0204	0.0118273
3.67347	11.0204	0.0183351
3.87755	11.0204	0.0243202
4.08163	11.0204	0.0296134
4.28571	11.0204	0.0340743
4.4898	11.0204	0.0370087
4.69388	11.0204	0.0368788
4.89796	11.0204	0.0357185
5.10204	11.0204	0.0335452
5.30612	11.0204	0.0304185
5.5102	11.0204	0.0264377
5.71429	11.0204	0.020317
5.91837	11.0204	0.0132353
6.12245	11.0204	0.0057859
6.32653	11.0204	0.00182842
6.53061	11.0204	0.00939809
6.73469	11.0204	0.016373
6.93878	11.0204	0.0222134
7.14286	11.0204	0.0274255
7.34694	11.0204	0.0318567
7.55102	11.0204	0.035387
7.7551	11.0204	0.0379337
7.95918	11.0204	0.0370215
8.16327	11.0204	0.0347802
8.36735	11.0204	0.0315572
8.57143	11.0204	0.0274365
8.77551	11.0204	0.0225391
8.97959	11.0204	0.0163957
9.18367	11.0204	0.00902963
9.38776	11.0204	0.00141749
9.59184	11.0204	0.00623279
9.79592	11.0204	0.0137117
10	11.0204	0.0208168

0	11.2653	2.22045e-16
0.204082	11.2653	0.0209379
0.408163	11.2653	0.0396344
0.612245	11.2653	0.0539409
0.816327	11.2653	0.0618911
1.02041	11.2653	0.0617827
1.22449	11.2653	0.0726884
1.42857	11.2653	0.0895432
1.63265	11.2653	0.0954498
1.83673	11.2653	0.0903176
2.04082	11.2653	0.0745142
2.2449	11.2653	0.0524778
2.44898	11.2653	0.0508209
2.65306	11.2653	0.0421016
2.85714	11.2653	0.0281916
3.06122	11.2653	0.0111778
3.26531	11.2653	0.00672386
3.46939	11.2653	0.0284766
3.67347	11.2653	0.0492765
3.87755	11.2653	0.0644673
4.08163	11.2653	0.0722336
4.28571	11.2653	0.071068
4.4898	11.2653	0.0686319
4.69388	11.2653	0.086201
4.89796	11.2653	0.0927121
5.10204	11.2653	0.0883531
5.30612	11.2653	0.0737631
5.5102	11.2653	0.0500061
5.71429	11.2653	0.039764
5.91837	11.2653	0.0296319
6.12245	11.2653	0.0155538
6.32653	11.2653	0.000294445
6.53061	11.2653	0.0156634
6.73469	11.2653	0.0334439
6.93878	11.2653	0.0566393
7.14286	11.2653	0.0730922
7.34694	11.2653	0.0811658
7.55102	11.2653	0.079571
7.7551	11.2653	0.0674199
7.95918	11.2653	0.0806503
8.16327	11.2653	0.0874304
8.36735	11.2653	0.0836754
8.57143	11.2653	0.070286
8.77551	11.2653	0.0485632
8.97959	11.2653	0.0294703
9.18367	11.2653	0.0172608
9.38776	11.2653	0.00241042
9.59184	11.2653	0.0128493
9.79592	11.2653	0.0262699
10	11.2653	0.0356794

0	11.5102	2.22045e-16
0.204082	11.5102	0.0314093
0.408163	11.5102	0.0586783
0.612245	11.5102	0.0778384
0.816327	11.5102	0.0852576
1.02041	11.5102	0.0777914
1.22449	11.5102	0.0951612
1.42857	11.5102	0.127113
1.63265	11.5102	0.138842
1.83673	11.5102	0.130181
2.04082	11.5102	0.101808
2.2449	11.5102	0.0627197
2.44898	11.5102	0.0676515
2.65306	11.5102	0.0595382
2.85714	11.5102	0.0418368
3.06122	11.5102	0.0184024
3.26531	11.5102	0.0066721
3.46939	11.5102	0.0400062
3.67347	11.5102	0.0721532
3.87755	11.5102	0.0939394
4.08163	11.5102	0.102012
4.28571	11.5102	0.0935854
4.4898	11.5102	0.0847454
4.69388	11.5102	0.119624
4.89796	11.5102	0.134077
5.10204	11.5102	0.128451
5.30612	11.5102	0.103927
5.5102	11.5102	0.0624706
5.71429	11.5102	0.0506446
5.91837	11.5102	0.040355
6.12245	11.5102	0.0227766
6.32653	11.5102	0.0019286
6.53061	11.5102	0.0180342
6.73469	11.5102	0.0435765
6.93878	11.5102	0.081371
7.14286	11.5102	0.106711
7.34694	11.5102	0.116574
7.55102	11.5102	0.108577
7.7551	11.5102	0.0810817
7.95918	11.5102	0.108465
8.16327	11.5102	0.124933
8.36735	11.5102	0.121941
8.57143	11.5102	0.101154
8.77551	11.5102	0.0649728
8.97959	11.5102	0.035697
9.18367	11.5102	0.0216949
9.38776	11.5102	0.00281475
9.59184	11.5102	0.0168216
9.79592	11.5102	0.0330609
10	11.5102	0.0418909

0	11.7551	2.22045e-16
0.204082	11.7551	0.0359277
0.408163	11.7551	0.0660632
0.612245	11.7551	0.0848549
0.816327	11.7551	0.0872218
1.02041	11.7551	0.0687647
1.22449	11.7551	0.0900045
1.42857	11.7551	0.135606
1.63265	11.7551	0.152917
1.83673	11.7551	0.141703
2.04082	11.7551	0.102914
2.2449	11.7551	0.0500132
2.44898	11.7551	0.0657259
2.65306	11.7551	0.0631891
2.85714	11.7551	0.0472391
3.06122	11.7551	0.0232689
3.26531	11.7551	0.00299573
3.46939	11.7551	0.0420788
3.67347	11.7551	0.0801332
3.87755	11.7551	0.103693
4.08163	11.7551	0.108068
4.28571	11.7551	0.089363
4.4898	11.7551	0.0722104
4.69388	11.7551	0.123679
4.89796	11.7551	0.146572
5.10204	11.7551	0.141377
5.30612	11.7551	0.109745
5.5102	11.7551	0.0544246
5.71429	11.7551	0.0457017
5.91837	11.7551	0.0405983
6.12245	11.7551	0.0252984
6.32653	11.7551	0.00542443
6.53061	11.7551	0.0132111
6.73469	11.7551	0.0408929
6.93878	11.7551	0.0881959
7.14286	11.7551	0.118076
7.34694	11.7551	0.126304
7.55102	11.7551	0.109548
7.7551	11.7551	0.0655138
7.95918	11.7551	0.107069
8.16327	11.7551	0.134456
8.36735	11.7551	0.13462
8.57143	11.7551	0.109889
8.77551	11.7551	0.0636232
8.97959	11.7551	0.029275
9.18367	11.7551	0.0191154
9.38776	11.7551	0.00213184
9.59184	11.7551	0.0159096
9.79592	11.7551	0.0291988
10	11.7551	0.0321228

0	12	0
0.204082	12	0.0321181
0.408163	12	0.0571379
0.612245	12	0.0682558
0.816327	12	0.0592452
1.02041	12	0.0247147
1.22449	12	0.0461958
1.42857	12	0.103423
1.63265	12	0.125979
1.83673	12	0.113579
2.04082	12	0.0673851
2.2449	12	0.00520328
2.44898	12	0.0375612
2.65306	12	0.0475545
2.85714	12	0.0411098
3.06122	12	0.0248364
3.26531	12	0.00575125
3.46939	12	0.0309218
3.67347	12	0.0672735
3.87755	12	0.0858627
4.08163	12	0.0809402
4.28571	12	0.047733
4.4898	12	0.0195977
4.69388	12	0.086649
4.89796	12	0.118682
5.10204	12	0.116292
5.30612	12	0.0815039
5.5102	12	0.0176855
5.71429	12	0.0186226
5.91837	12	0.026181
6.12245	12	0.0212437
6.32653	12	0.0107008
6.53061	12	0.00167566
6.73469	12	0.02028
6.93878	12	0.0699703
7.14286	12	0.098309
7.34694	12	0.100112
7.55102	12	0.0712983
7.7551	12	0.00905514
7.95918	12	0.0648086
8.16327	12	0.104838
8.36735	12	0.111505
8.57143	12	0.0876623
8.77551	12	0.0374296
8.97959	12	0.00515778
9.18367	12	0.00672432
9.38776	12	7.20411e-05
9.59184	12	0.0081648
9.79592	12	0.0104336
10	12	0
