x	 y 	 value
0	0	0
0.204082	0	0.164607
0.408163	0	0.329213
0.612245	0	0.49382
0.816327	0	0.658427
1.02041	0	0.823034
1.22449	0	0.885889
1.42857	0	0.867343
1.63265	0	0.848797
1.83673	0	0.830251
2.04082	0	0.811705
2.2449	0	0.775102
2.44898	0	0.594039
2.65306	0	0.412976
2.85714	0	0.231913
3.06122	0	0.0508495
3.26531	0	-0.130214
3.46939	0	-0.285313
3.67347	0	-0.42743
3.87755	0	-0.569547
4.08163	0	-0.711664
4.28571	0	-0.853782
4.4898	0	-0.952104
4.69388	0	-0.897146
4.89796	0	-0.842188
5.10204	0	-0.78723
5.30612	0	-0.732272
5.5102	0	-0.677314
5.71429	0	-0.516637
5.91837	0	-0.325754
6.12245	0	-0.134871
6.32653	0	0.0560126
6.53061	0	0.246896
6.73469	0	0.412291
6.93878	0	0.52671
7.14286	0	0.641128
7.34694	0	0.755547
7.55102	0	0.869966
7.7551	0	0.984385
7.95918	0	0.917671
8.16327	0	0.828315
8.36735	0	0.738959
8.57143	0	0.649603
8.77551	0	0.560248
8.97959	0	0.424514
9.18367	0	0.230807
9.38776	0	0.0370998
9.59184	0	-0.156607
9.79592	0	-0.350314
10	0	-0.544021

0	0.244898	0.0244898
0.204082	0.244898	0.165975
0.408163	0.244898	0.30746
0.612245	0.244898	0.448945
0.816327	0.244898	0.59043
1.02041	0.244898	0.731915
1.22449	0.244898	0.785941
1.42857	0.244898	0.77
1.63265	0.244898	0.754059
1.83673	0.244898	0.738118
2.04082	0.244898	0.722178
2.2449	0.244898	0.690716
2.44898	0.244898	0.535086
2.65306	0.244898	0.379456
2.85714	0.244898	0.223826
3.06122	0.244898	0.0681967
3.26531	0.244898	-0.0874331
3.46939	0.244898	-0.220746
3.67347	0.244898	-0.342901
3.87755	0.244898	-0.465055
4.08163	0.244898	-0.587209
4.28571	0.244898	-0.709364
4.4898	0.244898	-0.793876
4.69388	0.244898	-0.746637
4.89796	0.244898	-0.699399
5.10204	0.244898	-0.652161
5.30612	0.244898	-0.604923
5.5102	0.244898	-0.557685
5.71429	0.244898	-0.419577
5.91837	0.244898	-0.255506
6.12245	0.244898	-0.0914359
6.32653	0.244898	0.0726345
6.53061	0.244898	0.236705
6.73469	0.244898	0.378868
6.93878	0.244898	0.477214
7.14286	0.244898	0.575561
7.34694	0.244898	0.673908
7.55102	0.244898	0.772255
7.7551	0.244898	0.870601
7.95918	0.244898	0.813258
8.16327	0.244898	0.736454
8.36735	0.244898	0.65965
8.57143	0.244898	0.582846
8.77551	0.244898	0.506041
8.97959	0.244898	0.389374
9.18367	0.244898	0.222876
9.38776	0.244898	0.0563783
9.59184	0.244898	-0.110119
9.79592	0.244898	-0.276617
10	0.244898	-0.443115

0	0.489796	0.0489796
0.204082	0.489796	0.167343
0.408163	0.489796	0.285706
0.612245	0.489796	0.404069
0.816327	0.489796	0.522433
1.02041	0.489796	0.640796
1.22449	0.489796	0.685993
1.42857	0.489796	0.672657
1.63265	0.489796	0.659321
1.83673	0.489796	0.645986
2.04082	0.489796	0.63265
2.2449	0.489796	0.60633
2.44898	0.489796	0.476133
2.65306	0.489796	0.345937
2.85714	0.489796	0.21574
3.06122	0.489796	0.0855438
3.26531	0.489796	-0.0446527
3.46939	0.489796	-0.156179
3.67347	0.489796	-0.258371
3.87755	0.489796	-0.360563
4.08163	0.489796	-0.462755
4.28571	0.489796	-0.564946
4.4898	0.489796	-0.635647
4.69388	0.489796	-0.596129
4.89796	0.489796	-0.55661
5.10204	0.489796	-0.517092
5.30612	0.489796	-0.477573
5.5102	0.489796	-0.438055
5.71429	0.489796	-0.322517
5.91837	0.489796	-0.185259
6.12245	0.489796	-0.0480013
6.32653	0.489796	0.0892564
6.53061	0.489796	0.226514
6.73469	0.489796	0.345444
6.93878	0.489796	0.427719
7.14286	0.489796	0.509994
7.34694	0.489796	0.592269
7.55102	0.489796	0.674543
7.7551	0.489796	0.756818
7.95918	0.489796	0.708846
8.16327	0.489796	0.644593
8.36735	0.489796	0.580341
8.57143	0.489796	0.516088
8.77551	0.489796	0.451835
8.97959	0.489796	0.354233
9.18367	0.489796	0.214945
9.38776	0.489796	0.0756568
9.59184	0.489796	-0.0636314
9.79592	0.489796	-0.20292
10	0.489796	-0.342208

0	0.734694	0.0734694
0.204082	0.734694	0.168711
0.408163	0.734694	0.263952
0.612245	0.734694	0.359194
0.816327	0.734694	0.454435
1.02041	0.734694	0.549677
1.22449	0.734694	0.586045
1.42857	0.734694	0.575314
1.63265	0.734694	0.564584
1.83673	0.734694	0.553853
2.04082	0.734694	0.543122
2.2449	0.734694	0.521944
2.44898	0.734694	0.41718
2.65306	0.734694	0.312417
2.85714	0.734694	0.207654
3.06122	0.734694	0.102891
3.26531	0.734694	-0.00187224
3.46939	0.734694	-0.0916127
3.67347	0.734694	-0.173842
3.87755	0.734694	-0.256071
4.08163	0.734694	-0.3383
4.28571	0.734694	-0.420529
4.4898	0.734694	-0.477418
4.69388	0.734694	-0.44562
4.89796	0.734694	-0.413821
5.10204	0.734694	-0.382022
5.30612	0.734694	-0.350224
5.5102	0.734694	-0.318425
5.71429	0.734694	-0.225457
5.91837	0.734694	-0.115012
6.12245	0.734694	-0.00456674
6.32653	0.734694	0.105878
6.53061	0.734694	0.216323
6.73469	0.734694	0.312021
6.93878	0.734694	0.378224
7.14286	0.734694	0.444426
7.34694	0.734694	0.510629
7.55102	0.734694	0.576832
7.7551	0.734694	0.643035
7.95918	0.734694	0.604434
8.16327	0.734694	0.552733
8.36735	0.734694	0.501031
8.57143	0.734694	0.44933
8.77551	0.734694	0.397629
8.97959	0.734694	0.319093
9.18367	0.734694	0.207014
9.38776	0.734694	0.0949353
9.59184	0.734694	-0.0171436
9.79592	0.734694	-0.129222
10	0.734694	-0.241301

0	0.979592	0.0979592
0.204082	0.979592	0.170079
0.408163	0.979592	0.242199
0.612245	0.979592	0.314318
0.816327	0.979592	0.386438
1.02041	0.979592	0.458558
1.22449	0.979592	0.486097
1.42857	0.979592	0.477971
1.63265	0.979592	0.469846
1.83673	0.979592	0.46172
2.04082	0.979592	0.453595
2.2449	0.979592	0.437557
2.44898	0.979592	0.358228
2.65306	0.979592	0.278898
2.85714	0.979592	0.199568
3.06122	0.979592	0.120238
3.26531	0.979592	0.0409082
3.46939	0.979592	-0.027046
3.67347	0.979592	-0.0893123
3.87755	0.979592	-0.151579
4.08163	0.979592	-0.213845
4.28571	0.979592	-0.276111
4.4898	0.979592	-0.31919
4.69388	0.979592	-0.295111
4.89796	0.979592	-0.271032
5.10204	0.979592	-0.246953
5.30612	0.979592	-0.222874
5.5102	0.979592	-0.198795
5.71429	0.979592	-0.128397
5.91837	0.979592	-0.0447645
6.12245	0.979592	0.0388679
6.32653	0.979592	0.1225
6.53061	0.979592	0.206133
6.73469	0.979592	0.278598
6.93878	0.979592	0.328728
7.14286	0.979592	0.378859
7.34694	0.979592	0.42899
7.55102	0.979592	0.479121
7.7551	0.979592	0.529251
7.95918	0.979592	0.500022
8.16327	0.979592	0.460872
8.36735	0.979592	0.421722
8.57143	0.979592	0.382572
8.77551	0.979592	0.343423
8.97959	0.979592	0.283953
9.18367	0.979592	0.199083
9.38776	0.979592	0.114214
9.59184	0.979592	0.0293443
9.79592	0.979592	-0.0555253
10	0.979592	-0.140395

0	1.22449	0.122449
0.204082	1.22449	0.171447
0.408163	1.22449	0.220445
0.612245	1.22449	0.269443
0.816327	1.22449	0.318441
1.02041	1.22449	0.367439
1.22449	1.22449	0.386149
1.42857	1.22449	0.380629
1.63265	1.22449	0.375108
1.83673	1.22449	0.369587
2.04082	1.22449	0.364067
2.2449	1.22449	0.353171
2.44898	1.22449	0.299275
2.65306	1.22449	0.245378
2.85714	1.22449	0.191482
3.06122	1.22449	0.137585
3.26531	1.22449	0.0836887
3.46939	1.22449	0.0375207
3.67347	1.22449	-0.00478288
3.87755	1.22449	-0.0470865
4.08163	1.22449	-0.0893901
4.28571	1.22449	-0.131694
4.4898	1.22449	-0.160961
4.69388	1.22449	-0.144602
4.89796	1.22449	-0.128243
5.10204	1.22449	-0.111884
5.30612	1.22449	-0.0955245
5.5102	1.22449	-0.0791653
5.71429	1.22449	-0.0313368
5.91837	1.22449	0.0254828
6.12245	1.22449	0.0823025
6.32653	1.22449	0.139122
6.53061	1.22449	0.195942
6.73469	1.22449	0.245174
6.93878	1.22449	0.279233
7.14286	1.22449	0.313292
7.34694	1.22449	0.347351
7.55102	1.22449	0.381409
7.7551	1.22449	0.415468
7.95918	1.22449	0.395609
8.16327	1.22449	0.369011
8.36735	1.22449	0.342413
8.57143	1.22449	0.315815
8.77551	1.22449	0.289216
8.97959	1.22449	0.248813
9.18367	1.22449	0.191153
9.38776	1.22449	0.133492
9.59184	1.22449	0.0758322
9.79592	1.22449	0.018172
10	1.22449	-0.0394882

0	1.46939	0.146939
0.204082	1.46939	0.166772
0.408163	1.46939	0.186604
0.612245	1.46939	0.206437
0.816327	1.46939	0.22627
1.02041	1.46939	0.246103
1.22449	1.46939	0.253676
1.42857	1.46939	0.251442
1.63265	1.46939	0.249207
1.83673	1.46939	0.246973
2.04082	1.46939	0.244738
2.2449	1.46939	0.240328
2.44898	1.46939	0.218512
2.65306	1.46939	0.196697
2.85714	1.46939	0.174881
3.06122	1.46939	0.153065
3.26531	1.46939	0.13125
3.46939	1.46939	0.112563
3.67347	1.46939	0.0954394
3.87755	1.46939	0.0783162
4.08163	1.46939	0.0611931
4.28571	1.46939	0.0440699
4.4898	1.46939	0.0322234
4.69388	1.46939	0.0388451
4.89796	1.46939	0.0454668
5.10204	1.46939	0.0520884
5.30612	1.46939	0.0587101
5.5102	1.46939	0.0653318
5.71429	1.46939	0.0846912
5.91837	1.46939	0.10769
6.12245	1.46939	0.130689
6.32653	1.46939	0.153688
6.53061	1.46939	0.176686
6.73469	1.46939	0.196614
6.93878	1.46939	0.2104
7.14286	1.46939	0.224186
7.34694	1.46939	0.237972
7.55102	1.46939	0.251758
7.7551	1.46939	0.265543
7.95918	1.46939	0.257505
8.16327	1.46939	0.246739
8.36735	1.46939	0.235973
8.57143	1.46939	0.225207
8.77551	1.46939	0.214441
8.97959	1.46939	0.198087
9.18367	1.46939	0.174748
9.38776	1.46939	0.151409
9.59184	1.46939	0.12807
9.79592	1.46939	0.104731
10	1.46939	0.0813918

0	1.71429	0.171429
0.204082	1.71429	0.157261
0.408163	1.71429	0.143094
0.612245	1.71429	0.128927
0.816327	1.71429	0.11476
1.02041	1.71429	0.100593
1.22449	1.71429	0.0951832
1.42857	1.71429	0.0967794
1.63265	1.71429	0.0983756
1.83673	1.71429	0.0999718
2.04082	1.71429	0.101568
2.2449	1.71429	0.104718
2.44898	1.71429	0.120302
2.65306	1.71429	0.135885
2.85714	1.71429	0.151469
3.06122	1.71429	0.167052
3.26531	1.71429	0.182636
3.46939	1.71429	0.195984
3.67347	1.71429	0.208216
3.87755	1.71429	0.220447
4.08163	1.71429	0.232679
4.28571	1.71429	0.244911
4.4898	1.71429	0.253373
4.69388	1.71429	0.248643
4.89796	1.71429	0.243913
5.10204	1.71429	0.239183
5.30612	1.71429	0.234453
5.5102	1.71429	0.229723
5.71429	1.71429	0.215894
5.91837	1.71429	0.199465
6.12245	1.71429	0.183036
6.32653	1.71429	0.166608
6.53061	1.71429	0.150179
6.73469	1.71429	0.135944
6.93878	1.71429	0.126097
7.14286	1.71429	0.116249
7.34694	1.71429	0.106401
7.55102	1.71429	0.0965537
7.7551	1.71429	0.0867061
7.95918	1.71429	0.0924479
8.16327	1.71429	0.100138
8.36735	1.71429	0.107829
8.57143	1.71429	0.115519
8.77551	1.71429	0.12321
8.97959	1.71429	0.134892
9.18367	1.71429	0.151564
9.38776	1.71429	0.168236
9.59184	1.71429	0.184907
9.79592	1.71429	0.201579
10	1.71429	0.218251

0	1.95918	0.195918
0.204082	1.95918	0.147751
0.408163	1.95918	0.0995842
0.612245	1.95918	0.0514172
0.816327	1.95918	0.0032501
1.02041	1.95918	-0.044917
1.22449	1.95918	-0.0633096
1.42857	1.95918	-0.0578827
1.63265	1.95918	-0.0524558
1.83673	1.95918	-0.047029
2.04082	1.95918	-0.0416021
2.2449	1.95918	-0.0308912
2.44898	1.95918	0.0220913
2.65306	1.95918	0.0750738
2.85714	1.95918	0.128056
3.06122	1.95918	0.181039
3.26531	1.95918	0.234021
3.46939	1.95918	0.279406
3.67347	1.95918	0.320993
3.87755	1.95918	0.362579
4.08163	1.95918	0.404165
4.28571	1.95918	0.445751
4.4898	1.95918	0.474522
4.69388	1.95918	0.45844
4.89796	1.95918	0.442359
5.10204	1.95918	0.426277
5.30612	1.95918	0.410195
5.5102	1.95918	0.394113
5.71429	1.95918	0.347096
5.91837	1.95918	0.29124
6.12245	1.95918	0.235384
6.32653	1.95918	0.179528
6.53061	1.95918	0.123672
6.73469	1.95918	0.0752742
6.93878	1.95918	0.0417931
7.14286	1.95918	0.00831198
7.34694	1.95918	-0.0251691
7.55102	1.95918	-0.0586502
7.7551	1.95918	-0.0921314
7.95918	1.95918	-0.0726095
8.16327	1.95918	-0.0464624
8.36735	1.95918	-0.0203152
8.57143	1.95918	0.00583201
8.77551	1.95918	0.0319792
8.97959	1.95918	0.0716976
9.18367	1.95918	0.12838
9.38776	1.95918	0.185062
9.59184	1.95918	0.241745
9.79592	1.95918	0.298427
10	1.95918	0.355109

0	2.20408	0.220408
0.204082	2.20408	0.138241
0.408163	2.20408	0.0560741
0.612245	2.20408	-0.0260929
0.816327	2.20408	-0.10826
1.02041	2.20408	-0.190427
1.22449	2.20408	-0.221802
1.42857	2.20408	-0.212545
1.63265	2.20408	-0.203287
1.83673	2.20408	-0.19403
2.04082	2.20408	-0.184772
2.2449	2.20408	-0.166501
2.44898	2.20408	-0.0761192
2.65306	2.20408	0.0142624
2.85714	2.20408	0.104644
3.06122	2.20408	0.195026
3.26531	2.20408	0.285407
3.46939	2.20408	0.362828
3.67347	2.20408	0.433769
3.87755	2.20408	0.50471
4.08163	2.20408	0.575651
4.28571	2.20408	0.646592
4.4898	2.20408	0.695672
4.69388	2.20408	0.668238
4.89796	2.20408	0.640805
5.10204	2.20408	0.613371
5.30612	2.20408	0.585938
5.5102	2.20408	0.558504
5.71429	2.20408	0.478299
5.91837	2.20408	0.383015
6.12245	2.20408	0.287732
6.32653	2.20408	0.192448
6.53061	2.20408	0.0971648
6.73469	2.20408	0.0146043
6.93878	2.20408	-0.0425103
7.14286	2.20408	-0.099625
7.34694	2.20408	-0.15674
7.55102	2.20408	-0.213854
7.7551	2.20408	-0.270969
7.95918	2.20408	-0.237667
8.16327	2.20408	-0.193063
8.36735	2.20408	-0.148459
8.57143	2.20408	-0.103855
8.77551	2.20408	-0.0592516
8.97959	2.20408	0.00850296
9.18367	2.20408	0.105196
9.38776	2.20408	0.201889
9.59184	2.20408	0.298582
9.79592	2.20408	0.395275
10	2.20408	0.491968

0	2.44898	0.244898
0.204082	2.44898	0.128731
0.408163	2.44898	0.012564
0.612245	2.44898	-0.103603
0.816327	2.44898	-0.21977
1.02041	2.44898	-0.335937
1.22449	2.44898	-0.380295
1.42857	2.44898	-0.367207
1.63265	2.44898	-0.354119
1.83673	2.44898	-0.34103
2.04082	2.44898	-0.327942
2.2449	2.44898	-0.30211
2.44898	2.44898	-0.17433
2.65306	2.44898	-0.046549
2.85714	2.44898	0.0812316
3.06122	2.44898	0.209012
3.26531	2.44898	0.336793
3.46939	2.44898	0.44625
3.67347	2.44898	0.546546
3.87755	2.44898	0.646841
4.08163	2.44898	0.747137
4.28571	2.44898	0.847432
4.4898	2.44898	0.916821
4.69388	2.44898	0.878036
4.89796	2.44898	0.839251
5.10204	2.44898	0.800466
5.30612	2.44898	0.76168
5.5102	2.44898	0.722895
5.71429	2.44898	0.609501
5.91837	2.44898	0.47479
6.12245	2.44898	0.340079
6.32653	2.44898	0.205368
6.53061	2.44898	0.0706576
6.73469	2.44898	-0.0460657
6.93878	2.44898	-0.126814
7.14286	2.44898	-0.207562
7.34694	2.44898	-0.28831
7.55102	2.44898	-0.369058
7.7551	2.44898	-0.449806
7.95918	2.44898	-0.402724
8.16327	2.44898	-0.339664
8.36735	2.44898	-0.276603
8.57143	2.44898	-0.213543
8.77551	2.44898	-0.150482
8.97959	2.44898	-0.0546917
9.18367	2.44898	0.082012
9.38776	2.44898	0.218716
9.59184	2.44898	0.355419
9.79592	2.44898	0.492123
10	2.44898	0.628827

0	2.69388	0.269388
0.204082	2.69388	0.12379
0.408163	2.69388	-0.0218071
0.612245	2.69388	-0.167404
0.816327	2.69388	-0.313002
1.02041	2.69388	-0.458599
1.22449	2.69388	-0.514196
1.42857	2.69388	-0.497792
1.63265	2.69388	-0.481387
1.83673	2.69388	-0.464983
2.04082	2.69388	-0.448579
2.2449	2.69388	-0.416203
2.44898	2.69388	-0.25605
2.65306	2.69388	-0.0958962
2.85714	2.69388	0.0642572
3.06122	2.69388	0.224411
3.26531	2.69388	0.384564
3.46939	2.69388	0.521752
3.67347	2.69388	0.647457
3.87755	2.69388	0.773162
4.08163	2.69388	0.898867
4.28571	2.69388	1.02457
4.4898	2.69388	1.11154
4.69388	2.69388	1.06293
4.89796	2.69388	1.01432
5.10204	2.69388	0.965706
5.30612	2.69388	0.917095
5.5102	2.69388	0.868484
5.71429	2.69388	0.726362
5.91837	2.69388	0.557522
6.12245	2.69388	0.388683
6.32653	2.69388	0.219844
6.53061	2.69388	0.0510043
6.73469	2.69388	-0.0952904
6.93878	2.69388	-0.196496
7.14286	2.69388	-0.297701
7.34694	2.69388	-0.398906
7.55102	2.69388	-0.500112
7.7551	2.69388	-0.601317
7.95918	2.69388	-0.542307
8.16327	2.69388	-0.463271
8.36735	2.69388	-0.384234
8.57143	2.69388	-0.305197
8.77551	2.69388	-0.226161
8.97959	2.69388	-0.106102
9.18367	2.69388	0.0652353
9.38776	2.69388	0.236572
9.59184	2.69388	0.407909
9.79592	2.69388	0.579246
10	2.69388	0.750584

0	2.93878	0.293878
0.204082	2.93878	0.155406
0.408163	2.93878	0.016934
0.612245	2.93878	-0.121538
0.816327	2.93878	-0.26001
1.02041	2.93878	-0.398481
1.22449	2.93878	-0.451357
1.42857	2.93878	-0.435756
1.63265	2.93878	-0.420154
1.83673	2.93878	-0.404553
2.04082	2.93878	-0.388952
2.2449	2.93878	-0.35816
2.44898	2.93878	-0.205845
2.65306	2.93878	-0.0535292
2.85714	2.93878	0.0987862
3.06122	2.93878	0.251102
3.26531	2.93878	0.403417
3.46939	2.93878	0.533891
3.67347	2.93878	0.653444
3.87755	2.93878	0.772997
4.08163	2.93878	0.89255
4.28571	2.93878	1.0121
4.4898	2.93878	1.09481
4.69388	2.93878	1.04858
4.89796	2.93878	1.00235
5.10204	2.93878	0.956118
5.30612	2.93878	0.909886
5.5102	2.93878	0.863653
5.71429	2.93878	0.728487
5.91837	2.93878	0.567911
6.12245	2.93878	0.407334
6.32653	2.93878	0.246758
6.53061	2.93878	0.0861819
6.73469	2.93878	-0.052953
6.93878	2.93878	-0.149205
7.14286	2.93878	-0.245458
7.34694	2.93878	-0.34171
7.55102	2.93878	-0.437962
7.7551	2.93878	-0.534214
7.95918	2.93878	-0.478093
8.16327	2.93878	-0.402924
8.36735	2.93878	-0.327756
8.57143	2.93878	-0.252587
8.77551	2.93878	-0.177419
8.97959	2.93878	-0.0632353
9.18367	2.93878	0.0997165
9.38776	2.93878	0.262668
9.59184	2.93878	0.42562
9.79592	2.93878	0.588572
10	2.93878	0.751523

0	3.18367	0.318367
0.204082	3.18367	0.187021
0.408163	3.18367	0.055675
0.612245	3.18367	-0.0756712
0.816327	3.18367	-0.207017
1.02041	3.18367	-0.338364
1.22449	3.18367	-0.388518
1.42857	3.18367	-0.37372
1.63265	3.18367	-0.358921
1.83673	3.18367	-0.344123
2.04082	3.18367	-0.329324
2.2449	3.18367	-0.300117
2.44898	3.18367	-0.15564
2.65306	3.18367	-0.0111622
2.85714	3.18367	0.133315
3.06122	3.18367	0.277793
3.26531	3.18367	0.42227
3.46939	3.18367	0.54603
3.67347	3.18367	0.659431
3.87755	3.18367	0.772831
4.08163	3.18367	0.886232
4.28571	3.18367	0.999633
4.4898	3.18367	1.07809
4.69388	3.18367	1.03424
4.89796	3.18367	0.990382
5.10204	3.18367	0.946529
5.30612	3.18367	0.902676
5.5102	3.18367	0.858823
5.71429	3.18367	0.730612
5.91837	3.18367	0.578299
6.12245	3.18367	0.425986
6.32653	3.18367	0.273673
6.53061	3.18367	0.121359
6.73469	3.18367	-0.0106157
6.93878	3.18367	-0.101915
7.14286	3.18367	-0.193214
7.34694	3.18367	-0.284513
7.55102	3.18367	-0.375813
7.7551	3.18367	-0.467112
7.95918	3.18367	-0.413878
8.16327	3.18367	-0.342578
8.36735	3.18367	-0.271277
8.57143	3.18367	-0.199977
8.77551	3.18367	-0.128676
8.97959	3.18367	-0.0203688
9.18367	3.18367	0.134198
9.38776	3.18367	0.288764
9.59184	3.18367	0.44333
9.79592	3.18367	0.597897
10	3.18367	0.752463

0	3.42857	0.342857
0.204082	3.42857	0.218637
0.408163	3.42857	0.094416
0.612245	3.42857	-0.0298046
0.816327	3.42857	-0.154025
1.02041	3.42857	-0.278246
1.22449	3.42857	-0.325679
1.42857	3.42857	-0.311684
1.63265	3.42857	-0.297688
1.83673	3.42857	-0.283692
2.04082	3.42857	-0.269697
2.2449	3.42857	-0.242074
2.44898	3.42857	-0.105435
2.65306	3.42857	0.0312048
2.85714	3.42857	0.167844
3.06122	3.42857	0.304484
3.26531	3.42857	0.441123
3.46939	3.42857	0.558169
3.67347	3.42857	0.665417
3.87755	3.42857	0.772666
4.08163	3.42857	0.879915
4.28571	3.42857	0.987164
4.4898	3.42857	1.06136
4.69388	3.42857	1.01989
4.89796	3.42857	0.978415
5.10204	3.42857	0.936941
5.30612	3.42857	0.895467
5.5102	3.42857	0.853993
5.71429	3.42857	0.732737
5.91837	3.42857	0.588687
6.12245	3.42857	0.444637
6.32653	3.42857	0.300587
6.53061	3.42857	0.156537
6.73469	3.42857	0.0317216
6.93878	3.42857	-0.0546246
7.14286	3.42857	-0.140971
7.34694	3.42857	-0.227317
7.55102	3.42857	-0.313663
7.7551	3.42857	-0.400009
7.95918	3.42857	-0.349664
8.16327	3.42857	-0.282231
8.36735	3.42857	-0.214799
8.57143	3.42857	-0.147366
8.77551	3.42857	-0.0799342
8.97959	3.42857	0.0224976
9.18367	3.42857	0.168679
9.38776	3.42857	0.31486
9.59184	3.42857	0.461041
9.79592	3.42857	0.607222
10	3.42857	0.753403

0	3.67347	0.367347
0.204082	3.67347	0.250252
0.408163	3.67347	0.133157
0.612245	3.67347	0.0160621
0.816327	3.67347	-0.101033
1.02041	3.67347	-0.218128
1.22449	3.67347	-0.262841
1.42857	3.67347	-0.249648
1.63265	3.67347	-0.236455
1.83673	3.67347	-0.223262
2.04082	3.67347	-0.210069
2.2449	3.67347	-0.184031
2.44898	3.67347	-0.0552296
2.65306	3.67347	0.0735717
2.85714	3.67347	0.202373
3.06122	3.67347	0.331175
3.26531	3.67347	0.459976
3.46939	3.67347	0.570308
3.67347	3.67347	0.671404
3.87755	3.67347	0.772501
4.08163	3.67347	0.873598
4.28571	3.67347	0.974695
4.4898	3.67347	1.04464
4.69388	3.67347	1.00554
4.89796	3.67347	0.966448
5.10204	3.67347	0.927353
5.30612	3.67347	0.888258
5.5102	3.67347	0.849163
5.71429	3.67347	0.734863
5.91837	3.67347	0.599076
6.12245	3.67347	0.463289
6.32653	3.67347	0.327502
6.53061	3.67347	0.191715
6.73469	3.67347	0.074059
6.93878	3.67347	-0.0073342
7.14286	3.67347	-0.0887274
7.34694	3.67347	-0.170121
7.55102	3.67347	-0.251514
7.7551	3.67347	-0.332907
7.95918	3.67347	-0.285449
8.16327	3.67347	-0.221885
8.36735	3.67347	-0.15832
8.57143	3.67347	-0.0947562
8.77551	3.67347	-0.031192
8.97959	3.67347	0.0653641
9.18367	3.67347	0.20316
9.38776	3.67347	0.340956
9.59184	3.67347	0.478751
9.79592	3.67347	0.616547
10	3.67347	0.754343

0	3.91837	0.391837
0.204082	3.91837	0.281867
0.408163	3.91837	0.171898
0.612245	3.91837	0.0619287
0.816327	3.91837	-0.0480406
1.02041	3.91837	-0.15801
1.22449	3.91837	-0.200002
1.42857	3.91837	-0.187612
1.63265	3.91837	-0.175222
1.83673	3.91837	-0.162832
2.04082	3.91837	-0.150442
2.2449	3.91837	-0.125988
2.44898	3.91837	-0.00502468
2.65306	3.91837	0.115939
2.85714	3.91837	0.236902
3.06122	3.91837	0.357866
3.26531	3.91837	0.478829
3.46939	3.91837	0.582447
3.67347	3.91837	0.677391
3.87755	3.91837	0.772336
4.08163	3.91837	0.867281
4.28571	3.91837	0.962225
4.4898	3.91837	1.02791
4.69388	3.91837	0.991196
4.89796	3.91837	0.95448
5.10204	3.91837	0.917764
5.30612	3.91837	0.881048
5.5102	3.91837	0.844332
5.71429	3.91837	0.736988
5.91837	3.91837	0.609464
6.12245	3.91837	0.48194
6.32653	3.91837	0.354416
6.53061	3.91837	0.226892
6.73469	3.91837	0.116396
6.93878	3.91837	0.0399562
7.14286	3.91837	-0.0364839
7.34694	3.91837	-0.112924
7.55102	3.91837	-0.189364
7.7551	3.91837	-0.265804
7.95918	3.91837	-0.221234
8.16327	3.91837	-0.161538
8.36735	3.91837	-0.101842
8.57143	3.91837	-0.0421459
8.77551	3.91837	0.0175502
8.97959	3.91837	0.108231
9.18367	3.91837	0.237641
9.38776	3.91837	0.367051
9.59184	3.91837	0.496462
9.79592	3.91837	0.625872
10	3.91837	0.755283

0	4.16327	0.416327
0.204082	4.16327	0.333634
0.408163	4.16327	0.250941
0.612245	4.16327	0.168249
0.816327	4.16327	0.0855563
1.02041	4.16327	0.00286374
1.22449	4.16327	-0.0287125
1.42857	4.16327	-0.0193957
1.63265	4.16327	-0.0100789
1.83673	4.16327	-0.000762106
2.04082	4.16327	0.0085547
2.2449	4.16327	0.0269429
2.44898	4.16327	0.117903
2.65306	4.16327	0.208862
2.85714	4.16327	0.299822
3.06122	4.16327	0.390782
3.26531	4.16327	0.481741
3.46939	4.16327	0.559657
3.67347	4.16327	0.631052
3.87755	4.16327	0.702447
4.08163	4.16327	0.773841
4.28571	4.16327	0.845236
4.4898	4.16327	0.89463
4.69388	4.16327	0.867021
4.89796	4.16327	0.839412
5.10204	4.16327	0.811803
5.30612	4.16327	0.784194
5.5102	4.16327	0.756585
5.71429	4.16327	0.675866
5.91837	4.16327	0.579974
6.12245	4.16327	0.484081
6.32653	4.16327	0.388188
6.53061	4.16327	0.292295
6.73469	4.16327	0.209206
6.93878	4.16327	0.151726
7.14286	4.16327	0.0942465
7.34694	4.16327	0.0367666
7.55102	4.16327	-0.0207134
7.7551	4.16327	-0.0781933
7.95918	4.16327	-0.0446785
8.16327	4.16327	0.000210638
8.36735	4.16327	0.0450998
8.57143	4.16327	0.0899889
8.77551	4.16327	0.134878
8.97959	4.16327	0.203066
9.18367	4.16327	0.300377
9.38776	4.16327	0.397689
9.59184	4.16327	0.495
9.79592	4.16327	0.592312
10	4.16327	0.689623

0	4.40816	0.440816
0.204082	4.40816	0.395476
0.408163	4.40816	0.350136
0.612245	4.40816	0.304796
0.816327	4.40816	0.259456
1.02041	4.40816	0.214115
1.22449	4.40816	0.196802
1.42857	4.40816	0.201911
1.63265	4.40816	0.207019
1.83673	4.40816	0.212127
2.04082	4.40816	0.217236
2.2449	4.40816	0.227318
2.44898	4.40816	0.277191
2.65306	4.40816	0.327064
2.85714	4.40816	0.376937
3.06122	4.40816	0.42681
3.26531	4.40816	0.476683
3.46939	4.40816	0.519404
3.67347	4.40816	0.55855
3.87755	4.40816	0.597696
4.08163	4.40816	0.636841
4.28571	4.40816	0.675987
4.4898	4.40816	0.703069
4.69388	4.40816	0.687931
4.89796	4.40816	0.672793
5.10204	4.40816	0.657655
5.30612	4.40816	0.642517
5.5102	4.40816	0.62738
5.71429	4.40816	0.583122
5.91837	4.40816	0.530544
6.12245	4.40816	0.477966
6.32653	4.40816	0.425388
6.53061	4.40816	0.37281
6.73469	4.40816	0.327253
6.93878	4.40816	0.295737
7.14286	4.40816	0.26422
7.34694	4.40816	0.232704
7.55102	4.40816	0.201188
7.7551	4.40816	0.169672
7.95918	4.40816	0.188048
8.16327	4.40816	0.212661
8.36735	4.40816	0.237273
8.57143	4.40816	0.261886
8.77551	4.40816	0.286499
8.97959	4.40816	0.323886
9.18367	4.40816	0.377242
9.38776	4.40816	0.430597
9.59184	4.40816	0.483953
9.79592	4.40816	0.537309
10	4.40816	0.590665

0	4.65306	0.465306
0.204082	4.65306	0.457318
0.408163	4.65306	0.44933
0.612245	4.65306	0.441343
0.816327	4.65306	0.433355
1.02041	4.65306	0.425367
1.22449	4.65306	0.422317
1.42857	4.65306	0.423217
1.63265	4.65306	0.424117
1.83673	4.65306	0.425017
2.04082	4.65306	0.425917
2.2449	4.65306	0.427693
2.44898	4.65306	0.436479
2.65306	4.65306	0.445266
2.85714	4.65306	0.454052
3.06122	4.65306	0.462839
3.26531	4.65306	0.471625
3.46939	4.65306	0.479151
3.67347	4.65306	0.486048
3.87755	4.65306	0.492944
4.08163	4.65306	0.499841
4.28571	4.65306	0.506737
4.4898	4.65306	0.511509
4.69388	4.65306	0.508842
4.89796	4.65306	0.506175
5.10204	4.65306	0.503508
5.30612	4.65306	0.500841
5.5102	4.65306	0.498174
5.71429	4.65306	0.490377
5.91837	4.65306	0.481114
6.12245	4.65306	0.471851
6.32653	4.65306	0.462588
6.53061	4.65306	0.453325
6.73469	4.65306	0.445299
6.93878	4.65306	0.439747
7.14286	4.65306	0.434194
7.34694	4.65306	0.428642
7.55102	4.65306	0.42309
7.7551	4.65306	0.417537
7.95918	4.65306	0.420775
8.16327	4.65306	0.425111
8.36735	4.65306	0.429447
8.57143	4.65306	0.433783
8.77551	4.65306	0.438119
8.97959	4.65306	0.444706
9.18367	4.65306	0.454106
9.38776	4.65306	0.463506
9.59184	4.65306	0.472906
9.79592	4.65306	0.482306
10	4.65306	0.491706

0	4.89796	0.489796
0.204082	4.89796	0.51916
0.408163	4.89796	0.548525
0.612245	4.89796	0.57789
0.816327	4.89796	0.607254
1.02041	4.89796	0.636619
1.22449	4.89796	0.647832
1.42857	4.89796	0.644523
1.63265	4.89796	0.641215
1.83673	4.89796	0.637906
2.04082	4.89796	0.634598
2.2449	4.89796	0.628068
2.44898	4.89796	0.595768
2.65306	4.89796	0.563468
2.85714	4.89796	0.531167
3.06122	4.89796	0.498867
3.26531	4.89796	0.466567
3.46939	4.89796	0.438898
3.67347	4.89796	0.413546
3.87755	4.89796	0.388193
4.08163	4.89796	0.362841
4.28571	4.89796	0.337488
4.4898	4.89796	0.319948
4.69388	4.89796	0.329752
4.89796	4.89796	0.339556
5.10204	4.89796	0.34936
5.30612	4.89796	0.359164
5.5102	4.89796	0.368968
5.71429	4.89796	0.397632
5.91837	4.89796	0.431684
6.12245	4.89796	0.465736
6.32653	4.89796	0.499788
6.53061	4.89796	0.53384
6.73469	4.89796	0.563345
6.93878	4.89796	0.583757
7.14286	4.89796	0.604168
7.34694	4.89796	0.62458
7.55102	4.89796	0.644991
7.7551	4.89796	0.665402
7.95918	4.89796	0.653501
8.16327	4.89796	0.637561
8.36735	4.89796	0.62162
8.57143	4.89796	0.60568
8.77551	4.89796	0.58974
8.97959	4.89796	0.565526
9.18367	4.89796	0.53097
9.38776	4.89796	0.496414
9.59184	4.89796	0.461858
9.79592	4.89796	0.427303
10	4.89796	0.392747

0	5.14286	0.514286
0.204082	5.14286	0.581003
0.408163	5.14286	0.64772
0.612245	5.14286	0.714436
0.816327	5.14286	0.781153
1.02041	5.14286	0.84787
1.22449	5.14286	0.873346
1.42857	5.14286	0.865829
1.63265	5.14286	0.858313
1.83673	5.14286	0.850796
2.04082	5.14286	0.843279
2.2449	5.14286	0.828443
2.44898	5.14286	0.755056
2.65306	5.14286	0.681669
2.85714	5.14286	0.608282
3.06122	5.14286	0.534896
3.26531	5.14286	0.461509
3.46939	5.14286	0.398645
3.67347	5.14286	0.341044
3.87755	5.14286	0.283442
4.08163	5.14286	0.22584
4.28571	5.14286	0.168239
4.4898	5.14286	0.128387
4.69388	5.14286	0.150662
4.89796	5.14286	0.172937
5.10204	5.14286	0.195213
5.30612	5.14286	0.217488
5.5102	5.14286	0.239763
5.71429	5.14286	0.304887
5.91837	5.14286	0.382254
6.12245	5.14286	0.459621
6.32653	5.14286	0.536988
6.53061	5.14286	0.614355
6.73469	5.14286	0.681392
6.93878	5.14286	0.727767
7.14286	5.14286	0.774142
7.34694	5.14286	0.820517
7.55102	5.14286	0.866893
7.7551	5.14286	0.913268
7.95918	5.14286	0.886228
8.16327	5.14286	0.850011
8.36735	5.14286	0.813794
8.57143	5.14286	0.777577
8.77551	5.14286	0.74136
8.97959	5.14286	0.686346
9.18367	5.14286	0.607834
9.38776	5.14286	0.529323
9.59184	5.14286	0.450811
9.79592	5.14286	0.3723
10	5.14286	0.293788

0	5.38776	0.538776
0.204082	5.38776	0.636866
0.408163	5.38776	0.734956
0.612245	5.38776	0.833047
0.816327	5.38776	0.931137
1.02041	5.38776	1.02923
1.22449	5.38776	1.06668
1.42857	5.38776	1.05563
1.63265	5.38776	1.04458
1.83673	5.38776	1.03353
2.04082	5.38776	1.02248
2.2449	5.38776	1.00067
2.44898	5.38776	0.892768
2.65306	5.38776	0.784871
2.85714	5.38776	0.676974
3.06122	5.38776	0.569077
3.26531	5.38776	0.46118
3.46939	5.38776	0.368755
3.67347	5.38776	0.284067
3.87755	5.38776	0.199378
4.08163	5.38776	0.114689
4.28571	5.38776	0.0300001
4.4898	5.38776	-0.0285912
4.69388	5.38776	0.00415874
4.89796	5.38776	0.0369086
5.10204	5.38776	0.0696585
5.30612	5.38776	0.102408
5.5102	5.38776	0.135158
5.71429	5.38776	0.230907
5.91837	5.38776	0.344656
6.12245	5.38776	0.458405
6.32653	5.38776	0.572154
6.53061	5.38776	0.685903
6.73469	5.38776	0.784463
6.93878	5.38776	0.852646
7.14286	5.38776	0.920829
7.34694	5.38776	0.989012
7.55102	5.38776	1.0572
7.7551	5.38776	1.12538
7.95918	5.38776	1.08562
8.16327	5.38776	1.03238
8.36735	5.38776	0.979127
8.57143	5.38776	0.92588
8.77551	5.38776	0.872632
8.97959	5.38776	0.791747
9.18367	5.38776	0.676315
9.38776	5.38776	0.560884
9.59184	5.38776	0.445452
9.79592	5.38776	0.33002
10	5.38776	0.214589

0	5.63265	0.563265
0.204082	5.63265	0.671804
0.408163	5.63265	0.780342
0.612245	5.63265	0.88888
0.816327	5.63265	0.997418
1.02041	5.63265	1.10596
1.22449	5.63265	1.1474
1.42857	5.63265	1.13517
1.63265	5.63265	1.12294
1.83673	5.63265	1.11072
2.04082	5.63265	1.09849
2.2449	5.63265	1.07435
2.44898	5.63265	0.954962
2.65306	5.63265	0.835573
2.85714	5.63265	0.716184
3.06122	5.63265	0.596794
3.26531	5.63265	0.477405
3.46939	5.63265	0.375136
3.67347	5.63265	0.281427
3.87755	5.63265	0.187718
4.08163	5.63265	0.0940087
4.28571	5.63265	0.000299588
4.4898	5.63265	-0.0645324
4.69388	5.63265	-0.0282942
4.89796	5.63265	0.00794392
5.10204	5.63265	0.0441821
5.30612	5.63265	0.0804202
5.5102	5.63265	0.116658
5.71429	5.63265	0.222606
5.91837	5.63265	0.34847
6.12245	5.63265	0.474334
6.32653	5.63265	0.600199
6.53061	5.63265	0.726063
6.73469	5.63265	0.835121
6.93878	5.63265	0.910567
7.14286	5.63265	0.986012
7.34694	5.63265	1.06146
7.55102	5.63265	1.1369
7.7551	5.63265	1.21235
7.95918	5.63265	1.16836
8.16327	5.63265	1.10944
8.36735	5.63265	1.05052
8.57143	5.63265	0.9916
8.77551	5.63265	0.932681
8.97959	5.63265	0.843181
9.18367	5.63265	0.715454
9.38776	5.63265	0.587728
9.59184	5.63265	0.460002
9.79592	5.63265	0.332275
10	5.63265	0.204549

0	5.87755	0.587755
0.204082	5.87755	0.706741
0.408163	5.87755	0.825727
0.612245	5.87755	0.944713
0.816327	5.87755	1.0637
1.02041	5.87755	1.18269
1.22449	5.87755	1.22812
1.42857	5.87755	1.21471
1.63265	5.87755	1.20131
1.83673	5.87755	1.1879
2.04082	5.87755	1.1745
2.2449	5.87755	1.14804
2.44898	5.87755	1.01716
2.65306	5.87755	0.886275
2.85714	5.87755	0.755393
3.06122	5.87755	0.624512
3.26531	5.87755	0.49363
3.46939	5.87755	0.381517
3.67347	5.87755	0.278787
3.87755	5.87755	0.176058
4.08163	5.87755	0.0733285
4.28571	5.87755	-0.029401
4.4898	5.87755	-0.100474
4.69388	5.87755	-0.0607472
4.89796	5.87755	-0.0210208
5.10204	5.87755	0.0187056
5.30612	5.87755	0.0584319
5.5102	5.87755	0.0981583
5.71429	5.87755	0.214304
5.91837	5.87755	0.352284
6.12245	5.87755	0.490264
6.32653	5.87755	0.628244
6.53061	5.87755	0.766224
6.73469	5.87755	0.88578
6.93878	5.87755	0.968487
7.14286	5.87755	1.05119
7.34694	5.87755	1.1339
7.55102	5.87755	1.21661
7.7551	5.87755	1.29932
7.95918	5.87755	1.25109
8.16327	5.87755	1.1865
8.36735	5.87755	1.12191
8.57143	5.87755	1.05732
8.77551	5.87755	0.99273
8.97959	5.87755	0.894615
9.18367	5.87755	0.754594
9.38776	5.87755	0.614573
9.59184	5.87755	0.474552
9.79592	5.87755	0.33453
10	5.87755	0.194509

0	6.12245	0.612245
0.204082	6.12245	0.741679
0.408163	6.12245	0.871112
0.612245	6.12245	1.00055
0.816327	6.12245	1.12998
1.02041	6.12245	1.25941
1.22449	6.12245	1.30884
1.42857	6.12245	1.29426
1.63265	6.12245	1.27967
1.83673	6.12245	1.26509
2.04082	6.12245	1.25051
2.2449	6.12245	1.22172
2.44898	6.12245	1.07935
2.65306	6.12245	0.936976
2.85714	6.12245	0.794603
3.06122	6.12245	0.652229
3.26531	6.12245	0.509855
3.46939	6.12245	0.387897
3.67347	6.12245	0.276148
3.87755	6.12245	0.164398
4.08163	6.12245	0.0526482
4.28571	6.12245	-0.0591015
4.4898	6.12245	-0.136415
4.69388	6.12245	-0.0932001
4.89796	6.12245	-0.0499855
5.10204	6.12245	-0.00677091
5.30612	6.12245	0.0364437
5.5102	6.12245	0.0796583
5.71429	6.12245	0.206002
5.91837	6.12245	0.356098
6.12245	6.12245	0.506193
6.32653	6.12245	0.656289
6.53061	6.12245	0.806384
6.73469	6.12245	0.936438
6.93878	6.12245	1.02641
7.14286	6.12245	1.11638
7.34694	6.12245	1.20635
7.55102	6.12245	1.29632
7.7551	6.12245	1.38629
7.95918	6.12245	1.33383
8.16327	6.12245	1.26357
8.36735	6.12245	1.1933
8.57143	6.12245	1.12304
8.77551	6.12245	1.05278
8.97959	6.12245	0.946049
9.18367	6.12245	0.793733
9.38776	6.12245	0.641417
9.59184	6.12245	0.489101
9.79592	6.12245	0.336785
10	6.12245	0.18447

0	6.36735	0.636735
0.204082	6.36735	0.776616
0.408163	6.36735	0.916498
0.612245	6.36735	1.05638
0.816327	6.36735	1.19626
1.02041	6.36735	1.33614
1.22449	6.36735	1.38956
1.42857	6.36735	1.3738
1.63265	6.36735	1.35804
1.83673	6.36735	1.34228
2.04082	6.36735	1.32652
2.2449	6.36735	1.29541
2.44898	6.36735	1.14154
2.65306	6.36735	0.987678
2.85714	6.36735	0.833812
3.06122	6.36735	0.679946
3.26531	6.36735	0.52608
3.46939	6.36735	0.394278
3.67347	6.36735	0.273508
3.87755	6.36735	0.152738
4.08163	6.36735	0.031968
4.28571	6.36735	-0.0888021
4.4898	6.36735	-0.172356
4.69388	6.36735	-0.125653
4.89796	6.36735	-0.0789502
5.10204	6.36735	-0.0322474
5.30612	6.36735	0.0144555
5.5102	6.36735	0.0611583
5.71429	6.36735	0.197701
5.91837	6.36735	0.359912
6.12245	6.36735	0.522123
6.32653	6.36735	0.684334
6.53061	6.36735	0.846545
6.73469	6.36735	0.987096
6.93878	6.36735	1.08433
7.14286	6.36735	1.18156
7.34694	6.36735	1.27879
7.55102	6.36735	1.37602
7.7551	6.36735	1.47326
7.95918	6.36735	1.41656
8.16327	6.36735	1.34063
8.36735	6.36735	1.2647
8.57143	6.36735	1.18876
8.77551	6.36735	1.11283
8.97959	6.36735	0.997483
9.18367	6.36735	0.832872
9.38776	6.36735	0.668262
9.59184	6.36735	0.503651
9.79592	6.36735	0.339041
10	6.36735	0.17443

0	6.61224	0.661224
0.204082	6.61224	0.811554
0.408163	6.61224	0.961883
0.612245	6.61224	1.11221
0.816327	6.61224	1.26254
1.02041	6.61224	1.41287
1.22449	6.61224	1.47027
1.42857	6.61224	1.45334
1.63265	6.61224	1.4364
1.83673	6.61224	1.41946
2.04082	6.61224	1.40252
2.2449	6.61224	1.3691
2.44898	6.61224	1.20374
2.65306	6.61224	1.03838
2.85714	6.61224	0.873022
3.06122	6.61224	0.707663
3.26531	6.61224	0.542305
3.46939	6.61224	0.400659
3.67347	6.61224	0.270869
3.87755	6.61224	0.141078
4.08163	6.61224	0.0112878
4.28571	6.61224	-0.118503
4.4898	6.61224	-0.208297
4.69388	6.61224	-0.158106
4.89796	6.61224	-0.107915
5.10204	6.61224	-0.0577239
5.30612	6.61224	-0.0075328
5.5102	6.61224	0.0426583
5.71429	6.61224	0.189399
5.91837	6.61224	0.363726
6.12245	6.61224	0.538052
6.32653	6.61224	0.712379
6.53061	6.61224	0.886705
6.73469	6.61224	1.03775
6.93878	6.61224	1.14225
7.14286	6.61224	1.24674
7.34694	6.61224	1.35124
7.55102	6.61224	1.45573
7.7551	6.61224	1.56023
7.95918	6.61224	1.4993
8.16327	6.61224	1.41769
8.36735	6.61224	1.33609
8.57143	6.61224	1.25448
8.77551	6.61224	1.17288
8.97959	6.61224	1.04892
9.18367	6.61224	0.872012
9.38776	6.61224	0.695106
9.59184	6.61224	0.518201
9.79592	6.61224	0.341296
10	6.61224	0.16439

0	6.85714	0.685714
0.204082	6.85714	0.813137
0.408163	6.85714	0.940559
0.612245	6.85714	1.06798
0.816327	6.85714	1.1954
1.02041	6.85714	1.32283
1.22449	6.85714	1.37148
1.42857	6.85714	1.35713
1.63265	6.85714	1.34277
1.83673	6.85714	1.32841
2.04082	6.85714	1.31406
2.2449	6.85714	1.28572
2.44898	6.85714	1.14556
2.65306	6.85714	1.0054
2.85714	6.85714	0.865238
3.06122	6.85714	0.725077
3.26531	6.85714	0.584916
3.46939	6.85714	0.464853
3.67347	6.85714	0.35484
3.87755	6.85714	0.244827
4.08163	6.85714	0.134814
4.28571	6.85714	0.0248013
4.4898	6.85714	-0.0513104
4.69388	6.85714	-0.00876743
4.89796	6.85714	0.0337756
5.10204	6.85714	0.0763186
5.30612	6.85714	0.118862
5.5102	6.85714	0.161405
5.71429	6.85714	0.285785
5.91837	6.85714	0.433548
6.12245	6.85714	0.581311
6.32653	6.85714	0.729074
6.53061	6.85714	0.876837
6.73469	6.85714	1.00487
6.93878	6.85714	1.09344
7.14286	6.85714	1.18201
7.34694	6.85714	1.27058
7.55102	6.85714	1.35916
7.7551	6.85714	1.44773
7.95918	6.85714	1.39608
8.16327	6.85714	1.32691
8.36735	6.85714	1.25774
8.57143	6.85714	1.18857
8.77551	6.85714	1.1194
8.97959	6.85714	1.01433
9.18367	6.85714	0.864382
9.38776	6.85714	0.714433
9.59184	6.85714	0.564485
9.79592	6.85714	0.414536
10	6.85714	0.264587

0	7.10204	0.710204
0.204082	7.10204	0.805189
0.408163	7.10204	0.900175
0.612245	7.10204	0.99516
0.816327	7.10204	1.09015
1.02041	7.10204	1.18513
1.22449	7.10204	1.2214
1.42857	7.10204	1.2107
1.63265	7.10204	1.2
1.83673	7.10204	1.1893
2.04082	7.10204	1.17859
2.2449	7.10204	1.15747
2.44898	7.10204	1.05299
2.65306	7.10204	0.948509
2.85714	7.10204	0.844028
3.06122	7.10204	0.739546
3.26531	7.10204	0.635065
3.46939	7.10204	0.545566
3.67347	7.10204	0.463558
3.87755	7.10204	0.381551
4.08163	7.10204	0.299543
4.28571	7.10204	0.217535
4.4898	7.10204	0.160798
4.69388	7.10204	0.192512
4.89796	7.10204	0.224225
5.10204	7.10204	0.255938
5.30612	7.10204	0.287651
5.5102	7.10204	0.319364
5.71429	7.10204	0.412082
5.91837	7.10204	0.52223
6.12245	7.10204	0.632378
6.32653	7.10204	0.742526
6.53061	7.10204	0.852674
6.73469	7.10204	0.948114
6.93878	7.10204	1.01414
7.14286	7.10204	1.08016
7.34694	7.10204	1.14619
7.55102	7.10204	1.21221
7.7551	7.10204	1.27824
7.95918	7.10204	1.23974
8.16327	7.10204	1.18818
8.36735	7.10204	1.13662
8.57143	7.10204	1.08505
8.77551	7.10204	1.03349
8.97959	7.10204	0.955167
9.18367	7.10204	0.84339
9.38776	7.10204	0.731612
9.59184	7.10204	0.619835
9.79592	7.10204	0.508058
10	7.10204	0.39628

0	7.34694	0.734694
0.204082	7.34694	0.797242
0.408163	7.34694	0.85979
0.612245	7.34694	0.922339
0.816327	7.34694	0.984887
1.02041	7.34694	1.04744
1.22449	7.34694	1.07132
1.42857	7.34694	1.06427
1.63265	7.34694	1.05723
1.83673	7.34694	1.05018
2.04082	7.34694	1.04313
2.2449	7.34694	1.02922
2.44898	7.34694	0.96042
2.65306	7.34694	0.891619
2.85714	7.34694	0.822817
3.06122	7.34694	0.754016
3.26531	7.34694	0.685215
3.46939	7.34694	0.626279
3.67347	7.34694	0.572276
3.87755	7.34694	0.518274
4.08163	7.34694	0.464271
4.28571	7.34694	0.410269
4.4898	7.34694	0.372907
4.69388	7.34694	0.393791
4.89796	7.34694	0.414674
5.10204	7.34694	0.435557
5.30612	7.34694	0.45644
5.5102	7.34694	0.477324
5.71429	7.34694	0.538379
5.91837	7.34694	0.610912
6.12245	7.34694	0.683445
6.32653	7.34694	0.755978
6.53061	7.34694	0.828511
6.73469	7.34694	0.891359
6.93878	7.34694	0.934836
7.14286	7.34694	0.978314
7.34694	7.34694	1.02179
7.55102	7.34694	1.06527
7.7551	7.34694	1.10875
7.95918	7.34694	1.0834
8.16327	7.34694	1.04944
8.36735	7.34694	1.01549
8.57143	7.34694	0.981534
8.77551	7.34694	0.94758
8.97959	7.34694	0.896003
9.18367	7.34694	0.822397
9.38776	7.34694	0.748791
9.59184	7.34694	0.675185
9.79592	7.34694	0.601579
10	7.34694	0.527973

0	7.59184	0.759184
0.204082	7.59184	0.789295
0.408163	7.59184	0.819406
0.612245	7.59184	0.849518
0.816327	7.59184	0.879629
1.02041	7.59184	0.90974
1.22449	7.59184	0.921238
1.42857	7.59184	0.917846
1.63265	7.59184	0.914453
1.83673	7.59184	0.911061
2.04082	7.59184	0.907668
2.2449	7.59184	0.900972
2.44898	7.59184	0.867851
2.65306	7.59184	0.834729
2.85714	7.59184	0.801607
3.06122	7.59184	0.768486
3.26531	7.59184	0.735364
3.46939	7.59184	0.706992
3.67347	7.59184	0.680994
3.87755	7.59184	0.654997
4.08163	7.59184	0.629
4.28571	7.59184	0.603002
4.4898	7.59184	0.585016
4.69388	7.59184	0.59507
4.89796	7.59184	0.605123
5.10204	7.59184	0.615177
5.30612	7.59184	0.62523
5.5102	7.59184	0.635283
5.71429	7.59184	0.664676
5.91837	7.59184	0.699594
6.12245	7.59184	0.734512
6.32653	7.59184	0.76943
6.53061	7.59184	0.804348
6.73469	7.59184	0.834604
6.93878	7.59184	0.855534
7.14286	7.59184	0.876465
7.34694	7.59184	0.897395
7.55102	7.59184	0.918326
7.7551	7.59184	0.939256
7.95918	7.59184	0.927052
8.16327	7.59184	0.910706
8.36735	7.59184	0.894361
8.57143	7.59184	0.878015
8.77551	7.59184	0.861669
8.97959	7.59184	0.836839
9.18367	7.59184	0.801405
9.38776	7.59184	0.76597
9.59184	7.59184	0.730536
9.79592	7.59184	0.695101
10	7.59184	0.659667

0	7.83673	0.783673
0.204082	7.83673	0.781348
0.408163	7.83673	0.779022
0.612245	7.83673	0.776697
0.816327	7.83673	0.774371
1.02041	7.83673	0.772045
1.22449	7.83673	0.771157
1.42857	7.83673	0.771419
1.63265	7.83673	0.771681
1.83673	7.83673	0.771943
2.04082	7.83673	0.772205
2.2449	7.83673	0.772722
2.44898	7.83673	0.775281
2.65306	7.83673	0.777839
2.85714	7.83673	0.780397
3.06122	7.83673	0.782955
3.26531	7.83673	0.785513
3.46939	7.83673	0.787705
3.67347	7.83673	0.789712
3.87755	7.83673	0.79172
4.08163	7.83673	0.793728
4.28571	7.83673	0.795736
4.4898	7.83673	0.797125
4.69388	7.83673	0.796349
4.89796	7.83673	0.795572
5.10204	7.83673	0.794796
5.30612	7.83673	0.794019
5.5102	7.83673	0.793243
5.71429	7.83673	0.790973
5.91837	7.83673	0.788276
6.12245	7.83673	0.785579
6.32653	7.83673	0.782882
6.53061	7.83673	0.780185
6.73469	7.83673	0.777848
6.93878	7.83673	0.776232
7.14286	7.83673	0.774615
7.34694	7.83673	0.772999
7.55102	7.83673	0.771382
7.7551	7.83673	0.769766
7.95918	7.83673	0.770708
8.16327	7.83673	0.771971
8.36735	7.83673	0.773233
8.57143	7.83673	0.774496
8.77551	7.83673	0.775758
8.97959	7.83673	0.777676
9.18367	7.83673	0.780413
9.38776	7.83673	0.783149
9.59184	7.83673	0.785886
9.79592	7.83673	0.788623
10	7.83673	0.79136

0	8.08163	0.808163
0.204082	8.08163	0.775643
0.408163	8.08163	0.743124
0.612245	8.08163	0.710604
0.816327	8.08163	0.678084
1.02041	8.08163	0.645564
1.22449	8.08163	0.633147
1.42857	8.08163	0.63681
1.63265	8.08163	0.640474
1.83673	8.08163	0.644138
2.04082	8.08163	0.647802
2.2449	8.08163	0.655034
2.44898	8.08163	0.690805
2.65306	8.08163	0.726576
2.85714	8.08163	0.762346
3.06122	8.08163	0.798117
3.26531	8.08163	0.833888
3.46939	8.08163	0.86453
3.67347	8.08163	0.892607
3.87755	8.08163	0.920683
4.08163	8.08163	0.94876
4.28571	8.08163	0.976837
4.4898	8.08163	0.996262
4.69388	8.08163	0.985404
4.89796	8.08163	0.974546
5.10204	8.08163	0.963689
5.30612	8.08163	0.952831
5.5102	8.08163	0.941974
5.71429	8.08163	0.91023
5.91837	8.08163	0.872519
6.12245	8.08163	0.834808
6.32653	8.08163	0.797097
6.53061	8.08163	0.759386
6.73469	8.08163	0.726711
6.93878	8.08163	0.704106
7.14286	8.08163	0.681502
7.34694	8.08163	0.658897
7.55102	8.08163	0.636292
7.7551	8.08163	0.613688
7.95918	8.08163	0.626868
8.16327	8.08163	0.644521
8.36735	8.08163	0.662174
8.57143	8.08163	0.679827
8.77551	8.08163	0.69748
8.97959	8.08163	0.724296
9.18367	8.08163	0.762565
9.38776	8.08163	0.800834
9.59184	8.08163	0.839103
9.79592	8.08163	0.877372
10	8.08163	0.91564

0	8.32653	0.832653
0.204082	8.32653	0.774425
0.408163	8.32653	0.716196
0.612245	8.32653	0.657968
0.816327	8.32653	0.59974
1.02041	8.32653	0.541511
1.22449	8.32653	0.519277
1.42857	8.32653	0.525837
1.63265	8.32653	0.532398
1.83673	8.32653	0.538958
2.04082	8.32653	0.545519
2.2449	8.32653	0.558467
2.44898	8.32653	0.622517
2.65306	8.32653	0.686566
2.85714	8.32653	0.750616
3.06122	8.32653	0.814665
3.26531	8.32653	0.878715
3.46939	8.32653	0.93358
3.67347	8.32653	0.983853
3.87755	8.32653	1.03413
4.08163	8.32653	1.0844
4.28571	8.32653	1.13467
4.4898	8.32653	1.16945
4.69388	8.32653	1.15001
4.89796	8.32653	1.13057
5.10204	8.32653	1.11113
5.30612	8.32653	1.09169
5.5102	8.32653	1.07225
5.71429	8.32653	1.01541
5.91837	8.32653	0.947886
6.12245	8.32653	0.880362
6.32653	8.32653	0.812839
6.53061	8.32653	0.745316
6.73469	8.32653	0.686808
6.93878	8.32653	0.646334
7.14286	8.32653	0.605859
7.34694	8.32653	0.565384
7.55102	8.32653	0.524909
7.7551	8.32653	0.484435
7.95918	8.32653	0.508034
8.16327	8.32653	0.539643
8.36735	8.32653	0.571252
8.57143	8.32653	0.602861
8.77551	8.32653	0.63447
8.97959	8.32653	0.682485
9.18367	8.32653	0.751007
9.38776	8.32653	0.819529
9.59184	8.32653	0.888052
9.79592	8.32653	0.956574
10	8.32653	1.0251

0	8.57143	0.857143
0.204082	8.57143	0.773206
0.408163	8.57143	0.689269
0.612245	8.57143	0.605332
0.816327	8.57143	0.521395
1.02041	8.57143	0.437459
1.22449	8.57143	0.405407
1.42857	8.57143	0.414864
1.63265	8.57143	0.424321
1.83673	8.57143	0.433778
2.04082	8.57143	0.443235
2.2449	8.57143	0.4619
2.44898	8.57143	0.554228
2.65306	8.57143	0.646557
2.85714	8.57143	0.738885
3.06122	8.57143	0.831213
3.26531	8.57143	0.923542
3.46939	8.57143	1.00263
3.67347	8.57143	1.0751
3.87755	8.57143	1.14757
4.08163	8.57143	1.22004
4.28571	8.57143	1.29251
4.4898	8.57143	1.34264
4.69388	8.57143	1.31462
4.89796	8.57143	1.28659
5.10204	8.57143	1.25857
5.30612	8.57143	1.23055
5.5102	8.57143	1.20252
5.71429	8.57143	1.12059
5.91837	8.57143	1.02325
6.12245	8.57143	0.925917
6.32653	8.57143	0.828581
6.53061	8.57143	0.731245
6.73469	8.57143	0.646906
6.93878	8.57143	0.588561
7.14286	8.57143	0.530216
7.34694	8.57143	0.471871
7.55102	8.57143	0.413527
7.7551	8.57143	0.355182
7.95918	8.57143	0.389201
8.16327	8.57143	0.434765
8.36735	8.57143	0.48033
8.57143	8.57143	0.525895
8.77551	8.57143	0.571459
8.97959	8.57143	0.640673
9.18367	8.57143	0.739449
9.38776	8.57143	0.838225
9.59184	8.57143	0.937001
9.79592	8.57143	1.03578
10	8.57143	1.13455

0	8.81633	0.881633
0.204082	8.81633	0.771987
0.408163	8.81633	0.662342
0.612245	8.81633	0.552696
0.816327	8.81633	0.443051
1.02041	8.81633	0.333406
1.22449	8.81633	0.291537
1.42857	8.81633	0.303891
1.63265	8.81633	0.316244
1.83673	8.81633	0.328598
2.04082	8.81633	0.340952
2.2449	8.81633	0.365333
2.44898	8.81633	0.48594
2.65306	8.81633	0.606547
2.85714	8.81633	0.727154
3.06122	8.81633	0.847762
3.26531	8.81633	0.968369
3.46939	8.81633	1.07168
3.67347	8.81633	1.16635
3.87755	8.81633	1.26101
4.08163	8.81633	1.35568
4.28571	8.81633	1.45034
4.4898	8.81633	1.51583
4.69388	8.81633	1.47923
4.89796	8.81633	1.44262
5.10204	8.81633	1.40601
5.30612	8.81633	1.3694
5.5102	8.81633	1.3328
5.71429	8.81633	1.22577
5.91837	8.81633	1.09862
6.12245	8.81633	0.971471
6.32653	8.81633	0.844322
6.53061	8.81633	0.717174
6.73469	8.81633	0.607004
6.93878	8.81633	0.530789
7.14286	8.81633	0.454574
7.34694	8.81633	0.378359
7.55102	8.81633	0.302144
7.7551	8.81633	0.225929
7.95918	8.81633	0.270367
8.16327	8.81633	0.329888
8.36735	8.81633	0.389408
8.57143	8.81633	0.448928
8.77551	8.81633	0.508449
8.97959	8.81633	0.598862
9.18367	8.81633	0.727891
9.38776	8.81633	0.85692
9.59184	8.81633	0.98595
9.79592	8.81633	1.11498
10	8.81633	1.24401

0	9.06122	0.906122
0.204082	9.06122	0.770769
0.408163	9.06122	0.635415
0.612245	9.06122	0.500061
0.816327	9.06122	0.364707
1.02041	9.06122	0.229353
1.22449	9.06122	0.177668
1.42857	9.06122	0.192918
1.63265	9.06122	0.208168
1.83673	9.06122	0.223418
2.04082	9.06122	0.238668
2.2449	9.06122	0.268766
2.44898	9.06122	0.417652
2.65306	9.06122	0.566538
2.85714	9.06122	0.715424
3.06122	9.06122	0.86431
3.26531	9.06122	1.0132
3.46939	9.06122	1.14073
3.67347	9.06122	1.25759
3.87755	9.06122	1.37445
4.08163	9.06122	1.49131
4.28571	9.06122	1.60818
4.4898	9.06122	1.68903
4.69388	9.06122	1.64383
4.89796	9.06122	1.59864
5.10204	9.06122	1.55345
5.30612	9.06122	1.50826
5.5102	9.06122	1.46307
5.71429	9.06122	1.33095
5.91837	9.06122	1.17399
6.12245	9.06122	1.01702
6.32653	9.06122	0.860064
6.53061	9.06122	0.703103
6.73469	9.06122	0.567101
6.93878	9.06122	0.473016
7.14286	9.06122	0.378931
7.34694	9.06122	0.284846
7.55102	9.06122	0.190761
7.7551	9.06122	0.0966759
7.95918	9.06122	0.151534
8.16327	9.06122	0.22501
8.36735	9.06122	0.298486
8.57143	9.06122	0.371962
8.77551	9.06122	0.445438
8.97959	9.06122	0.55705
9.18367	9.06122	0.716333
9.38776	9.06122	0.875616
9.59184	9.06122	1.0349
9.79592	9.06122	1.19418
10	9.06122	1.35346

0	9.30612	0.930612
0.204082	9.30612	0.76955
0.408163	9.30612	0.608487
0.612245	9.30612	0.447425
0.816327	9.30612	0.286362
1.02041	9.30612	0.1253
1.22449	9.30612	0.063798
1.42857	9.30612	0.0819446
1.63265	9.30612	0.100091
1.83673	9.30612	0.118238
2.04082	9.30612	0.136384
2.2449	9.30612	0.1722
2.44898	9.30612	0.349364
2.65306	9.30612	0.526529
2.85714	9.30612	0.703693
3.06122	9.30612	0.880858
3.26531	9.30612	1.05802
3.46939	9.30612	1.20978
3.67347	9.30612	1.34884
3.87755	9.30612	1.4879
4.08163	9.30612	1.62695
4.28571	9.30612	1.76601
4.4898	9.30612	1.86222
4.69388	9.30612	1.80844
4.89796	9.30612	1.75467
5.10204	9.30612	1.70089
5.30612	9.30612	1.64712
5.5102	9.30612	1.59334
5.71429	9.30612	1.43613
5.91837	9.30612	1.24935
6.12245	9.30612	1.06258
6.32653	9.30612	0.875806
6.53061	9.30612	0.689033
6.73469	9.30612	0.527199
6.93878	9.30612	0.415244
7.14286	9.30612	0.303288
7.34694	9.30612	0.191333
7.55102	9.30612	0.0793781
7.7551	9.30612	-0.032577
7.95918	9.30612	0.0327006
8.16327	9.30612	0.120132
8.36735	9.30612	0.207564
8.57143	9.30612	0.294996
8.77551	9.30612	0.382428
8.97959	9.30612	0.515239
9.18367	9.30612	0.704775
9.38776	9.30612	0.894311
9.59184	9.30612	1.08385
9.79592	9.30612	1.27338
10	9.30612	1.46292

0	9.55102	0.955102
0.204082	9.55102	0.809265
0.408163	9.55102	0.663427
0.612245	9.55102	0.51759
0.816327	9.55102	0.371752
1.02041	9.55102	0.225915
1.22449	9.55102	0.170227
1.42857	9.55102	0.186658
1.63265	9.55102	0.203089
1.83673	9.55102	0.21952
2.04082	9.55102	0.235951
2.2449	9.55102	0.268381
2.44898	9.55102	0.428799
2.65306	9.55102	0.589216
2.85714	9.55102	0.749633
3.06122	9.55102	0.910051
3.26531	9.55102	1.07047
3.46939	9.55102	1.20788
3.67347	9.55102	1.33379
3.87755	9.55102	1.45971
4.08163	9.55102	1.58562
4.28571	9.55102	1.71153
4.4898	9.55102	1.79864
4.69388	9.55102	1.74995
4.89796	9.55102	1.70126
5.10204	9.55102	1.65257
5.30612	9.55102	1.60388
5.5102	9.55102	1.55519
5.71429	9.55102	1.41283
5.91837	9.55102	1.24371
6.12245	9.55102	1.07459
6.32653	9.55102	0.905476
6.53061	9.55102	0.736359
6.73469	9.55102	0.589823
6.93878	9.55102	0.488451
7.14286	9.55102	0.387078
7.34694	9.55102	0.285706
7.55102	9.55102	0.184334
7.7551	9.55102	0.0829619
7.95918	9.55102	0.142069
8.16327	9.55102	0.221236
8.36735	9.55102	0.300403
8.57143	9.55102	0.37957
8.77551	9.55102	0.458737
8.97959	9.55102	0.578994
9.18367	9.55102	0.750613
9.38776	9.55102	0.922233
9.59184	9.55102	1.09385
9.79592	9.55102	1.26547
10	9.55102	1.43709

0	9.79592	0.979592
0.204082	9.79592	0.854096
0.408163	9.79592	0.7286
0.612245	9.79592	0.603105
0.816327	9.79592	0.477609
1.02041	9.79592	0.352113
1.22449	9.79592	0.304193
1.42857	9.79592	0.318332
1.63265	9.79592	0.332471
1.83673	9.79592	0.346611
2.04082	9.79592	0.36075
2.2449	9.79592	0.388656
2.44898	9.79592	0.526698
2.65306	9.79592	0.66474
2.85714	9.79592	0.802782
3.06122	9.79592	0.940824
3.26531	9.79592	1.07887
3.46939	9.79592	1.19711
3.67347	9.79592	1.30546
3.87755	9.79592	1.41381
4.08163	9.79592	1.52216
4.28571	9.79592	1.63051
4.4898	9.79592	1.70547
4.69388	9.79592	1.66357
4.89796	9.79592	1.62167
5.10204	9.79592	1.57977
5.30612	9.79592	1.53787
5.5102	9.79592	1.49597
5.71429	9.79592	1.37347
5.91837	9.79592	1.22795
6.12245	9.79592	1.08242
6.32653	9.79592	0.936888
6.53061	9.79592	0.791359
6.73469	9.79592	0.665262
6.93878	9.79592	0.57803
7.14286	9.79592	0.490797
7.34694	9.79592	0.403565
7.55102	9.79592	0.316332
7.7551	9.79592	0.2291
7.95918	9.79592	0.279962
8.16327	9.79592	0.348087
8.36735	9.79592	0.416211
8.57143	9.79592	0.484336
8.77551	9.79592	0.552461
8.97959	9.79592	0.655944
9.18367	9.79592	0.803625
9.38776	9.79592	0.951307
9.59184	9.79592	1.09899
9.79592	9.79592	1.24667
10	9.79592	1.39435

0	10.0408	1.00408
0.204082	10.0408	0.898928
0.408163	10.0408	0.793774
0.612245	10.0408	0.68862
0.816327	10.0408	0.583466
1.02041	10.0408	0.478312
1.22449	10.0408	0.438159
1.42857	10.0408	0.450006
1.63265	10.0408	0.461854
1.83673	10.0408	0.473701
2.04082	10.0408	0.485549
2.2449	10.0408	0.508932
2.44898	10.0408	0.624598
2.65306	10.0408	0.740265
2.85714	10.0408	0.855931
3.06122	10.0408	0.971598
3.26531	10.0408	1.08726
3.46939	10.0408	1.18634
3.67347	10.0408	1.27713
3.87755	10.0408	1.36792
4.08163	10.0408	1.45871
4.28571	10.0408	1.54949
4.4898	10.0408	1.6123
4.69388	10.0408	1.5772
4.89796	10.0408	1.54209
5.10204	10.0408	1.50698
5.30612	10.0408	1.47187
5.5102	10.0408	1.43676
5.71429	10.0408	1.33412
5.91837	10.0408	1.21218
6.12245	10.0408	1.09024
6.32653	10.0408	0.9683
6.53061	10.0408	0.84636
6.73469	10.0408	0.740702
6.93878	10.0408	0.667609
7.14286	10.0408	0.594516
7.34694	10.0408	0.521424
7.55102	10.0408	0.448331
7.7551	10.0408	0.375238
7.95918	10.0408	0.417856
8.16327	10.0408	0.474938
8.36735	10.0408	0.53202
8.57143	10.0408	0.589102
8.77551	10.0408	0.646185
8.97959	10.0408	0.732894
9.18367	10.0408	0.856638
9.38776	10.0408	0.980382
9.59184	10.0408	1.10413
9.79592	10.0408	1.22787
10	10.0408	1.35161

0	10.2857	1.02857
0.204082	10.2857	0.943759
0.408163	10.2857	0.858947
0.612245	10.2857	0.774135
0.816327	10.2857	0.689323
1.02041	10.2857	0.60451
1.22449	10.2857	0.572125
1.42857	10.2857	0.58168
1.63265	10.2857	0.591236
1.83673	10.2857	0.600792
2.04082	10.2857	0.610347
2.2449	10.2857	0.629207
2.44898	10.2857	0.722498
2.65306	10.2857	0.815789
2.85714	10.2857	0.90908
3.06122	10.2857	1.00237
3.26531	10.2857	1.09566
3.46939	10.2857	1.17558
3.67347	10.2857	1.2488
3.87755	10.2857	1.32203
4.08163	10.2857	1.39525
4.28571	10.2857	1.46848
4.4898	10.2857	1.51914
4.69388	10.2857	1.49082
4.89796	10.2857	1.4625
5.10204	10.2857	1.43419
5.30612	10.2857	1.40587
5.5102	10.2857	1.37755
5.71429	10.2857	1.29476
5.91837	10.2857	1.19641
6.12245	10.2857	1.09806
6.32653	10.2857	0.999711
6.53061	10.2857	0.90136
6.73469	10.2857	0.816142
6.93878	10.2857	0.757189
7.14286	10.2857	0.698235
7.34694	10.2857	0.639282
7.55102	10.2857	0.580329
7.7551	10.2857	0.521376
7.95918	10.2857	0.555749
8.16327	10.2857	0.601789
8.36735	10.2857	0.647829
8.57143	10.2857	0.693869
8.77551	10.2857	0.739909
8.97959	10.2857	0.809844
9.18367	10.2857	0.90965
9.38776	10.2857	1.00946
9.59184	10.2857	1.10926
9.79592	10.2857	1.20907
10	10.2857	1.30887

0	10.5306	1.05306
0.204082	10.5306	0.988591
0.408163	10.5306	0.92412
0.612245	10.5306	0.85965
0.816327	10.5306	0.795179
1.02041	10.5306	0.730709
1.22449	10.5306	0.706091
1.42857	10.5306	0.713354
1.63265	10.5306	0.720618
1.83673	10.5306	0.727882
2.04082	10.5306	0.735146
2.2449	10.5306	0.749482
2.44898	10.5306	0.820398
2.65306	10.5306	0.891314
2.85714	10.5306	0.962229
3.06122	10.5306	1.03315
3.26531	10.5306	1.10406
3.46939	10.5306	1.16481
3.67347	10.5306	1.22047
3.87755	10.5306	1.27613
4.08163	10.5306	1.33179
4.28571	10.5306	1.38746
4.4898	10.5306	1.42597
4.69388	10.5306	1.40444
4.89796	10.5306	1.38292
5.10204	10.5306	1.36139
5.30612	10.5306	1.33987
5.5102	10.5306	1.31834
5.71429	10.5306	1.25541
5.91837	10.5306	1.18065
6.12245	10.5306	1.10589
6.32653	10.5306	1.03112
6.53061	10.5306	0.956361
6.73469	10.5306	0.891582
6.93878	10.5306	0.846768
7.14286	10.5306	0.801954
7.34694	10.5306	0.757141
7.55102	10.5306	0.712327
7.7551	10.5306	0.667513
7.95918	10.5306	0.693643
8.16327	10.5306	0.72864
8.36735	10.5306	0.763638
8.57143	10.5306	0.798635
8.77551	10.5306	0.833633
8.97959	10.5306	0.886795
9.18367	10.5306	0.962663
9.38776	10.5306	1.03853
9.59184	10.5306	1.1144
9.79592	10.5306	1.19027
10	10.5306	1.26613

0	10.7755	1.07755
0.204082	10.7755	1.04006
0.408163	10.7755	1.00257
0.612245	10.7755	0.965081
0.816327	10.7755	0.927591
1.02041	10.7755	0.890101
1.22449	10.7755	0.875785
1.42857	10.7755	0.880009
1.63265	10.7755	0.884233
1.83673	10.7755	0.888457
2.04082	10.7755	0.892681
2.2449	10.7755	0.901017
2.44898	10.7755	0.942256
2.65306	10.7755	0.983494
2.85714	10.7755	1.02473
3.06122	10.7755	1.06597
3.26531	10.7755	1.10721
3.46939	10.7755	1.14253
3.67347	10.7755	1.1749
3.87755	10.7755	1.20727
4.08163	10.7755	1.23964
4.28571	10.7755	1.272
4.4898	10.7755	1.2944
4.69388	10.7755	1.28188
4.89796	10.7755	1.26936
5.10204	10.7755	1.25685
5.30612	10.7755	1.24433
5.5102	10.7755	1.23181
5.71429	10.7755	1.19522
5.91837	10.7755	1.15174
6.12245	10.7755	1.10827
6.32653	10.7755	1.06479
6.53061	10.7755	1.02132
6.73469	10.7755	0.98365
6.93878	10.7755	0.95759
7.14286	10.7755	0.931531
7.34694	10.7755	0.905471
7.55102	10.7755	0.879412
7.7551	10.7755	0.853352
7.95918	10.7755	0.868547
8.16327	10.7755	0.888898
8.36735	10.7755	0.909249
8.57143	10.7755	0.9296
8.77551	10.7755	0.949952
8.97959	10.7755	0.980866
9.18367	10.7755	1.02498
9.38776	10.7755	1.0691
9.59184	10.7755	1.11322
9.79592	10.7755	1.15734
10	10.7755	1.20145

0	11.0204	1.10204
0.204082	11.0204	1.09983
0.408163	11.0204	1.09762
0.612245	11.0204	1.09541
0.816327	11.0204	1.0932
1.02041	11.0204	1.09098
1.22449	11.0204	1.09014
1.42857	11.0204	1.09039
1.63265	11.0204	1.09064
1.83673	11.0204	1.09089
2.04082	11.0204	1.09114
2.2449	11.0204	1.09163
2.44898	11.0204	1.09406
2.65306	11.0204	1.09649
2.85714	11.0204	1.09893
3.06122	11.0204	1.10136
3.26531	11.0204	1.10379
3.46939	11.0204	1.10587
3.67347	11.0204	1.10778
3.87755	11.0204	1.10969
4.08163	11.0204	1.1116
4.28571	11.0204	1.11351
4.4898	11.0204	1.11483
4.69388	11.0204	1.11409
4.89796	11.0204	1.11335
5.10204	11.0204	1.11262
5.30612	11.0204	1.11188
5.5102	11.0204	1.11114
5.71429	11.0204	1.10898
5.91837	11.0204	1.10642
6.12245	11.0204	1.10385
6.32653	11.0204	1.10129
6.53061	11.0204	1.09872
6.73469	11.0204	1.0965
6.93878	11.0204	1.09497
7.14286	11.0204	1.09343
7.34694	11.0204	1.09189
7.55102	11.0204	1.09035
7.7551	11.0204	1.08882
7.95918	11.0204	1.08971
8.16327	11.0204	1.09091
8.36735	11.0204	1.09211
8.57143	11.0204	1.09331
8.77551	11.0204	1.09451
8.97959	11.0204	1.09634
9.18367	11.0204	1.09894
9.38776	11.0204	1.10154
9.59184	11.0204	1.10414
9.79592	11.0204	1.10675
10	11.0204	1.10935

0	11.2653	1.12653
0.204082	11.2653	1.1596
0.408163	11.2653	1.19267
0.612245	11.2653	1.22573
0.816327	11.2653	1.2588
1.02041	11.2653	1.29187
1.22449	11.2653	1.3045
1.42857	11.2653	1.30077
1.63265	11.2653	1.29704
1.83673	11.2653	1.29332
2.04082	11.2653	1.28959
2.2449	11.2653	1.28224
2.44898	11.2653	1.24587
2.65306	11.2653	1.20949
2.85714	11.2653	1.17312
3.06122	11.2653	1.13675
3.26531	11.2653	1.10037
3.46939	11.2653	1.06921
3.67347	11.2653	1.04066
3.87755	11.2653	1.01212
4.08163	11.2653	0.983565
4.28571	11.2653	0.955016
4.4898	11.2653	0.935264
4.69388	11.2653	0.946304
4.89796	11.2653	0.957345
5.10204	11.2653	0.968385
5.30612	11.2653	0.979426
5.5102	11.2653	0.990466
5.71429	11.2653	1.02274
5.91837	11.2653	1.06109
6.12245	11.2653	1.09944
6.32653	11.2653	1.13778
6.53061	11.2653	1.17613
6.73469	11.2653	1.20936
6.93878	11.2653	1.23234
7.14286	11.2653	1.25533
7.34694	11.2653	1.27831
7.55102	11.2653	1.3013
7.7551	11.2653	1.32428
7.95918	11.2653	1.31088
8.16327	11.2653	1.29293
8.36735	11.2653	1.27498
8.57143	11.2653	1.25703
8.77551	11.2653	1.23908
8.97959	11.2653	1.21181
9.18367	11.2653	1.1729
9.38776	11.2653	1.13398
9.59184	11.2653	1.09507
9.79592	11.2653	1.05616
10	11.2653	1.01724

0	11.5102	1.15102
0.204082	11.5102	1.21937
0.408163	11.5102	1.28771
0.612245	11.5102	1.35606
0.816327	11.5102	1.42441
1.02041	11.5102	1.49275
1.22449	11.5102	1.51885
1.42857	11.5102	1.51115
1.63265	11.5102	1.50345
1.83673	11.5102	1.49575
2.04082	11.5102	1.48805
2.2449	11.5102	1.47285
2.44898	11.5102	1.39767
2.65306	11.5102	1.32249
2.85714	11.5102	1.24731
3.06122	11.5102	1.17213
3.26531	11.5102	1.09695
3.46939	11.5102	1.03256
3.67347	11.5102	0.973547
3.87755	11.5102	0.914539
4.08163	11.5102	0.85553
4.28571	11.5102	0.796522
4.4898	11.5102	0.755697
4.69388	11.5102	0.778516
4.89796	11.5102	0.801335
5.10204	11.5102	0.824154
5.30612	11.5102	0.846973
5.5102	11.5102	0.869793
5.71429	11.5102	0.936507
5.91837	11.5102	1.01576
6.12245	11.5102	1.09502
6.32653	11.5102	1.17428
6.53061	11.5102	1.25353
6.73469	11.5102	1.32221
6.93878	11.5102	1.36972
7.14286	11.5102	1.41722
7.34694	11.5102	1.46473
7.55102	11.5102	1.51224
7.7551	11.5102	1.55975
7.95918	11.5102	1.53205
8.16327	11.5102	1.49495
8.36735	11.5102	1.45784
8.57143	11.5102	1.42074
8.77551	11.5102	1.38364
8.97959	11.5102	1.32728
9.18367	11.5102	1.24685
9.38776	11.5102	1.16642
9.59184	11.5102	1.086
9.79592	11.5102	1.00557
10	11.5102	0.925137

0	11.7551	1.17551
0.204082	11.7551	1.27914
0.408163	11.7551	1.38276
0.612245	11.7551	1.48639
0.816327	11.7551	1.59001
1.02041	11.7551	1.69364
1.22449	11.7551	1.73321
1.42857	11.7551	1.72153
1.63265	11.7551	1.70986
1.83673	11.7551	1.69818
2.04082	11.7551	1.6865
2.2449	11.7551	1.66346
2.44898	11.7551	1.54948
2.65306	11.7551	1.43549
2.85714	11.7551	1.32151
3.06122	11.7551	1.20752
3.26531	11.7551	1.09354
3.46939	11.7551	0.995897
3.67347	11.7551	0.906429
3.87755	11.7551	0.816962
4.08163	11.7551	0.727495
4.28571	11.7551	0.638027
4.4898	11.7551	0.57613
4.69388	11.7551	0.610728
4.89796	11.7551	0.645326
5.10204	11.7551	0.679923
5.30612	11.7551	0.714521
5.5102	11.7551	0.749119
5.71429	11.7551	0.850271
5.91837	11.7551	0.970438
6.12245	11.7551	1.0906
6.32653	11.7551	1.21077
6.53061	11.7551	1.33094
6.73469	11.7551	1.43506
6.93878	11.7551	1.50709
7.14286	11.7551	1.57912
7.34694	11.7551	1.65115
7.55102	11.7551	1.72318
7.7551	11.7551	1.79521
7.95918	11.7551	1.75321
8.16327	11.7551	1.69696
8.36735	11.7551	1.64071
8.57143	11.7551	1.58446
8.77551	11.7551	1.5282
8.97959	11.7551	1.44276
9.18367	11.7551	1.32081
9.38776	11.7551	1.19887
9.59184	11.7551	1.07692
9.79592	11.7551	0.954976
10	11.7551	0.833031

0	12	1.2
0.204082	12	1.3389
0.408163	12	1.47781
0.612245	12	1.61671
0.816327	12	1.75562
1.02041	12	1.89452
1.22449	12	1.94756
1.42857	12	1.93191
1.63265	12	1.91626
1.83673	12	1.90061
2.04082	12	1.88496
2.2449	12	1.85407
2.44898	12	1.70128
2.65306	12	1.54849
2.85714	12	1.3957
3.06122	12	1.24291
3.26531	12	1.09012
3.46939	12	0.959238
3.67347	12	0.839312
3.87755	12	0.719385
4.08163	12	0.599459
4.28571	12	0.479533
4.4898	12	0.396563
4.69388	12	0.44294
4.89796	12	0.489316
5.10204	12	0.535693
5.30612	12	0.582069
5.5102	12	0.628446
5.71429	12	0.764034
5.91837	12	0.925111
6.12245	12	1.08619
6.32653	12	1.24727
6.53061	12	1.40834
6.73469	12	1.54791
6.93878	12	1.64447
7.14286	12	1.74102
7.34694	12	1.83757
7.55102	12	1.93412
7.7551	12	2.03068
7.95918	12	1.97438
8.16327	12	1.89898
8.36735	12	1.82357
8.57143	12	1.74817
8.77551	12	1.67277
8.97959	12	1.55823
9.18367	12	1.39477
9.38776	12	1.23131
9.59184	12	1.06785
9.79592	12	0.904386
10	12	0.740926
