x	 y 	 value
0	0	0
0	0.244898	0.0244898
0	0.489796	0.0489796
0	0.734694	0.0734694
0	0.979592	0.0979592
0	1.22449	0.122449
0	1.46939	0.146939
0	1.71429	0.171429
0	1.95918	0.195918
0	2.20408	0.220408
0	2.44898	0.244898
0	2.69388	0.269388
0	2.93878	0.293878
0	3.18367	0.318367
0	3.42857	0.342857
0	3.67347	0.367347
0	3.91837	0.391837
0	4.16327	0.416327
0	4.40816	0.440816
0	4.65306	0.465306
0	4.89796	0.489796
0	5.14286	0.514286
0	5.38776	0.538776
0	5.63265	0.563265
0	5.87755	0.587755
0	6.12245	0.612245
0	6.36735	0.636735
0	6.61224	0.661224
0	6.85714	0.685714
0	7.10204	0.710204
0	7.34694	0.734694
0	7.59184	0.759184
0	7.83673	0.783673
0	8.08163	0.808163
0	8.32653	0.832653
0	8.57143	0.857143
0	8.81633	0.881633
0	9.06122	0.906122
0	9.30612	0.930612
0	9.55102	0.955102
0	9.79592	0.979592
0	10.0408	1.00408
0	10.2857	1.02857
0	10.5306	1.05306
0	10.7755	1.07755
0	11.0204	1.10204
0	11.2653	1.12653
0	11.5102	1.15102
0	11.7551	1.17551
0	12	1.2
0.204082	0	0.202668
0.204082	0.244898	0.221111
0.204082	0.489796	0.22782
0.204082	0.734694	0.223856
0.204082	0.979592	0.210918
0.204082	1.22449	0.19124
0.204082	1.46939	0.167456
0.204082	1.71429	0.142448
0.204082	1.95918	0.119169
0.204082	2.20408	0.10047
0.204082	2.44898	0.0889288
0.204082	2.69388	0.0866951
0.204082	2.93878	0.0953637
0.204082	3.18367	0.115879
0.204082	3.42857	0.148478
0.204082	3.67347	0.192676
0.204082	3.91837	0.247298
0.204082	4.16327	0.310546
0.204082	4.40816	0.380106
0.204082	4.65306	0.453289
0.204082	4.89796	0.52719
0.204082	5.14286	0.598858
0.204082	5.38776	0.66548
0.204082	5.63265	0.724541
0.204082	5.87755	0.773977
0.204082	6.12245	0.8123
0.204082	6.36735	0.838685
0.204082	6.61224	0.853019
0.204082	6.85714	0.855906
0.204082	7.10204	0.848638
0.204082	7.34694	0.833108
0.204082	7.59184	0.811706
0.204082	7.83673	0.787169
0.204082	8.08163	0.762423
0.204082	8.32653	0.740407
0.204082	8.57143	0.723896
0.204082	8.81633	0.715337
0.204082	9.06122	0.716701
0.204082	9.30612	0.729369
0.204082	9.55102	0.754047
0.204082	9.79592	0.790723
0.204082	10.0408	0.838669
0.204082	10.2857	0.896487
0.204082	10.5306	0.962187
0.204082	10.7755	1.03331
0.204082	11.0204	1.10707
0.204082	11.2653	1.18054
0.204082	11.5102	1.25078
0.204082	11.7551	1.31506
0.204082	12	1.37102
0.408163	0	0.396924
0.408163	0.244898	0.409571
0.408163	0.489796	0.399237
0.408163	0.734694	0.368001
0.408163	0.979592	0.319189
0.408163	1.22449	0.257175
0.408163	1.46939	0.187121
0.408163	1.71429	0.114669
0.408163	1.95918	0.0456046
0.408163	2.20408	-0.01449
0.408163	2.44898	-0.060567
0.408163	2.69388	-0.088415
0.408163	2.93878	-0.0949108
0.408163	3.18367	-0.0782054
0.408163	3.42857	-0.0378342
0.408163	3.67347	0.0252552
0.408163	3.91837	0.108759
0.408163	4.16327	0.209156
0.408163	4.40816	0.321916
0.408163	4.65306	0.441771
0.408163	4.89796	0.563031
0.408163	5.14286	0.679921
0.408163	5.38776	0.786926
0.408163	5.63265	0.879122
0.408163	5.87755	0.95247
0.408163	6.12245	1.00405
0.408163	6.36735	1.03225
0.408163	6.61224	1.03685
0.408163	6.85714	1.01903
0.408163	7.10204	0.981326
0.408163	7.34694	0.927438
0.408163	7.59184	0.862048
0.408163	7.83673	0.790519
0.408163	8.08163	0.718582
0.408163	8.32653	0.65199
0.408163	8.57143	0.59618
0.408163	8.81633	0.555943
0.408163	9.06122	0.535142
0.408163	9.30612	0.536479
0.408163	9.55102	0.561337
0.408163	9.79592	0.609693
0.408163	10.0408	0.680122
0.408163	10.2857	0.769885
0.408163	10.5306	0.875085
0.408163	10.7755	0.990906
0.408163	11.0204	1.1119
0.408163	11.2653	1.2323
0.408163	11.5102	1.34639
0.408163	11.7551	1.44882
0.408163	12	1.53495
0.612245	0	0.574706
0.612245	0.244898	0.582048
0.612245	0.489796	0.556117
0.612245	0.734694	0.499922
0.612245	0.979592	0.418278
0.612245	1.22449	0.317519
0.612245	1.46939	0.205119
0.612245	1.71429	0.089247
0.612245	1.95918	-0.0217207
0.612245	2.20408	-0.119701
0.612245	2.44898	-0.197384
0.612245	2.69388	-0.248674
0.612245	2.93878	-0.269049
0.612245	3.18367	-0.25583
0.612245	3.42857	-0.208345
0.612245	3.67347	-0.127967
0.612245	3.91837	-0.018031
0.612245	4.16327	0.116364
0.612245	4.40816	0.268661
0.612245	4.65306	0.43123
0.612245	4.89796	0.595833
0.612245	5.14286	0.754108
0.612245	5.38776	0.898072
0.612245	5.63265	1.02059
0.612245	5.87755	1.11583
0.612245	6.12245	1.17954
0.612245	6.36735	1.20941
0.612245	6.61224	1.2051
0.612245	6.85714	1.16833
0.612245	7.10204	1.10276
0.612245	7.34694	1.01377
0.612245	7.59184	0.90812
0.612245	7.83673	0.793585
0.612245	8.08163	0.678458
0.612245	8.32653	0.571071
0.612245	8.57143	0.479295
0.612245	8.81633	0.410067
0.612245	9.06122	0.36898
0.612245	9.30612	0.359947
0.612245	9.55102	0.38497
0.612245	9.79592	0.444015
0.612245	10.0408	0.535022
0.612245	10.2857	0.65402
0.612245	10.5306	0.795369
0.612245	10.7755	0.952097
0.612245	11.0204	1.11631
0.612245	11.2653	1.27967
0.612245	11.5102	1.4339
0.612245	11.7551	1.57124
0.612245	12	1.68497
0.816327	0	0.728635
0.816327	0.244898	0.731384
0.816327	0.489796	0.691948
0.816327	0.734694	0.614143
0.816327	0.979592	0.504072
0.816327	1.22449	0.369767
0.816327	1.46939	0.220702
0.816327	1.71429	0.0672356
0.816327	1.95918	-0.080013
0.816327	2.20408	-0.210795
0.816327	2.44898	-0.315845
0.816327	2.69388	-0.387432
0.816327	2.93878	-0.419822
0.816327	3.18367	-0.409622
0.816327	3.42857	-0.355979
0.816327	3.67347	-0.260632
0.816327	3.91837	-0.12781
0.816327	4.16327	0.0360229
0.816327	4.40816	0.22255
0.816327	4.65306	0.422103
0.816327	4.89796	0.624234
0.816327	5.14286	0.818342
0.816327	5.38776	0.994306
0.816327	5.63265	1.14308
0.816327	5.87755	1.25726
0.816327	6.12245	1.33149
0.816327	6.36735	1.36279
0.816327	6.61224	1.35077
0.816327	6.85714	1.29759
0.816327	7.10204	1.2079
0.816327	7.34694	1.08851
0.816327	7.59184	0.948011
0.816327	7.83673	0.79624
0.816327	8.08163	0.643718
0.816327	8.32653	0.50101
0.816327	8.57143	0.378092
0.816327	8.81633	0.283763
0.816327	9.06122	0.225112
0.816327	9.30612	0.207101
0.816327	9.55102	0.232266
0.816327	9.79592	0.300567
0.816327	10.0408	0.409389
0.816327	10.2857	0.5537
0.816327	10.5306	0.726349
0.816327	10.7755	0.918496
0.816327	11.0204	1.12013
0.816327	11.2653	1.32069
0.816327	11.5102	1.50966
0.816327	11.7551	1.67723
0.816327	12	1.81486
1.02041	0	0.852322
1.02041	0.244898	0.85138
1.02041	0.489796	0.801093
1.02041	0.734694	0.705923
1.02041	0.979592	0.57301
1.02041	1.22449	0.411749
1.02041	1.46939	0.233223
1.02041	1.71429	0.0495487
1.02041	1.95918	-0.126853
1.02041	2.20408	-0.283992
1.02041	2.44898	-0.411032
1.02041	2.69388	-0.498928
1.02041	2.93878	-0.540974
1.02041	3.18367	-0.5332
1.02041	3.42857	-0.474607
1.02041	3.67347	-0.367232
1.02041	3.91837	-0.21602
1.02041	4.16327	-0.0285341
1.02041	4.40816	0.1855
1.02041	4.65306	0.414769
1.02041	4.89796	0.647055
1.02041	5.14286	0.869956
1.02041	5.38776	1.07163
1.02041	5.63265	1.24151
1.02041	5.87755	1.37091
1.02041	6.12245	1.45358
1.02041	6.36735	1.48604
1.02041	6.61224	1.46782
1.02041	6.85714	1.40146
1.02041	7.10204	1.29239
1.02041	7.34694	1.14858
1.02041	7.59184	0.980065
1.02041	7.83673	0.798373
1.02041	8.08163	0.615803
1.02041	8.32653	0.444713
1.02041	8.57143	0.296773
1.02041	8.81633	0.182274
1.02041	9.06122	0.109509
1.02041	9.30612	0.0842836
1.02041	9.55102	0.109563
1.02041	9.79592	0.185301
1.02041	10.0408	0.308439
1.02041	10.2857	0.47309
1.02041	10.5306	0.67089
1.02041	10.7755	0.891496
1.02041	11.0204	1.12321
1.02041	11.2653	1.35365
1.02041	11.5102	1.57054
1.02041	11.7551	1.7624
1.02041	12	1.91923
1.22449	0	0.940633
1.22449	0.244898	0.937056
1.22449	0.489796	0.879021
1.22449	0.734694	0.771453
1.22449	0.979592	0.622232
1.22449	1.22449	0.441724
1.22449	1.46939	0.242164
1.22449	1.71429	0.0369204
1.22449	1.95918	-0.160296
1.22449	2.20408	-0.336255
1.22449	2.44898	-0.478994
1.22449	2.69388	-0.578535
1.22449	2.93878	-0.627475
1.22449	3.18367	-0.621433
1.22449	3.42857	-0.559307
1.22449	3.67347	-0.443344
1.22449	3.91837	-0.279002
1.22449	4.16327	-0.0746273
1.22449	4.40816	0.159046
1.22449	4.65306	0.409533
1.22449	4.89796	0.663349
1.22449	5.14286	0.906808
1.22449	5.38776	1.12684
1.22449	5.63265	1.31178
1.22449	5.87755	1.45206
1.22449	6.12245	1.54075
1.22449	6.36735	1.57404
1.22449	6.61224	1.55139
1.22449	6.85714	1.47562
1.22449	7.10204	1.35271
1.22449	7.34694	1.19146
1.22449	7.59184	1.00295
1.22449	7.83673	0.799896
1.22449	8.08163	0.595872
1.22449	8.32653	0.404517
1.22449	8.57143	0.238711
1.22449	8.81633	0.109811
1.22449	9.06122	0.0269702
1.22449	9.30612	-0.00340666
1.22449	9.55102	0.0219548
1.22449	9.79592	0.103003
1.22449	10.0408	0.236362
1.22449	10.2857	0.415535
1.22449	10.5306	0.631292
1.22449	10.7755	0.872218
1.22449	11.0204	1.1254
1.22449	11.2653	1.37718
1.22449	11.5102	1.61401
1.22449	11.7551	1.82321
1.22449	12	1.99376
1.42857	0	0.989903
1.42857	0.244898	0.984856
1.42857	0.489796	0.922499
1.42857	0.734694	0.808013
1.42857	0.979592	0.649693
1.42857	1.22449	0.458448
1.42857	1.46939	0.247151
1.42857	1.71429	0.0298749
1.42857	1.95918	-0.178954
1.42857	2.20408	-0.365413
1.42857	2.44898	-0.516912
1.42857	2.69388	-0.622949
1.42857	2.93878	-0.675735
1.42857	3.18367	-0.670659
1.42857	3.42857	-0.606562
1.42857	3.67347	-0.485808
1.42857	3.91837	-0.31414
1.42857	4.16327	-0.100343
1.42857	4.40816	0.144286
1.42857	4.65306	0.406612
1.42857	4.89796	0.67244
1.42857	5.14286	0.927369
1.42857	5.38776	1.15765
1.42857	5.63265	1.35099
1.42857	5.87755	1.49733
1.42857	6.12245	1.58939
1.42857	6.36735	1.62313
1.42857	6.61224	1.59802
1.42857	6.85714	1.51699
1.42857	7.10204	1.38636
1.42857	7.34694	1.21539
1.42857	7.59184	1.01572
1.42857	7.83673	0.800745
1.42857	8.08163	0.584752
1.42857	8.32653	0.382091
1.42857	8.57143	0.206318
1.42857	8.81633	0.0693834
1.42857	9.06122	-0.0190797
1.42857	9.30612	-0.0523305
1.42857	9.55102	-0.0269234
1.42857	9.79592	0.057087
1.42857	10.0408	0.196149
1.42857	10.2857	0.383424
1.42857	10.5306	0.6092
1.42857	10.7755	0.861463
1.42857	11.0204	1.12662
1.42857	11.2653	1.39031
1.42857	11.5102	1.63826
1.42857	11.7551	1.85714
1.42857	12	2.03533
1.63265	0	0.998087
1.63265	0.244898	0.992796
1.63265	0.489796	0.929721
1.63265	0.734694	0.814086
1.63265	0.979592	0.654255
1.63265	1.22449	0.461226
1.63265	1.46939	0.24798
1.63265	1.71429	0.0287046
1.63265	1.95918	-0.182054
1.63265	2.20408	-0.370256
1.63265	2.44898	-0.52321
1.63265	2.69388	-0.630327
1.63265	2.93878	-0.683752
1.63265	3.18367	-0.678837
1.63265	3.42857	-0.614412
1.63265	3.67347	-0.492862
1.63265	3.91837	-0.319977
1.63265	4.16327	-0.104615
1.63265	4.40816	0.141835
1.63265	4.65306	0.406127
1.63265	4.89796	0.67395
1.63265	5.14286	0.930784
1.63265	5.38776	1.16276
1.63265	5.63265	1.3575
1.63265	5.87755	1.50485
1.63265	6.12245	1.59747
1.63265	6.36735	1.63129
1.63265	6.61224	1.60576
1.63265	6.85714	1.52387
1.63265	7.10204	1.39196
1.63265	7.34694	1.21936
1.63265	7.59184	1.01784
1.63265	7.83673	0.800887
1.63265	8.08163	0.582905
1.63265	8.32653	0.378366
1.63265	8.57143	0.200937
1.63265	8.81633	0.0626678
1.63265	9.06122	-0.0267292
1.63265	9.30612	-0.0604574
1.63265	9.55102	-0.0350427
1.63265	9.79592	0.0494598
1.63265	10.0408	0.189469
1.63265	10.2857	0.37809
1.63265	10.5306	0.60553
1.63265	10.7755	0.859676
1.63265	11.0204	1.12682
1.63265	11.2653	1.39249
1.63265	11.5102	1.64229
1.63265	11.7551	1.86277
1.63265	12	2.04224
1.83673	0	0.964846
1.83673	0.244898	0.960547
1.83673	0.489796	0.900388
1.83673	0.734694	0.78942
1.83673	0.979592	0.635727
1.83673	1.22449	0.449943
1.83673	1.46939	0.244615
1.83673	1.71429	0.033458
1.83673	1.95918	-0.169465
1.83673	2.20408	-0.350584
1.83673	2.44898	-0.497629
1.83673	2.69388	-0.600362
1.83673	2.93878	-0.651192
1.83673	3.18367	-0.645625
1.83673	3.42857	-0.58253
1.83673	3.67347	-0.464212
1.83673	3.91837	-0.296271
1.83673	4.16327	-0.0872653
1.83673	4.40816	0.151792
1.83673	4.65306	0.408098
1.83673	4.89796	0.667817
1.83673	5.14286	0.916913
1.83673	5.38776	1.14198
1.83673	5.63265	1.33105
1.83673	5.87755	1.47431
1.83673	6.12245	1.56465
1.83673	6.36735	1.59817
1.83673	6.61224	1.5743
1.83673	6.85714	1.49595
1.83673	7.10204	1.36925
1.83673	7.34694	1.20322
1.83673	7.59184	1.00923
1.83673	7.83673	0.800313
1.83673	8.08163	0.590407
1.83673	8.32653	0.393496
1.83673	8.57143	0.222792
1.83673	8.81633	0.0899433
1.83673	9.06122	0.00433934
1.83673	9.30612	-0.0274499
1.83673	9.55102	-0.00206602
1.83673	9.79592	0.0804377
1.83673	10.0408	0.216599
1.83673	10.2857	0.399754
1.83673	10.5306	0.620435
1.83673	10.7755	0.866933
1.83673	11.0204	1.126
1.83673	11.2653	1.38364
1.83673	11.5102	1.62593
1.83673	11.7551	1.83988
1.83673	12	2.01419
2.04082	0	0.891559
2.04082	0.244898	0.889447
2.04082	0.489796	0.835717
2.04082	0.734694	0.735038
2.04082	0.979592	0.59488
2.04082	1.22449	0.425067
2.04082	1.46939	0.237196
2.04082	1.71429	0.0439378
2.04082	1.95918	-0.141712
2.04082	2.20408	-0.307213
2.04082	2.44898	-0.441228
2.04082	2.69388	-0.534298
2.04082	2.93878	-0.579407
2.04082	3.18367	-0.572403
2.04082	3.42857	-0.51224
2.04082	3.67347	-0.401049
2.04082	3.91837	-0.244004
2.04082	4.16327	-0.0490138
2.04082	4.40816	0.173746
2.04082	4.65306	0.412443
2.04082	4.89796	0.654295
2.04082	5.14286	0.88633
2.04082	5.38776	1.09616
2.04082	5.63265	1.27273
2.04082	5.87755	1.40697
2.04082	6.12245	1.49231
2.04082	6.36735	1.52514
2.04082	6.61224	1.50495
2.04082	6.85714	1.43441
2.04082	7.10204	1.31919
2.04082	7.34694	1.16763
2.04082	7.59184	0.990234
2.04082	7.83673	0.799049
2.04082	8.08163	0.606947
2.04082	8.32653	0.426853
2.04082	8.57143	0.270976
2.04082	8.81633	0.150078
2.04082	9.06122	0.0728363
2.04082	9.30612	0.0453218
2.04082	9.55102	0.0706378
2.04082	9.79592	0.148735
2.04082	10.0408	0.276414
2.04082	10.2857	0.447518
2.04082	10.5306	0.653296
2.04082	10.7755	0.882931
2.04082	11.0204	1.12418
2.04082	11.2653	1.36411
2.04082	11.5102	1.58986
2.04082	11.7551	1.78942
2.04082	12	1.95235
2.2449	0	0.781268
2.2449	0.244898	0.782446
2.2449	0.489796	0.738393
2.2449	0.734694	0.653198
2.2449	0.979592	0.533408
2.2449	1.22449	0.387632
2.2449	1.46939	0.22603
2.2449	1.71429	0.0597092
2.2449	1.95918	-0.099945
2.2449	2.20408	-0.241943
2.2449	2.44898	-0.35635
2.2449	2.69388	-0.434877
2.2449	2.93878	-0.471377
2.2449	3.18367	-0.462209
2.2449	3.42857	-0.40646
2.2449	3.67347	-0.305994
2.2449	3.91837	-0.165347
2.2449	4.16327	0.00855155
2.2449	4.40816	0.206784
2.2449	4.65306	0.418982
2.2449	4.89796	0.633945
2.2449	5.14286	0.840306
2.2449	5.38776	1.02721
2.2449	5.63265	1.18497
2.2449	5.87755	1.30563
2.2449	6.12245	1.38344
2.2449	6.36735	1.41524
2.2449	6.61224	1.40057
2.2449	6.85714	1.34179
2.2449	7.10204	1.24386
2.2449	7.34694	1.11407
2.2449	7.59184	0.961651
2.2449	7.83673	0.797147
2.2449	8.08163	0.631839
2.2449	8.32653	0.477053
2.2449	8.57143	0.343488
2.2449	8.81633	0.240576
2.2449	9.06122	0.175919
2.2449	9.30612	0.154838
2.2449	9.55102	0.180051
2.2449	9.79592	0.251517
2.2449	10.0408	0.366431
2.2449	10.2857	0.519397
2.2449	10.5306	0.702749
2.2449	10.7755	0.907006
2.2449	11.0204	1.12144
2.2449	11.2653	1.33472
2.2449	11.5102	1.53557
2.2449	11.7551	1.71348
2.2449	12	1.85928
2.44898	0	0.63855
2.44898	0.244898	0.643987
2.44898	0.489796	0.612455
2.44898	0.734694	0.547297
2.44898	0.979592	0.453863
2.44898	1.22449	0.33919
2.44898	1.46939	0.211582
2.44898	1.71429	0.0801175
2.44898	1.95918	-0.0458983
2.44898	2.20408	-0.157483
2.44898	2.44898	-0.246518
2.44898	2.69388	-0.306226
2.44898	2.93878	-0.331584
2.44898	3.18367	-0.319618
2.44898	3.42857	-0.269579
2.44898	3.67347	-0.182992
2.44898	3.91837	-0.0635634
2.44898	4.16327	0.0830416
2.44898	4.40816	0.249536
2.44898	4.65306	0.427445
2.44898	4.89796	0.607613
2.44898	5.14286	0.78075
2.44898	5.38776	0.937986
2.44898	5.63265	1.0714
2.44898	5.87755	1.17449
2.44898	6.12245	1.24256
2.44898	6.36735	1.27302
2.44898	6.61224	1.26551
2.44898	6.85714	1.22194
2.44898	7.10204	1.14637
2.44898	7.34694	1.04477
2.44898	7.59184	0.924666
2.44898	7.83673	0.794686
2.44898	8.08163	0.664049
2.44898	8.32653	0.542012
2.44898	8.57143	0.43732
2.44898	8.81633	0.35768
2.44898	9.06122	0.309308
2.44898	9.30612	0.296552
2.44898	9.55102	0.321633
2.44898	9.79592	0.384518
2.44898	10.0408	0.482914
2.44898	10.2857	0.612411
2.44898	10.5306	0.766742
2.44898	10.7755	0.93816
2.44898	11.0204	1.1179
2.44898	11.2653	1.29669
2.44898	11.5102	1.46532
2.44898	11.7551	1.6152
2.44898	12	1.73884
2.65306	0	0.46933
2.65306	0.244898	0.479816
2.65306	0.489796	0.46313
2.65306	0.734694	0.421729
2.65306	0.979592	0.359545
2.65306	1.22449	0.281752
2.65306	1.46939	0.194451
2.65306	1.71429	0.104316
2.65306	1.95918	0.0181849
2.65306	2.20408	-0.0573393
2.65306	2.44898	-0.116289
2.65306	2.69388	-0.153684
2.65306	2.93878	-0.165832
2.65306	3.18367	-0.150547
2.65306	3.42857	-0.107278
2.65306	3.67347	-0.037148
2.65306	3.91837	0.0571211
2.65306	4.16327	0.171365
2.65306	4.40816	0.300227
2.65306	4.65306	0.437478
2.65306	4.89796	0.576391
2.65306	5.14286	0.710135
2.65306	5.38776	0.832192
2.65306	5.63265	0.93674
2.65306	5.87755	1.019
2.65306	6.12245	1.07552
2.65306	6.36735	1.1044
2.65306	6.61224	1.10537
2.65306	6.85714	1.07984
2.65306	7.10204	1.03078
2.65306	7.34694	0.962598
2.65306	7.59184	0.880812
2.65306	7.83673	0.791768
2.65306	8.08163	0.70224
2.65306	8.32653	0.619034
2.65306	8.57143	0.548576
2.65306	8.81633	0.496532
2.65306	9.06122	0.467469
2.65306	9.30612	0.464583
2.65306	9.55102	0.489507
2.65306	9.79592	0.542217
2.65306	10.0408	0.621027
2.65306	10.2857	0.722696
2.65306	10.5306	0.842619
2.65306	10.7755	0.9751
2.65306	11.0204	1.11369
2.65306	11.2653	1.25159
2.65306	11.5102	1.38203
2.65306	11.7551	1.49868
2.65306	12	1.59605
2.85714	0	0.280629
2.85714	0.244898	0.296746
2.85714	0.489796	0.296615
2.85714	0.734694	0.281707
2.85714	0.979592	0.254371
2.85714	1.22449	0.217702
2.85714	1.46939	0.175348
2.85714	1.71429	0.131299
2.85714	1.95918	0.089645
2.85714	2.20408	0.0543328
2.85714	2.44898	0.0289312
2.85714	2.69388	0.0164176
2.85714	2.93878	0.0190002
2.85714	3.18367	0.0379864
2.85714	3.42857	0.0737045
2.85714	3.67347	0.125485
2.85714	3.91837	0.191698
2.85714	4.16327	0.269855
2.85714	4.40816	0.356753
2.85714	4.65306	0.448667
2.85714	4.89796	0.541574
2.85714	5.14286	0.631391
2.85714	5.38776	0.71422
2.85714	5.63265	0.786579
2.85714	5.87755	0.845612
2.85714	6.12245	0.889257
2.85714	6.36735	0.916371
2.85714	6.61224	0.926797
2.85714	6.85714	0.921375
2.85714	7.10204	0.90189
2.85714	7.34694	0.870966
2.85714	7.59184	0.83191
2.85714	7.83673	0.788513
2.85714	8.08163	0.744828
2.85714	8.32653	0.704923
2.85714	8.57143	0.672639
2.85714	8.81633	0.651367
2.85714	9.06122	0.643835
2.85714	9.30612	0.651956
2.85714	9.55102	0.676706
2.85714	9.79592	0.718069
2.85714	10.0408	0.775039
2.85714	10.2857	0.845678
2.85714	10.5306	0.92723
2.85714	10.7755	1.01629
2.85714	11.0204	1.10901
2.85714	11.2653	1.20131
2.85714	11.5102	1.28915
2.85714	11.7551	1.36875
2.85714	12	1.43681
3.06122	0	0.0802817
3.06122	0.244898	0.102376
3.06122	0.489796	0.119822
3.06122	0.734694	0.133041
3.06122	0.979592	0.142705
3.06122	1.22449	0.149699
3.06122	1.46939	0.155066
3.06122	1.71429	0.159948
3.06122	1.95918	0.165516
3.06122	2.20408	0.172898
3.06122	2.44898	0.183115
3.06122	2.69388	0.197019
3.06122	2.93878	0.215241
3.06122	3.18367	0.238157
3.06122	3.42857	0.265859
3.06122	3.67347	0.298156
3.06122	3.91837	0.334582
3.06122	4.16327	0.374424
3.06122	4.40816	0.416768
3.06122	4.65306	0.460546
3.06122	4.89796	0.504608
3.06122	5.14286	0.547787
3.06122	5.38776	0.588966
3.06122	5.63265	0.62715
3.06122	5.87755	0.661522
3.06122	6.12245	0.691492
3.06122	6.36735	0.716732
3.06122	6.61224	0.737199
3.06122	6.85714	0.753132
3.06122	7.10204	0.765041
3.06122	7.34694	0.773678
3.06122	7.59184	0.779989
3.06122	7.83673	0.785058
3.06122	8.08163	0.790045
3.06122	8.32653	0.796112
3.06122	8.57143	0.804361
3.06122	8.81633	0.815759
3.06122	9.06122	0.831088
3.06122	9.30612	0.850895
3.06122	9.55102	0.875459
3.06122	9.79592	0.904776
3.06122	10.0408	0.938558
3.06122	10.2857	0.97625
3.06122	10.5306	1.01706
3.06122	10.7755	1.06003
3.06122	11.0204	1.10403
3.06122	11.2653	1.14792
3.06122	11.5102	1.19054
3.06122	11.7551	1.23079
3.06122	12	1.26775
3.26531	0	-0.123398
3.26531	0.244898	-0.0952264
3.26531	0.489796	-0.0599105
3.26531	0.734694	-0.0180965
3.26531	0.979592	0.0291818
3.26531	1.22449	0.0805645
3.26531	1.46939	0.134447
3.26531	1.71429	0.189074
3.26531	1.95918	0.242649
3.26531	2.20408	0.293435
3.26531	2.44898	0.339863
3.26531	2.69388	0.380624
3.26531	2.93878	0.414746
3.26531	3.18367	0.441656
3.26531	3.42857	0.461209
3.26531	3.67347	0.473698
3.26531	3.91837	0.479842
3.26531	4.16327	0.480733
3.26531	4.40816	0.477781
3.26531	4.65306	0.472623
3.26531	4.89796	0.467028
3.26531	5.14286	0.462792
3.26531	5.38776	0.461629
3.26531	5.63265	0.46507
3.26531	5.87755	0.47437
3.26531	6.12245	0.490437
3.26531	6.36735	0.513773
3.26531	6.61224	0.544447
3.26531	6.85714	0.58209
3.26531	7.10204	0.625916
3.26531	7.34694	0.674772
3.26531	7.59184	0.727205
3.26531	7.83673	0.781545
3.26531	8.08163	0.836013
3.26531	8.32653	0.888819
3.26531	8.57143	0.938273
3.26531	8.81633	0.982885
3.26531	9.06122	1.02146
3.26531	9.30612	1.05314
3.26531	9.55102	1.07752
3.26531	9.79592	1.09459
3.26531	10.0408	1.1048
3.26531	10.2857	1.10899
3.26531	10.5306	1.10839
3.26531	10.7755	1.10449
3.26531	11.0204	1.09898
3.26531	11.2653	1.09365
3.26531	11.5102	1.09028
3.26531	11.7551	1.09054
3.26531	12	1.09587
3.46939	0	-0.321956
3.46939	0.244898	-0.28786
3.46939	0.489796	-0.235124
3.46939	0.734694	-0.165434
3.46939	0.979592	-0.0814869
3.46939	1.22449	0.0131687
3.46939	1.46939	0.114346
3.46939	1.71429	0.217468
3.46939	1.95918	0.317842
3.46939	2.20408	0.410941
3.46939	2.44898	0.492669
3.46939	2.69388	0.559612
3.46939	2.93878	0.609235
3.46939	3.18367	0.640039
3.46939	3.42857	0.651647
3.46939	3.67347	0.644827
3.46939	3.91837	0.621449
3.46939	4.16327	0.584368
3.46939	4.40816	0.53726
3.46939	4.65306	0.484396
3.46939	4.89796	0.430393
3.46939	5.14286	0.379935
3.46939	5.38776	0.337494
3.46939	5.63265	0.307065
3.46939	5.87755	0.291925
3.46939	6.12245	0.294439
3.46939	6.36735	0.315918
3.46939	6.61224	0.356542
3.46939	6.85714	0.415349
3.46939	7.10204	0.490289
3.46939	7.34694	0.578354
3.46939	7.59184	0.675748
3.46939	7.83673	0.778121
3.46939	8.08163	0.880826
3.46939	8.32653	0.979194
3.46939	8.57143	1.06882
3.46939	8.81633	1.14581
3.46939	9.06122	1.20704
3.46939	9.30612	1.2503
3.46939	9.55102	1.2745
3.46939	9.79592	1.27963
3.46939	10.0408	1.26685
3.46939	10.2857	1.2384
3.46939	10.5306	1.19742
3.46939	10.7755	1.14783
3.46939	11.0204	1.09405
3.46939	11.2653	1.04074
3.46939	11.5102	0.992549
3.46939	11.7551	0.953818
3.46939	12	0.928316
3.67347	0	-0.507152
3.67347	0.244898	-0.46753
3.67347	0.489796	-0.398546
3.67347	0.734694	-0.302855
3.67347	0.979592	-0.184708
3.67347	1.22449	-0.0496915
3.67347	1.46939	0.0955973
3.67347	1.71429	0.24395
3.67347	1.95918	0.387975
3.67347	2.20408	0.520539
3.67347	2.44898	0.635192
3.67347	2.69388	0.726554
3.67347	2.93878	0.790634
3.67347	3.18367	0.82507
3.67347	3.42857	0.829268
3.67347	3.67347	0.804439
3.67347	3.91837	0.753526
3.67347	4.16327	0.681029
3.67347	4.40816	0.592736
3.67347	4.65306	0.495377
3.67347	4.89796	0.396223
3.67347	5.14286	0.302653
3.67347	5.38776	0.221713
3.67347	5.63265	0.159693
3.67347	5.87755	0.121758
3.67347	6.12245	0.111631
3.67347	6.36735	0.131378
3.67347	6.61224	0.181283
3.67347	6.85714	0.259829
3.67347	7.10204	0.36379
3.67347	7.34694	0.488424
3.67347	7.59184	0.627754
3.67347	7.83673	0.774927
3.67347	8.08163	0.922622
3.67347	8.32653	1.06349
3.67347	8.57143	1.19058
3.67347	8.81633	1.29777
3.67347	9.06122	1.38013
3.67347	9.30612	1.4342
3.67347	9.55102	1.45822
3.67347	9.79592	1.45221
3.67347	10.0408	1.41801
3.67347	10.2857	1.3591
3.67347	10.5306	1.28046
3.67347	10.7755	1.18826
3.67347	11.0204	1.08945
3.67347	11.2653	0.991388
3.67347	11.5102	0.901394
3.67347	11.7551	0.826296
3.67347	12	0.772038
3.87755	0	-0.671298
3.87755	0.244898	-0.626778
3.87755	0.489796	-0.543393
3.87755	0.734694	-0.424658
3.87755	0.979592	-0.276196
3.87755	1.22449	-0.105407
3.87755	1.46939	0.07898
3.87755	1.71429	0.267422
3.87755	1.95918	0.450136
3.87755	2.20408	0.61768
3.87755	2.44898	0.761515
3.87755	2.69388	0.874522
3.87755	2.93878	0.951416
3.87755	3.18367	0.989071
3.87755	3.42857	0.986701
3.87755	3.67347	0.94591
3.87755	3.91837	0.870592
3.87755	4.16327	0.766704
3.87755	4.40816	0.641907
3.87755	4.65306	0.505109
3.87755	4.89796	0.365937
3.87755	5.14286	0.234156
3.87755	5.38776	0.119091
3.87755	5.63265	0.0290723
3.87755	5.87755	-0.0290684
3.87755	6.12245	-0.0503997
3.87755	6.36735	-0.032187
3.87755	6.61224	0.0259441
3.87755	6.85714	0.121986
3.87755	7.10204	0.251669
3.87755	7.34694	0.408716
3.87755	7.59184	0.585215
3.87755	7.83673	0.772096
3.87755	8.08163	0.959668
3.87755	8.32653	1.1382
3.87755	8.57143	1.2985
3.87755	8.81633	1.43246
3.87755	9.06122	1.53354
3.87755	9.30612	1.59719
3.87755	9.55102	1.62106
3.87755	9.79592	1.60518
3.87755	10.0408	1.55198
3.87755	10.2857	1.46607
3.87755	10.5306	1.35406
3.87755	10.7755	1.22409
3.87755	11.0204	1.08537
3.87755	11.2653	0.947648
3.87755	11.5102	0.820599
3.87755	11.7551	0.713269
3.87755	12	0.633523
4.08163	0	-0.807582
4.08163	0.244898	-0.758995
4.08163	0.489796	-0.663654
4.08163	0.734694	-0.525785
4.08163	0.979592	-0.352156
4.08163	1.22449	-0.151665
4.08163	1.46939	0.0651834
4.08163	1.71429	0.286911
4.08163	1.95918	0.501747
4.08163	2.20408	0.698332
4.08163	2.44898	0.866397
4.08163	2.69388	0.997373
4.08163	2.93878	1.08491
4.08163	3.18367	1.12523
4.08163	3.42857	1.11741
4.08163	3.67347	1.06337
4.08163	3.91837	0.967786
4.08163	4.16327	0.837836
4.08163	4.40816	0.682731
4.08163	4.65306	0.51319
4.08163	4.89796	0.340791
4.08163	5.14286	0.177285
4.08163	5.38776	0.0338891
4.08163	5.63265	-0.0793772
4.08163	5.87755	-0.154293
4.08163	6.12245	-0.184927
4.08163	6.36735	-0.167989
4.08163	6.61224	-0.103028
4.08163	6.85714	0.00754048
4.08163	7.10204	0.158579
4.08163	7.34694	0.342537
4.08163	7.59184	0.549897
4.08163	7.83673	0.769746
4.08163	8.08163	0.990426
4.08163	8.32653	1.20023
4.08163	8.57143	1.3881
4.08163	8.81633	1.54428
4.08163	9.06122	1.66092
4.08163	9.30612	1.73252
4.08163	9.55102	1.75626
4.08163	9.79592	1.73219
4.08163	10.0408	1.66321
4.08163	10.2857	1.55489
4.08163	10.5306	1.41517
4.08163	10.7755	1.25384
4.08163	11.0204	1.08199
4.08163	11.2653	0.911332
4.08163	11.5102	0.753519
4.08163	11.7551	0.619426
4.08163	12	0.518519
4.28571	0	-0.910347
4.28571	0.244898	-0.858694
4.28571	0.489796	-0.754337
4.28571	0.734694	-0.602041
4.28571	0.979592	-0.409433
4.28571	1.22449	-0.186546
4.28571	1.46939	0.0547799
4.28571	1.71429	0.301606
4.28571	1.95918	0.540663
4.28571	2.20408	0.759148
4.28571	2.44898	0.945483
4.28571	2.69388	1.09001
4.28571	2.93878	1.18557
4.28571	3.18367	1.22791
4.28571	3.42857	1.21597
4.28571	3.67347	1.15194
4.28571	3.91837	1.04108
4.28571	4.16327	0.891473
4.28571	4.40816	0.713515
4.28571	4.65306	0.519283
4.28571	4.89796	0.321831
4.28571	5.14286	0.134401
4.28571	5.38776	-0.030358
4.28571	5.63265	-0.161154
4.28571	5.87755	-0.248719
4.28571	6.12245	-0.286367
4.28571	6.36735	-0.27039
4.28571	6.61224	-0.200279
4.28571	6.85714	-0.0787575
4.28571	7.10204	0.0883847
4.28571	7.34694	0.292635
4.28571	7.59184	0.523265
4.28571	7.83673	0.767974
4.28571	8.08163	1.01362
4.28571	8.32653	1.247
4.28571	8.57143	1.45566
4.28571	8.81633	1.6286
4.28571	9.06122	1.75697
4.28571	9.30612	1.83456
4.28571	9.55102	1.8582
4.28571	9.79592	1.82796
4.28571	10.0408	1.74708
4.28571	10.2857	1.62187
4.28571	10.5306	1.46125
4.28571	10.7755	1.27627
4.28571	11.0204	1.07944
4.28571	11.2653	0.883948
4.28571	11.5102	0.702936
4.28571	11.7551	0.548664
4.28571	12	0.4318
4.4898	0	-0.975328
4.4898	0.244898	-0.921737
4.4898	0.489796	-0.811678
4.4898	0.734694	-0.650259
4.4898	0.979592	-0.445651
4.4898	1.22449	-0.208603
4.4898	1.46939	0.0482016
4.4898	1.71429	0.310898
4.4898	1.95918	0.565272
4.4898	2.20408	0.797604
4.4898	2.44898	0.995491
4.4898	2.69388	1.14859
4.4898	2.93878	1.24921
4.4898	3.18367	1.29283
4.4898	3.42857	1.2783
4.4898	3.67347	1.20794
4.4898	3.91837	1.08742
4.4898	4.16327	0.925389
4.4898	4.40816	0.73298
4.4898	4.65306	0.523136
4.4898	4.89796	0.309841
4.4898	5.14286	0.107285
4.4898	5.38776	-0.0709833
4.4898	5.63265	-0.212863
4.4898	5.87755	-0.308428
4.4898	6.12245	-0.350511
4.4898	6.36735	-0.335141
4.4898	6.61224	-0.261774
4.4898	6.85714	-0.133326
4.4898	7.10204	0.0439987
4.4898	7.34694	0.26108
4.4898	7.59184	0.506425
4.4898	7.83673	0.766853
4.4898	8.08163	1.02828
4.4898	8.32653	1.27658
4.4898	8.57143	1.49839
4.4898	8.81633	1.68192
4.4898	9.06122	1.8177
4.4898	9.30612	1.89908
4.4898	9.55102	1.92267
4.4898	9.79592	1.88851
4.4898	10.0408	1.80012
4.4898	10.2857	1.66422
4.4898	10.5306	1.49039
4.4898	10.7755	1.29046
4.4898	11.0204	1.07782
4.4898	11.2653	0.866632
4.4898	11.5102	0.670952
4.4898	11.7551	0.50392
4.4898	12	0.376965
4.69388	0	-0.999829
4.69388	0.244898	-0.945506
4.69388	0.489796	-0.833298
4.69388	0.734694	-0.668439
4.69388	0.979592	-0.459307
4.69388	1.22449	-0.216919
4.69388	1.46939	0.0457213
4.69388	1.71429	0.314402
4.69388	1.95918	0.57455
4.69388	2.20408	0.812103
4.69388	2.44898	1.01435
4.69388	2.69388	1.17067
4.69388	2.93878	1.27321
4.69388	3.18367	1.31731
4.69388	3.42857	1.3018
4.69388	3.67347	1.22906
4.69388	3.91837	1.10489
4.69388	4.16327	0.938177
4.69388	4.40816	0.74032
4.69388	4.65306	0.524589
4.69388	4.89796	0.305321
4.69388	5.14286	0.0970609
4.69388	5.38776	-0.0863005
4.69388	5.63265	-0.23236
4.69388	5.87755	-0.33094
4.69388	6.12245	-0.374696
4.69388	6.36735	-0.359555
4.69388	6.61224	-0.28496
4.69388	6.85714	-0.153901
4.69388	7.10204	0.0272636
4.69388	7.34694	0.249183
4.69388	7.59184	0.500075
4.69388	7.83673	0.76643
4.69388	8.08163	1.03381
4.69388	8.32653	1.28773
4.69388	8.57143	1.51449
4.69388	8.81633	1.70203
4.69388	9.06122	1.8406
4.69388	9.30612	1.92341
4.69388	9.55102	1.94697
4.69388	9.79592	1.91135
4.69388	10.0408	1.82012
4.69388	10.2857	1.68019
4.69388	10.5306	1.50137
4.69388	10.7755	1.29581
4.69388	11.0204	1.07721
4.69388	11.2653	0.860103
4.69388	11.5102	0.658892
4.69388	11.7551	0.487049
4.69388	12	0.356291
4.89796	0	-0.982831
4.89796	0.244898	-0.929016
4.89796	0.489796	-0.818299
4.89796	0.734694	-0.655827
4.89796	0.979592	-0.449833
4.89796	1.22449	-0.211149
4.89796	1.46939	0.047442
4.89796	1.71429	0.311971
4.89796	1.95918	0.568113
4.89796	2.20408	0.802044
4.89796	2.44898	1.00127
4.89796	2.69388	1.15535
4.89796	2.93878	1.25656
4.89796	3.18367	1.30033
4.89796	3.42857	1.28549
4.89796	3.67347	1.21441
4.89796	3.91837	1.09277
4.89796	4.16327	0.929305
4.89796	4.40816	0.735228
4.89796	4.65306	0.523581
4.89796	4.89796	0.308457
4.89796	5.14286	0.104154
4.89796	5.38776	-0.075674
4.89796	5.63265	-0.218834
4.89796	5.87755	-0.315322
4.89796	6.12245	-0.357917
4.89796	6.36735	-0.342618
4.89796	6.61224	-0.268875
4.89796	6.85714	-0.139627
4.89796	7.10204	0.0388738
4.89796	7.34694	0.257437
4.89796	7.59184	0.50448
4.89796	7.83673	0.766723
4.89796	8.08163	1.02998
4.89796	8.32653	1.28
4.89796	8.57143	1.50332
4.89796	8.81633	1.68808
4.89796	9.06122	1.82471
4.89796	9.30612	1.90653
4.89796	9.55102	1.93011
4.89796	9.79592	1.89551
4.89796	10.0408	1.80624
4.89796	10.2857	1.66911
4.89796	10.5306	1.49375
4.89796	10.7755	1.2921
4.89796	11.0204	1.07764
4.89796	11.2653	0.864633
4.89796	11.5102	0.667258
4.89796	11.7551	0.498753
4.89796	12	0.370634
5.10204	0	-0.925041
5.10204	0.244898	-0.87295
5.10204	0.489796	-0.767304
5.10204	0.734694	-0.612945
5.10204	0.979592	-0.417623
5.10204	1.22449	-0.191534
5.10204	1.46939	0.0532923
5.10204	1.71429	0.303707
5.10204	1.95918	0.546228
5.10204	2.20408	0.767844
5.10204	2.44898	0.956791
5.10204	2.69388	1.10326
5.10204	2.93878	1.19996
5.10204	3.18367	1.24259
5.10204	3.42857	1.23007
5.10204	3.67347	1.1646
5.10204	3.91837	1.05156
5.10204	4.16327	0.899143
5.10204	4.40816	0.717917
5.10204	4.65306	0.520155
5.10204	4.89796	0.319119
5.10204	5.14286	0.128269
5.10204	5.38776	-0.0395447
5.10204	5.63265	-0.172847
5.10204	5.87755	-0.262221
5.10204	6.12245	-0.300872
5.10204	6.36735	-0.285032
5.10204	6.61224	-0.214185
5.10204	6.85714	-0.0910973
5.10204	7.10204	0.0783476
5.10204	7.34694	0.285499
5.10204	7.59184	0.519457
5.10204	7.83673	0.76772
5.10204	8.08163	1.01694
5.10204	8.32653	1.25369
5.10204	8.57143	1.46532
5.10204	8.81633	1.64066
5.10204	9.06122	1.7707
5.10204	9.30612	1.84915
5.10204	9.55102	1.87278
5.10204	9.79592	1.84165
5.10204	10.0408	1.75908
5.10204	10.2857	1.63145
5.10204	10.5306	1.46784
5.10204	10.7755	1.27948
5.10204	11.0204	1.07907
5.10204	11.2653	0.880032
5.10204	11.5102	0.695703
5.10204	11.7551	0.538546
5.10204	12	0.4194
5.30612	0	-0.828858
5.30612	0.244898	-0.779637
5.30612	0.489796	-0.682428
5.30612	0.734694	-0.541573
5.30612	0.979592	-0.364014
5.30612	1.22449	-0.158887
5.30612	1.46939	0.0630295
5.30612	1.71429	0.289953
5.30612	1.95918	0.509804
5.30612	2.20408	0.710923
5.30612	2.44898	0.88277
5.30612	2.69388	1.01655
5.30612	2.93878	1.10575
5.30612	3.18367	1.14649
5.30612	3.42857	1.13782
5.30612	3.67347	1.0817
5.30612	3.91837	0.98296
5.30612	4.16327	0.84894
5.30612	4.40816	0.689104
5.30612	4.65306	0.514452
5.30612	4.89796	0.336866
5.30612	5.14286	0.168406
5.30612	5.38776	0.0205877
5.30612	5.63265	-0.0963078
5.30612	5.87755	-0.173843
5.30612	6.12245	-0.205929
5.30612	6.36735	-0.189189
5.30612	6.61224	-0.123162
5.30612	6.85714	-0.0103263
5.30612	7.10204	0.144047
5.30612	7.34694	0.332205
5.30612	7.59184	0.544383
5.30612	7.83673	0.769379
5.30612	8.08163	0.995228
5.30612	8.32653	1.20991
5.30612	8.57143	1.40209
5.30612	8.81633	1.56174
5.30612	9.06122	1.68081
5.30612	9.30612	1.75364
5.30612	9.55102	1.77736
5.30612	9.79592	1.75202
5.30612	10.0408	1.68057
5.30612	10.2857	1.56876
5.30612	10.5306	1.42471
5.30612	10.7755	1.25848
5.30612	11.0204	1.08146
5.30612	11.2653	0.905662
5.30612	11.5102	0.743046
5.30612	11.7551	0.604776
5.30612	12	0.500565
5.5102	0	-0.698272
5.5102	0.244898	-0.652948
5.5102	0.489796	-0.567196
5.5102	0.734694	-0.444674
5.5102	0.979592	-0.291231
5.5102	1.22449	-0.114563
5.5102	1.46939	0.0762493
5.5102	1.71429	0.27128
5.5102	1.95918	0.460352
5.5102	2.20408	0.633643
5.5102	2.44898	0.782274
5.5102	2.69388	0.898837
5.5102	2.93878	0.977837
5.5102	3.18367	1.01602
5.5102	3.42857	1.01257
5.5102	3.67347	0.969158
5.5102	3.91837	0.889829
5.5102	4.16327	0.780783
5.5102	4.40816	0.649987
5.5102	4.65306	0.506709
5.5102	4.89796	0.36096
5.5102	5.14286	0.222899
5.5102	5.38776	0.102227
5.5102	5.63265	0.00760696
5.5102	5.87755	-0.0538541
5.5102	6.12245	-0.0770266
5.5102	6.36735	-0.0590662
5.5102	6.61224	0.000416742
5.5102	6.85714	0.0993339
5.5102	7.10204	0.233244
5.5102	7.34694	0.395617
5.5102	7.59184	0.578224
5.5102	7.83673	0.771631
5.5102	8.08163	0.965756
5.5102	8.32653	1.15048
5.5102	8.57143	1.31623
5.5102	8.81633	1.45459
5.5102	9.06122	1.55876
5.5102	9.30612	1.62397
5.5102	9.55102	1.64782
5.5102	9.79592	1.63032
5.5102	10.0408	1.57399
5.5102	10.2857	1.48365
5.5102	10.5306	1.36616
5.5102	10.7755	1.22998
5.5102	11.0204	1.0847
5.5102	11.2653	0.94046
5.5102	11.5102	0.807322
5.5102	11.7551	0.694694
5.5102	12	0.61076
5.71429	0	-0.538705
5.71429	0.244898	-0.498142
5.71429	0.489796	-0.42639
5.71429	0.734694	-0.326269
5.71429	0.979592	-0.202294
5.71429	1.22449	-0.0604016
5.71429	1.46939	0.092403
5.71429	1.71429	0.248462
5.71429	1.95918	0.399924
5.71429	2.20408	0.539212
5.71429	2.44898	0.659475
5.71429	2.69388	0.754997
5.71429	2.93878	0.821541
5.71429	3.18367	0.856596
5.71429	3.42857	0.859531
5.71429	3.67347	0.831634
5.71429	3.91837	0.77603
5.71429	4.16327	0.697498
5.71429	4.40816	0.602188
5.71429	4.65306	0.497248
5.71429	4.89796	0.390401
5.71429	5.14286	0.289486
5.71429	5.38776	0.201986
5.71429	5.63265	0.134584
5.71429	5.87755	0.0927645
5.71429	6.12245	0.0804837
5.71429	6.36735	0.0999362
5.71429	6.61224	0.151423
5.71429	6.85714	0.233332
5.71429	7.10204	0.342237
5.71429	7.34694	0.473102
5.71429	7.59184	0.619577
5.71429	7.83673	0.774383
5.71429	8.08163	0.929744
5.71429	8.32653	1.07785
5.71429	8.57143	1.21132
5.71429	8.81633	1.32366
5.71429	9.06122	1.40962
5.71429	9.30612	1.46553
5.71429	9.55102	1.48952
5.71429	9.79592	1.48162
5.71429	10.0408	1.44376
5.71429	10.2857	1.37966
5.71429	10.5306	1.29461
5.71429	10.7755	1.19515
5.71429	11.0204	1.08866
5.71429	11.2653	0.98298
5.71429	11.5102	0.885863
5.71429	11.7551	0.804569
5.71429	12	0.745411
5.91837	0	-0.356779
5.91837	0.244898	-0.321644
5.91837	0.489796	-0.265853
5.91837	0.734694	-0.191274
5.91837	0.979592	-0.100896
5.91837	1.22449	0.00134885
5.91837	1.46939	0.11082
5.91837	1.71429	0.222447
5.91837	1.95918	0.331029
5.91837	2.20408	0.431549
5.91837	2.44898	0.519468
5.91837	2.69388	0.591002
5.91837	2.93878	0.643344
5.91837	3.18367	0.674831
5.91837	3.42857	0.685045
5.91837	3.67347	0.67484
5.91837	3.91837	0.646284
5.91837	4.16327	0.602544
5.91837	4.40816	0.547691
5.91837	4.65306	0.486461
5.91837	4.89796	0.423968
5.91837	5.14286	0.365403
5.91837	5.38776	0.315723
5.91837	5.63265	0.279354
5.91837	5.87755	0.259928
5.91837	6.12245	0.260065
5.91837	6.36735	0.281218
5.91837	6.61224	0.323588
5.91837	6.85714	0.386106
5.91837	7.10204	0.466503
5.91837	7.34694	0.561444
5.91837	7.59184	0.666723
5.91837	7.83673	0.77752
5.91837	8.08163	0.888685
5.91837	8.32653	0.995044
5.91837	8.57143	1.09171
5.91837	8.81633	1.17438
5.91837	9.06122	1.23958
5.91837	9.30612	1.28488
5.91837	9.55102	1.30904
5.91837	9.79592	1.31208
5.91837	10.0408	1.29528
5.91837	10.2857	1.26109
5.91837	10.5306	1.21304
5.91837	10.7755	1.15543
5.91837	11.0204	1.09318
5.91837	11.2653	1.03146
5.91837	11.5102	0.975409
5.91837	11.7551	0.929839
5.91837	12	0.89893
6.12245	0	-0.160045
6.12245	0.244898	-0.13078
6.12245	0.489796	-0.0922488
6.12245	0.734694	-0.0452898
6.12245	0.979592	0.00875622
6.12245	1.22449	0.0681255
6.12245	1.46939	0.130737
6.12245	1.71429	0.194315
6.12245	1.95918	0.256527
6.12245	2.20408	0.315122
6.12245	2.44898	0.368065
6.12245	2.69388	0.413659
6.12245	2.93878	0.450642
6.12245	3.18367	0.478271
6.12245	3.42857	0.496357
6.12245	3.67347	0.505283
6.12245	3.91837	0.505977
6.12245	4.16327	0.49986
6.12245	4.40816	0.488759
6.12245	4.65306	0.474796
6.12245	4.89796	0.460266
6.12245	5.14286	0.447499
6.12245	5.38776	0.438718
6.12245	5.63265	0.435908
6.12245	5.87755	0.440697
6.12245	6.12245	0.454263
6.12245	6.36735	0.477256
6.12245	6.61224	0.509766
6.12245	6.85714	0.551315
6.12245	7.10204	0.600884
6.12245	7.34694	0.656977
6.12245	7.59184	0.717708
6.12245	7.83673	0.780913
6.12245	8.08163	0.844284
6.12245	8.32653	0.905499
6.12245	8.57143	0.962367
6.12245	8.81633	1.01296
6.12245	9.06122	1.05571
6.12245	9.30612	1.08953
6.12245	9.55102	1.11387
6.12245	9.79592	1.12874
6.12245	10.0408	1.13471
6.12245	10.2857	1.13288
6.12245	10.5306	1.12482
6.12245	10.7755	1.11249
6.12245	11.0204	1.09807
6.12245	11.2653	1.08388
6.12245	11.5102	1.07224
6.12245	11.7551	1.06531
6.12245	12	1.06495
6.32653	0	0.0433317
6.32653	0.244898	0.0665286
6.32653	0.489796	0.0872168
6.32653	0.734694	0.105623
6.32653	0.979592	0.122111
6.32653	1.22449	0.137157
6.32653	1.46939	0.151325
6.32653	1.71429	0.165232
6.32653	1.95918	0.179509
6.32653	2.20408	0.194765
6.32653	2.44898	0.211551
6.32653	2.69388	0.230327
6.32653	2.93878	0.251434
6.32653	3.18367	0.275074
6.32653	3.42857	0.301298
6.32653	3.67347	0.330001
6.32653	3.91837	0.360933
6.32653	4.16327	0.39371
6.32653	4.40816	0.427836
6.32653	4.65306	0.462737
6.32653	4.89796	0.497791
6.32653	5.14286	0.532368
6.32653	5.38776	0.565866
6.32653	5.63265	0.597747
6.32653	5.87755	0.627571
6.32653	6.12245	0.655018
6.32653	6.36735	0.679913
6.32653	6.61224	0.702231
6.32653	6.85714	0.722102
6.32653	7.10204	0.739802
6.32653	7.34694	0.755736
6.32653	7.59184	0.770413
6.32653	7.83673	0.784421
6.32653	8.08163	0.798384
6.32653	8.32653	0.81293
6.32653	8.57143	0.828654
6.32653	8.81633	0.846077
6.32653	9.06122	0.865623
6.32653	9.30612	0.887585
6.32653	9.55102	0.912115
6.32653	9.79592	0.93921
6.32653	10.0408	0.968715
6.32653	10.2857	1.00033
6.32653	10.5306	1.03363
6.32653	10.7755	1.06809
6.32653	11.0204	1.10312
6.32653	11.2653	1.13808
6.32653	11.5102	1.17235
6.32653	11.7551	1.20535
6.32653	12	1.23657
6.53061	0	0.24491
6.53061	0.244898	0.262092
6.53061	0.489796	0.265095
6.53061	0.734694	0.255201
6.53061	0.979592	0.234463
6.53061	1.22449	0.205578
6.53061	1.46939	0.171732
6.53061	1.71429	0.136407
6.53061	1.95918	0.103172
6.53061	2.20408	0.0754713
6.53061	2.44898	0.05642
6.53061	2.69388	0.0486164
6.53061	2.93878	0.0539874
6.53061	3.18367	0.0736741
6.53061	3.42857	0.107963
6.53061	3.67347	0.15627
6.53061	3.91837	0.217172
6.53061	4.16327	0.288498
6.53061	4.40816	0.367452
6.53061	4.65306	0.450785
6.53061	4.89796	0.534984
6.53061	5.14286	0.616486
6.53061	5.38776	0.691889
6.53061	5.63265	0.758155
6.53061	5.87755	0.812791
6.53061	6.12245	0.853998
6.53061	6.36735	0.880778
6.53061	6.61224	0.892994
6.53061	6.85714	0.89138
6.53061	7.10204	0.877492
6.53061	7.34694	0.853621
6.53061	7.59184	0.822653
6.53061	7.83673	0.787897
6.53061	8.08163	0.75289
6.53061	8.32653	0.72118
6.53061	8.57143	0.696124
6.53061	8.81633	0.680676
6.53061	9.06122	0.67722
6.53061	9.30612	0.687424
6.53061	9.55102	0.712141
6.53061	9.79592	0.751357
6.53061	10.0408	0.804192
6.53061	10.2857	0.868957
6.53061	10.5306	0.943246
6.53061	10.7755	1.02409
6.53061	11.0204	1.10812
6.53061	11.2653	1.19179
6.53061	11.5102	1.27157
6.53061	11.7551	1.34415
6.53061	12	1.40667
6.73469	0	0.436323
6.73469	0.244898	0.447794
6.73469	0.489796	0.434004
6.73469	0.734694	0.397237
6.73469	0.979592	0.341149
6.73469	1.22449	0.270548
6.73469	1.46939	0.19111
6.73469	1.71429	0.109035
6.73469	1.95918	0.0306843
6.73469	2.20408	-0.0378064
6.73469	2.44898	-0.0908879
6.73469	2.69388	-0.123931
6.73469	2.93878	-0.133503
6.73469	3.18367	-0.11757
6.73469	3.42857	-0.0756222
6.73469	3.67347	-0.00870137
6.73469	3.91837	0.0806604
6.73469	4.16327	0.188592
6.73469	4.40816	0.310114
6.73469	4.65306	0.439435
6.73469	4.89796	0.570301
6.73469	5.14286	0.696362
6.73469	5.38776	0.811558
6.73469	5.63265	0.910475
6.73469	5.87755	0.988672
6.73469	6.12245	1.04294
6.73469	6.36735	1.07151
6.73469	6.61224	1.07414
6.73469	6.85714	1.05212
6.73469	7.10204	1.00824
6.73469	7.34694	0.94657
6.73469	7.59184	0.872258
6.73469	7.83673	0.791198
6.73469	8.08163	0.70969
6.73469	8.32653	0.634057
6.73469	8.57143	0.570276
6.73469	8.81633	0.523614
6.73469	9.06122	0.498318
6.73469	9.30612	0.497357
6.73469	9.55102	0.522251
6.73469	9.79592	0.572976
6.73469	10.0408	0.647966
6.73469	10.2857	0.744207
6.73469	10.5306	0.857419
6.73469	10.7755	0.982305
6.73469	11.0204	1.11288
6.73469	11.2653	1.2428
6.73469	11.5102	1.36578
6.73469	11.7551	1.47595
6.73469	12	1.56819
6.93878	0	0.609627
6.93878	0.244898	0.615927
6.93878	0.489796	0.586932
6.93878	0.734694	0.525835
6.93878	0.979592	0.437742
6.93878	1.22449	0.329372
6.93878	1.46939	0.208654
6.93878	1.71429	0.0842534
6.93878	1.95918	-0.0349452
6.93878	2.20408	-0.140367
6.93878	2.44898	-0.224259
6.93878	2.69388	-0.280154
6.93878	2.93878	-0.303254
6.93878	3.18367	-0.29072
6.93878	3.42857	-0.241838
6.93878	3.67347	-0.158064
6.93878	3.91837	-0.042936
6.93878	4.16327	0.0981377
6.93878	4.40816	0.2582
6.93878	4.65306	0.42916
6.93878	4.89796	0.602276
6.93878	5.14286	0.768681
6.93878	5.38776	0.919904
6.93878	5.63265	1.04838
6.93878	5.87755	1.14791
6.93878	6.12245	1.21401
6.93878	6.36735	1.2442
6.93878	6.61224	1.23814
6.93878	6.85714	1.19765
6.93878	7.10204	1.12661
6.93878	7.34694	1.03073
6.93878	7.59184	0.91717
6.93878	7.83673	0.794187
6.93878	8.08163	0.670577
6.93878	8.32653	0.555177
6.93878	8.57143	0.456335
6.93878	8.81633	0.381413
6.93878	9.06122	0.336341
6.93878	9.30612	0.325272
6.93878	9.55102	0.350326
6.93878	9.79592	0.411472
6.93878	10.0408	0.50652
6.93878	10.2857	0.631261
6.93878	10.5306	0.779711
6.93878	10.7755	0.944474
6.93878	11.0204	1.11718
6.93878	11.2653	1.28898
6.93878	11.5102	1.45109
6.93878	11.7551	1.59529
6.93878	12	1.71444
7.14286	0	0.757628
7.14286	0.244898	0.759512
7.14286	0.489796	0.717533
7.14286	0.734694	0.635657
7.14286	0.979592	0.520232
7.14286	1.22449	0.379608
7.14286	1.46939	0.223637
7.14286	1.71429	0.0630896
7.14286	1.95918	-0.0909928
7.14286	2.20408	-0.227953
7.14286	2.44898	-0.338158
7.14286	2.69388	-0.413568
7.14286	2.93878	-0.448222
7.14286	3.18367	-0.43859
7.14286	3.42857	-0.383787
7.14286	3.67347	-0.28562
7.14286	3.91837	-0.148487
7.14286	4.16327	0.02089
7.14286	4.40816	0.213865
7.14286	4.65306	0.420384
7.14286	4.89796	0.629584
7.14286	5.14286	0.830441
7.14286	5.38776	1.01243
7.14286	5.63265	1.16616
7.14286	5.87755	1.2839
7.14286	6.12245	1.36011
7.14286	6.36735	1.39168
7.14286	6.61224	1.3782
7.14286	6.85714	1.32194
7.14286	7.10204	1.22771
7.14286	7.34694	1.10259
7.14286	7.59184	0.955525
7.14286	7.83673	0.79674
7.14286	8.08163	0.637174
7.14286	8.32653	0.487813
7.14286	8.57143	0.35903
7.14286	8.81633	0.259973
7.14286	9.06122	0.198013
7.14286	9.30612	0.178311
7.14286	9.55102	0.203503
7.14286	9.79592	0.273547
7.14286	10.0408	0.385725
7.14286	10.2857	0.534804
7.14286	10.5306	0.713349
7.14286	10.7755	0.912167
7.14286	11.0204	1.12085
7.14286	11.2653	1.32842
7.14286	11.5102	1.52393
7.14286	11.7551	1.6972
7.14286	12	1.83933
7.34694	0	0.874184
7.34694	0.244898	0.87259
7.34694	0.489796	0.820385
7.34694	0.734694	0.722146
7.34694	0.979592	0.585196
7.34694	1.22449	0.41917
7.34694	1.46939	0.235437
7.34694	1.71429	0.0464224
7.34694	1.95918	-0.135132
7.34694	2.20408	-0.296931
7.34694	2.44898	-0.427857
7.34694	2.69388	-0.518636
7.34694	2.93878	-0.562389
7.34694	3.18367	-0.555043
7.34694	3.42857	-0.495576
7.34694	3.67347	-0.386075
7.34694	3.91837	-0.231612
7.34694	4.16327	-0.0399452
7.34694	4.40816	0.17895
7.34694	4.65306	0.413473
7.34694	4.89796	0.651089
7.34694	5.14286	0.87908
7.34694	5.38776	1.0853
7.34694	5.63265	1.25891
7.34694	5.87755	1.391
7.34694	6.12245	1.47516
7.34694	6.36735	1.50782
7.34694	6.61224	1.48851
7.34694	6.85714	1.41982
7.34694	7.10204	1.30732
7.34694	7.34694	1.15919
7.34694	7.59184	0.985731
7.34694	7.83673	0.79875
7.34694	8.08163	0.610869
7.34694	8.32653	0.434762
7.34694	8.57143	0.282399
7.34694	8.81633	0.164335
7.34694	9.06122	0.0890756
7.34694	9.30612	0.0625746
7.34694	9.55102	0.0878745
7.34694	9.79592	0.164927
7.34694	10.0408	0.290595
7.34694	10.2857	0.458841
7.34694	10.5306	0.661087
7.34694	10.7755	0.886723
7.34694	11.0204	1.12375
7.34694	11.2653	1.35948
7.34694	11.5102	1.5813
7.34694	11.7551	1.77746
7.34694	12	1.93768
7.55102	0	0.954457
7.55102	0.244898	0.950468
7.55102	0.489796	0.89122
7.55102	0.734694	0.781711
7.55102	0.979592	0.629937
7.55102	1.22449	0.446417
7.55102	1.46939	0.243563
7.55102	1.71429	0.0349436
7.55102	1.95918	-0.165531
7.55102	2.20408	-0.344436
7.55102	2.44898	-0.489633
7.55102	2.69388	-0.590997
7.55102	2.93878	-0.641016
7.55102	3.18367	-0.635245
7.55102	3.42857	-0.572566
7.55102	3.67347	-0.455258
7.55102	3.91837	-0.288861
7.55102	4.16327	-0.0818428
7.55102	4.40816	0.154904
7.55102	4.65306	0.408714
7.55102	4.89796	0.6659
7.55102	5.14286	0.912577
7.55102	5.38776	1.13549
7.55102	5.63265	1.32279
7.55102	5.87755	1.46476
7.55102	6.12245	1.5544
7.55102	6.36735	1.58781
7.55102	6.61224	1.56447
7.55102	6.85714	1.48723
7.55102	7.10204	1.36215
7.55102	7.34694	1.19817
7.55102	7.59184	1.00653
7.55102	7.83673	0.800134
7.55102	8.08163	0.592752
7.55102	8.32653	0.398225
7.55102	8.57143	0.229622
7.55102	8.81633	0.0984679
7.55102	9.06122	0.0140494
7.55102	9.30612	-0.0171339
7.55102	9.55102	0.00824041
7.55102	9.79592	0.0901195
7.55102	10.0408	0.225079
7.55102	10.2857	0.406525
7.55102	10.5306	0.625093
7.55102	10.7755	0.8692
7.55102	11.0204	1.12574
7.55102	11.2653	1.38087
7.55102	11.5102	1.62082
7.55102	11.7551	1.83273
7.55102	12	2.00542
7.7551	0	0.995115
7.7551	0.244898	0.989913
7.7551	0.489796	0.927098
7.7551	0.734694	0.811881
7.7551	0.979592	0.652598
7.7551	1.22449	0.460217
7.7551	1.46939	0.247679
7.7551	1.71429	0.0291296
7.7551	1.95918	-0.180928
7.7551	2.20408	-0.368497
7.7551	2.44898	-0.520923
7.7551	2.69388	-0.627648
7.7551	2.93878	-0.680841
7.7551	3.18367	-0.675867
7.7551	3.42857	-0.611561
7.7551	3.67347	-0.4903
7.7551	3.91837	-0.317858
7.7551	4.16327	-0.103064
7.7551	4.40816	0.142725
7.7551	4.65306	0.406303
7.7551	4.89796	0.673402
7.7551	5.14286	0.929544
7.7551	5.38776	1.1609
7.7551	5.63265	1.35514
7.7551	5.87755	1.50212
7.7551	6.12245	1.59453
7.7551	6.36735	1.62833
7.7551	6.61224	1.60295
7.7551	6.85714	1.52137
7.7551	7.10204	1.38993
7.7551	7.34694	1.21792
7.7551	7.59184	1.01707
7.7551	7.83673	0.800835
7.7551	8.08163	0.583576
7.7551	8.32653	0.379719
7.7551	8.57143	0.202891
7.7551	8.81633	0.0651065
7.7551	9.06122	-0.0239513
7.7551	9.30612	-0.0575062
7.7551	9.55102	-0.0320942
7.7551	9.79592	0.0522295
7.7551	10.0408	0.191894
7.7551	10.2857	0.380027
7.7551	10.5306	0.606863
7.7551	10.7755	0.860325
7.7551	11.0204	1.12675
7.7551	11.2653	1.3917
7.7551	11.5102	1.64083
7.7551	11.7551	1.86073
7.7551	12	2.03973
7.95918	0	0.994471
7.95918	0.244898	0.989288
7.95918	0.489796	0.92653
7.95918	0.734694	0.811403
7.95918	0.979592	0.652239
7.95918	1.22449	0.459998
7.95918	1.46939	0.247614
7.95918	1.71429	0.0292216
7.95918	1.95918	-0.180684
7.95918	2.20408	-0.368116
7.95918	2.44898	-0.520427
7.95918	2.69388	-0.627067
7.95918	2.93878	-0.68021
7.95918	3.18367	-0.675224
7.95918	3.42857	-0.610944
7.95918	3.67347	-0.489745
7.95918	3.91837	-0.317398
7.95918	4.16327	-0.102728
7.95918	4.40816	0.142918
7.95918	4.65306	0.406341
7.95918	4.89796	0.673283
7.95918	5.14286	0.929275
7.95918	5.38776	1.1605
7.95918	5.63265	1.35463
7.95918	5.87755	1.50153
7.95918	6.12245	1.5939
7.95918	6.36735	1.62769
7.95918	6.61224	1.60234
7.95918	6.85714	1.52083
7.95918	7.10204	1.38949
7.95918	7.34694	1.2176
7.95918	7.59184	1.0169
7.95918	7.83673	0.800824
7.95918	8.08163	0.583721
7.95918	8.32653	0.380012
7.95918	8.57143	0.203315
7.95918	8.81633	0.0656349
7.95918	9.06122	-0.0233494
7.95918	9.30612	-0.0568667
7.95918	9.55102	-0.0314553
7.95918	9.79592	0.0528297
7.95918	10.0408	0.19242
7.95918	10.2857	0.380447
7.95918	10.5306	0.607151
7.95918	10.7755	0.860466
7.95918	11.0204	1.12673
7.95918	11.2653	1.39153
7.95918	11.5102	1.64051
7.95918	11.7551	1.86028
7.95918	12	2.03919
8.16327	0	0.952552
8.16327	0.244898	0.948619
8.16327	0.489796	0.889539
8.16327	0.734694	0.780297
8.16327	0.979592	0.628875
8.16327	1.22449	0.44577
8.16327	1.46939	0.24337
8.16327	1.71429	0.035216
8.16327	1.95918	-0.16481
8.16327	2.20408	-0.343308
8.16327	2.44898	-0.488167
8.16327	2.69388	-0.589279
8.16327	2.93878	-0.63915
8.16327	3.18367	-0.633341
8.16327	3.42857	-0.570739
8.16327	3.67347	-0.453616
8.16327	3.91837	-0.287502
8.16327	4.16327	-0.0808483
8.16327	4.40816	0.155475
8.16327	4.65306	0.408827
8.16327	4.89796	0.665548
8.16327	5.14286	0.911782
8.16327	5.38776	1.13429
8.16327	5.63265	1.32127
8.16327	5.87755	1.46301
8.16327	6.12245	1.55252
8.16327	6.36735	1.58591
8.16327	6.61224	1.56267
8.16327	6.85714	1.48563
8.16327	7.10204	1.36085
8.16327	7.34694	1.19725
8.16327	7.59184	1.00604
8.16327	7.83673	0.800101
8.16327	8.08163	0.593182
8.16327	8.32653	0.399092
8.16327	8.57143	0.230875
8.16327	8.81633	0.100031
8.16327	9.06122	0.0158302
8.16327	9.30612	-0.0152419
8.16327	9.55102	0.0101306
8.16327	9.79592	0.0918951
8.16327	10.0408	0.226634
8.16327	10.2857	0.407767
8.16327	10.5306	0.625948
8.16327	10.7755	0.869616
8.16327	11.0204	1.12569
8.16327	11.2653	1.38036
8.16327	11.5102	1.61988
8.16327	11.7551	1.83142
8.16327	12	2.00381
8.36735	0	0.871097
8.36735	0.244898	0.869595
8.36735	0.489796	0.81766
8.36735	0.734694	0.719855
8.36735	0.979592	0.583475
8.36735	1.22449	0.418122
8.36735	1.46939	0.235124
8.36735	1.71429	0.0468639
8.36735	1.95918	-0.133963
8.36735	2.20408	-0.295104
8.36735	2.44898	-0.425481
8.36735	2.69388	-0.515852
8.36735	2.93878	-0.559364
8.36735	3.18367	-0.551958
8.36735	3.42857	-0.492615
8.36735	3.67347	-0.383414
8.36735	3.91837	-0.22941
8.36735	4.16327	-0.0383336
8.36735	4.40816	0.179875
8.36735	4.65306	0.413656
8.36735	4.89796	0.650519
8.36735	5.14286	0.877791
8.36735	5.38776	1.08337
8.36735	5.63265	1.25645
8.36735	5.87755	1.38816
8.36735	6.12245	1.47211
8.36735	6.36735	1.50475
8.36735	6.61224	1.48558
8.36735	6.85714	1.41723
8.36735	7.10204	1.30521
8.36735	7.34694	1.15769
8.36735	7.59184	0.984931
8.36735	7.83673	0.798696
8.36735	8.08163	0.611566
8.36735	8.32653	0.436167
8.36735	8.57143	0.284429
8.36735	8.81633	0.166868
8.36735	9.06122	0.0919614
8.36735	9.30612	0.0656405
8.36735	9.55102	0.0909375
8.36735	9.79592	0.167804
8.36735	10.0408	0.293115
8.36735	10.2857	0.460854
8.36735	10.5306	0.662471
8.36735	10.7755	0.887397
8.36735	11.0204	1.12367
8.36735	11.2653	1.35865
8.36735	11.5102	1.57979
8.36735	11.7551	1.77533
8.36735	12	1.93508
8.57143	0	0.753487
8.57143	0.244898	0.755494
8.57143	0.489796	0.713878
8.57143	0.734694	0.632584
8.57143	0.979592	0.517924
8.57143	1.22449	0.378202
8.57143	1.46939	0.223218
8.57143	1.71429	0.0636818
8.57143	1.95918	-0.0894243
8.57143	2.20408	-0.225502
8.57143	2.44898	-0.33497
8.57143	2.69388	-0.409834
8.57143	2.93878	-0.444165
8.57143	3.18367	-0.434452
8.57143	3.42857	-0.379815
8.57143	3.67347	-0.282051
8.57143	3.91837	-0.145534
8.57143	4.16327	0.0230517
8.57143	4.40816	0.215106
8.57143	4.65306	0.42063
8.57143	4.89796	0.628819
8.57143	5.14286	0.828713
8.57143	5.38776	1.00984
8.57143	5.63265	1.16286
8.57143	5.87755	1.2801
8.57143	6.12245	1.35602
8.57143	6.36735	1.38755
8.57143	6.61224	1.37428
8.57143	6.85714	1.31846
8.57143	7.10204	1.22488
8.57143	7.34694	1.10058
8.57143	7.59184	0.954452
8.57143	7.83673	0.796668
8.57143	8.08163	0.638109
8.57143	8.32653	0.489698
8.57143	8.57143	0.361753
8.57143	8.81633	0.263371
8.57143	9.06122	0.201884
8.57143	9.30612	0.182424
8.57143	9.55102	0.207612
8.57143	9.79592	0.277407
8.57143	10.0408	0.389105
8.57143	10.2857	0.537503
8.57143	10.5306	0.715206
8.57143	10.7755	0.913071
8.57143	11.0204	1.12075
8.57143	11.2653	1.32731
8.57143	11.5102	1.5219
8.57143	11.7551	1.69435
8.57143	12	1.83583
8.77551	0	0.604603
8.77551	0.244898	0.611053
8.77551	0.489796	0.582499
8.77551	0.734694	0.522107
8.77551	0.979592	0.434942
8.77551	1.22449	0.327667
8.77551	1.46939	0.208146
8.77551	1.71429	0.0849718
8.77551	1.95918	-0.0330427
8.77551	2.20408	-0.137394
8.77551	2.44898	-0.220393
8.77551	2.69388	-0.275625
8.77551	2.93878	-0.298333
8.77551	3.18367	-0.285701
8.77551	3.42857	-0.23702
8.77551	3.67347	-0.153735
8.77551	3.91837	-0.0393531
8.77551	4.16327	0.10076
8.77551	4.40816	0.259705
8.77551	4.65306	0.429457
8.77551	4.89796	0.601349
8.77551	5.14286	0.766584
8.77551	5.38776	0.916763
8.77551	5.63265	1.04439
8.77551	5.87755	1.1433
8.77551	6.12245	1.20905
8.77551	6.36735	1.2392
8.77551	6.61224	1.23339
8.77551	6.85714	1.19344
8.77551	7.10204	1.12318
8.77551	7.34694	1.02829
8.77551	7.59184	0.915868
8.77551	7.83673	0.794101
8.77551	8.08163	0.67171
8.77551	8.32653	0.557463
8.77551	8.57143	0.459638
8.77551	8.81633	0.385535
8.77551	9.06122	0.341037
8.77551	9.30612	0.33026
8.77551	9.55102	0.35531
8.77551	9.79592	0.416153
8.77551	10.0408	0.51062
8.77551	10.2857	0.634535
8.77551	10.5306	0.781964
8.77551	10.7755	0.945571
8.77551	11.0204	1.11705
8.77551	11.2653	1.28764
8.77551	11.5102	1.44861
8.77551	11.7551	1.59183
8.77551	12	1.7102
8.97959	0	0.430626
8.97959	0.244898	0.442267
8.97959	0.489796	0.428976
8.97959	0.734694	0.393009
8.97959	0.979592	0.337973
8.97959	1.22449	0.268615
8.97959	1.46939	0.190533
8.97959	1.71429	0.10985
8.97959	1.95918	0.0328419
8.97959	2.20408	-0.0344346
8.97959	2.44898	-0.0865031
8.97959	2.69388	-0.118795
8.97959	2.93878	-0.127922
8.97959	3.18367	-0.111877
8.97959	3.42857	-0.0701576
8.97959	3.67347	-0.0037909
8.97959	3.91837	0.0847238
8.97959	4.16327	0.191566
8.97959	4.40816	0.31182
8.97959	4.65306	0.439773
8.97959	4.89796	0.569249
8.97959	5.14286	0.693984
8.97959	5.38776	0.807996
8.97959	5.63265	0.905941
8.97959	5.87755	0.983437
8.97959	6.12245	1.03732
8.97959	6.36735	1.06584
8.97959	6.61224	1.06875
8.97959	6.85714	1.04734
8.97959	7.10204	1.00435
8.97959	7.34694	0.943803
8.97959	7.59184	0.870782
8.97959	7.83673	0.7911
8.97959	8.08163	0.710975
8.97959	8.32653	0.636651
8.97959	8.57143	0.574022
8.97959	8.81633	0.528289
8.97959	9.06122	0.503643
8.97959	9.30612	0.503014
8.97959	9.55102	0.527903
8.97959	9.79592	0.578285
8.97959	10.0408	0.652616
8.97959	10.2857	0.747921
8.97959	10.5306	0.859973
8.97959	10.7755	0.983549
8.97959	11.0204	1.11273
8.97959	11.2653	1.24128
8.97959	11.5102	1.36298
8.97959	11.7551	1.47203
8.97959	12	1.56339
9.18367	0	0.238775
9.18367	0.244898	0.256141
9.18367	0.489796	0.259682
9.18367	0.734694	0.250649
9.18367	0.979592	0.231043
9.18367	1.22449	0.203496
9.18367	1.46939	0.171111
9.18367	1.71429	0.137284
9.18367	1.95918	0.105495
9.18367	2.20408	0.0791018
9.18367	2.44898	0.0611412
9.18367	2.69388	0.0541465
9.18367	2.93878	0.0599964
9.18367	3.18367	0.0798034
9.18367	3.42857	0.113847
9.18367	3.67347	0.161557
9.18367	3.91837	0.221547
9.18367	4.16327	0.2917
9.18367	4.40816	0.36929
9.18367	4.65306	0.451148
9.18367	4.89796	0.533852
9.18367	5.14286	0.613926
9.18367	5.38776	0.688054
9.18367	5.63265	0.753274
9.18367	5.87755	0.807154
9.18367	6.12245	0.847942
9.18367	6.36735	0.874665
9.18367	6.61224	0.887189
9.18367	6.85714	0.886228
9.18367	7.10204	0.873301
9.18367	7.34694	0.850642
9.18367	7.59184	0.821063
9.18367	7.83673	0.787791
9.18367	8.08163	0.754274
9.18367	8.32653	0.723973
9.18367	8.57143	0.700157
9.18367	8.81633	0.685709
9.18367	9.06122	0.682954
9.18367	9.30612	0.693516
9.18367	9.55102	0.718227
9.18367	9.79592	0.757074
9.18367	10.0408	0.809199
9.18367	10.2857	0.872955
9.18367	10.5306	0.945997
9.18367	10.7755	1.02543
9.18367	11.0204	1.10797
9.18367	11.2653	1.19016
9.18367	11.5102	1.26855
9.18367	11.7551	1.33993
9.18367	12	1.40149
9.38776	0	0.0370144
9.38776	0.244898	0.0603998
9.38776	0.489796	0.0816422
9.38776	0.734694	0.100935
9.38776	0.979592	0.11859
9.38776	1.22449	0.135013
9.38776	1.46939	0.150686
9.38776	1.71429	0.166136
9.38776	1.95918	0.181901
9.38776	2.20408	0.198503
9.38776	2.44898	0.216412
9.38776	2.69388	0.236022
9.38776	2.93878	0.257622
9.38776	3.18367	0.281386
9.38776	3.42857	0.307357
9.38776	3.67347	0.335446
9.38776	3.91837	0.365439
9.38776	4.16327	0.397007
9.38776	4.40816	0.429728
9.38776	4.65306	0.463111
9.38776	4.89796	0.496625
9.38776	5.14286	0.529732
9.38776	5.38776	0.561916
9.38776	5.63265	0.59272
9.38776	5.87755	0.621766
9.38776	6.12245	0.648782
9.38776	6.36735	0.673618
9.38776	6.61224	0.696253
9.38776	6.85714	0.716797
9.38776	7.10204	0.735487
9.38776	7.34694	0.752668
9.38776	7.59184	0.768776
9.38776	7.83673	0.784312
9.38776	8.08163	0.799809
9.38776	8.32653	0.815806
9.38776	8.57143	0.832807
9.38776	8.81633	0.851261
9.38776	9.06122	0.871527
9.38776	9.30612	0.893858
9.38776	9.55102	0.918382
9.38776	9.79592	0.945098
9.38776	10.0408	0.973871
9.38776	10.2857	1.00445
9.38776	10.5306	1.03646
9.38776	10.7755	1.06947
9.38776	11.0204	1.10296
9.38776	11.2653	1.13639
9.38776	11.5102	1.16924
9.38776	11.7551	1.201
9.38776	12	1.23123
9.59184	0	-0.166283
9.59184	0.244898	-0.136831
9.59184	0.489796	-0.0977531
9.59184	0.734694	-0.0499184
9.59184	0.979592	0.00527956
9.59184	1.22449	0.0660083
9.59184	1.46939	0.130105
9.59184	1.71429	0.195207
9.59184	1.95918	0.258889
9.59184	2.20408	0.318814
9.59184	2.44898	0.372866
9.59184	2.69388	0.419281
9.59184	2.93878	0.456752
9.59184	3.18367	0.484503
9.59184	3.42857	0.50234
9.59184	3.67347	0.510659
9.59184	3.91837	0.510426
9.59184	4.16327	0.503116
9.59184	4.40816	0.490627
9.59184	4.65306	0.475166
9.59184	4.89796	0.459116
9.59184	5.14286	0.444897
9.59184	5.38776	0.434818
9.59184	5.63265	0.430944
9.59184	5.87755	0.434966
9.59184	6.12245	0.448106
9.59184	6.36735	0.47104
9.59184	6.61224	0.503863
9.59184	6.85714	0.546077
9.59184	7.10204	0.596623
9.59184	7.34694	0.653948
9.59184	7.59184	0.716091
9.59184	7.83673	0.780806
9.59184	8.08163	0.845692
9.59184	8.32653	0.908338
9.59184	8.57143	0.966468
9.59184	8.81633	1.01807
9.59184	9.06122	1.06154
9.59184	9.30612	1.09573
9.59184	9.55102	1.12006
9.59184	9.79592	1.13455
9.59184	10.0408	1.1398
9.59184	10.2857	1.13694
9.59184	10.5306	1.12762
9.59184	10.7755	1.11385
9.59184	11.0204	1.09791
9.59184	11.2653	1.08222
9.59184	11.5102	1.06917
9.59184	11.7551	1.06101
9.59184	12	1.05968
9.79592	0	-0.362678
9.79592	0.244898	-0.327367
9.79592	0.489796	-0.271058
9.79592	0.734694	-0.195651
9.79592	0.979592	-0.104184
9.79592	1.22449	-0.000653484
9.79592	1.46939	0.110223
9.79592	1.71429	0.223291
9.79592	1.95918	0.333263
9.79592	2.20408	0.43504
9.79592	2.44898	0.524008
9.79592	2.69388	0.59632
9.79592	2.93878	0.649122
9.79592	3.18367	0.680725
9.79592	3.42857	0.690703
9.79592	3.67347	0.679924
9.79592	3.91837	0.650491
9.79592	4.16327	0.605623
9.79592	4.40816	0.549458
9.79592	4.65306	0.48681
9.79592	4.89796	0.422879
9.79592	5.14286	0.362941
9.79592	5.38776	0.312035
9.79592	5.63265	0.27466
9.79592	5.87755	0.254507
9.79592	6.12245	0.254242
9.79592	6.36735	0.27534
9.79592	6.61224	0.318005
9.79592	6.85714	0.381152
9.79592	7.10204	0.462474
9.79592	7.34694	0.558579
9.79592	7.59184	0.665195
9.79592	7.83673	0.777419
9.79592	8.08163	0.890016
9.79592	8.32653	0.997729
9.79592	8.57143	1.09559
9.79592	8.81633	1.17922
9.79592	9.06122	1.2451
9.79592	9.30612	1.29074
9.79592	9.55102	1.31489
9.79592	9.79592	1.31758
9.79592	10.0408	1.30009
9.79592	10.2857	1.26494
9.79592	10.5306	1.21568
9.79592	10.7755	1.15672
9.79592	11.0204	1.09304
9.79592	11.2653	1.02989
9.79592	11.5102	0.972506
9.79592	11.7551	0.925777
9.79592	12	0.893952
10	0	-0.544021
10	0.244898	-0.503299
10	0.489796	-0.43108
10	0.734694	-0.330214
10	0.979592	-0.205257
10	1.22449	-0.0622059
10	1.46939	0.0918649
10	1.71429	0.249222
10	1.95918	0.401937
10	2.20408	0.542358
10	2.44898	0.663566
10	2.69388	0.759789
10	2.93878	0.826748
10	3.18367	0.861907
10	3.42857	0.86463
10	3.67347	0.836215
10	3.91837	0.779821
10	4.16327	0.700273
10	4.40816	0.60378
10	4.65306	0.497563
10	4.89796	0.38942
10	5.14286	0.287268
10	5.38776	0.198663
10	5.63265	0.130354
10	5.87755	0.0878801
10	6.12245	0.0752364
10	6.36735	0.0946391
10	6.61224	0.146392
10	6.85714	0.228868
10	7.10204	0.338606
10	7.34694	0.47052
10	7.59184	0.618199
10	7.83673	0.774291
10	8.08163	0.930943
10	8.32653	1.08027
10	8.57143	1.21482
10	8.81633	1.32802
10	9.06122	1.41459
10	9.30612	1.47081
10	9.55102	1.49479
10	9.79592	1.48657
10	10.0408	1.4481
10	10.2857	1.38312
10	10.5306	1.29699
10	10.7755	1.19631
10	11.0204	1.08853
10	11.2653	0.981564
10	11.5102	0.883246
10	11.7551	0.800909
10	12	0.740926
