5.598680 5.480444 5.853244 4.514633 3.720706 6.018899 4.428091 6.671735 4.557389 2.395511 5.937853 3.463275 3.291571 4.389910 3.049327 5.333812 4.646856 5.721270 5.102545 3.894549 4.879872 4.815389 4.196653 4.094604
5.648412 3.073948 3.093390 3.405701 4.421581 5.374721 5.290578 4.899483 5.287314 5.867597 3.588127 5.881475 4.438237 6.343011 6.129068 5.395899 4.460317 4.434724 4.067629 3.584058 5.264651 6.843794 5.289368 3.948323
5.745609 6.204347 6.435718 3.662204 5.694682 4.295722 6.020758 2.675074 4.909217 6.724970 4.984197 2.822504 4.881640 5.740815 4.862945 4.766452 4.030715 5.272320 4.044828 6.255779 4.790680 3.805642 5.730010 5.244239
4.064870 5.930076 3.210978 5.464696 5.710944 4.900017 6.566613 5.373777 4.113252 6.902505 5.741088 5.878974 5.661926 3.923961 4.893364 5.410719 4.844176 4.443435 4.035739 4.952696 6.538856 4.384012 4.931076 6.382030
6.827842 3.847553 2.301938 4.619799 5.172027 3.416925 4.992335 4.377685 3.784463 5.432690 4.240965 3.764484 4.767354 5.349137 4.445933 2.779586 6.481736 5.558794 6.113720 3.119053 5.673464 5.028688 5.890528 4.060011
4.350628 3.988672 3.943351 3.111967 5.316828 4.092796 5.695778 4.998866 6.516975 6.516385 4.707739 4.867066 6.278574 4.229500 4.944223 3.189739 5.534097 6.630524 4.120655 5.655795 5.095426 5.739350 4.567255 6.549755
3.660061 3.252910 6.212279 4.031160 4.648723 4.670575 4.865763 7.307405 4.538686 6.378911 2.791727 4.677819 3.714357 4.945746 5.134656 5.622425 4.600119 3.543873 6.989389 5.938797 5.634883 4.823273 6.071664 5.695185
5.565111 3.775244 4.137551 6.833975 3.925766 4.873655 4.054139 5.857956 3.248176 6.401702 4.659354 3.366979 4.757601 4.334840 5.624189 4.767791 5.802108 6.672997 4.948077 6.235705 4.809114 5.285558 6.473411 5.211323
5.348072 6.851515 4.873596 4.982267 4.574323 4.052000 3.282624 5.206040 5.084567 5.916722 6.259298 3.676946 6.725991 5.437119 6.043281 6.161856 5.527337 4.302562 4.158774 5.658006 5.793056 5.225054 5.300816 3.356671
6.461141 4.809567 5.523066 5.037440 5.388190 6.740889 6.055834 3.155212 2.966400 4.788222 5.789557 4.099102 6.744997 3.863117 4.846109 4.328391 4.181353 3.607522 3.907498 4.554779 4.585112 5.268124 5.122174 3.393239
5.409202 4.700460 4.481039 4.929355 5.730410 3.768157 4.051721 3.350022 2.403938 3.732010 6.372904 4.488232 5.680214 7.685396 6.076569 5.427773 4.782839 3.978007 5.134897 5.647795 7.022422 5.207241 3.520282 5.008545
5.958833 4.784328 3.612519 5.818040 2.562299 8.424337 6.265763 3.076771 5.700982 3.844312 5.014330 4.493366 4.078254 4.175751 8.453790 8.282213 4.057755 6.739794 5.230537 5.468918 4.300602 5.122530 1.265229 9.515369
3.462788 5.620887 6.010505 5.123388 4.420461 5.689031 5.016608 4.929396 7.191982 5.847307 5.369336 5.831207 5.046920 3.281004 5.635477 6.783547 5.998526 3.466733 6.275163 6.062266 3.908971 6.524708 6.508462 4.304384
4.242716 5.997724 3.204970 4.355175 2.227768 7.052828 5.158948 4.341845 3.708944 5.187679 5.964724 6.114196 4.670399 3.486945 4.681181 5.162381 4.176666 4.319480 5.665069 5.166613 3.910931 6.893866 5.661309 3.500928
4.714354 5.844485 5.139324 3.955406 4.629458 3.159779 5.672924 5.560320 2.513088 5.807562 3.761966 2.743911 6.416056 6.158810 5.009419 7.091836 4.985234 4.899236 3.438129 4.376504 4.031557 5.141856 3.700544 6.054118
5.886330 5.511220 5.357137 6.335751 3.494362 6.315029 6.855300 5.536078 5.851638 7.184771 6.363081 6.366742 5.436413 4.632805 4.941937 5.480786 3.484408 4.616112 4.455811 4.643445 3.976016 5.487787 4.862413 7.161960
8.020426 3.807842 3.686354 6.358718 3.915280 4.430687 6.170413 5.403861 6.460113 4.470606 5.888100 6.336537 3.116203 3.862233 3.908156 5.404589 4.812791 4.011266 4.368675 7.066747 5.497044 4.704506 3.040993 4.848458
4.564373 1.570994 5.156097 5.609921 4.278298 3.239359 4.967960 3.922804 4.725287 6.489455 5.554146 4.709616 4.171571 5.682907 3.625631 4.862983 5.925994 3.775106 4.591683 4.816815 3.196774 5.765471 6.788412 5.212157
5.723244 1.803840 3.914610 4.091792 3.716912 5.775392 5.642974 6.019434 4.084374 6.670393 4.894941 4.217359 5.260077 5.120279 4.679706 5.898936 3.332857 4.890159 4.306610 4.992785 6.768631 3.138204 6.234009 5.220110
4.430148 6.292956 4.890671 5.447331 5.877836 5.516170 4.478473 4.579350 5.076634 3.775532 6.170367 6.436123 5.451044 4.665840 4.059616 3.711613 7.000795 3.992837 6.427067 4.733692 6.927604 3.030327 3.928530 5.406217
6.774960 4.555521 5.894020 4.200557 4.507132 3.189318 5.500949 3.335502 3.554382 5.244854 4.883767 4.083211 6.966105 5.541352 5.233856 5.666546 6.056064 5.206087 4.297803 5.868446 4.952330 6.584655 4.459708 4.924793
4.968297 4.076638 2.376794 4.821437 3.848141 7.069669 4.852600 5.081094 3.942705 5.360853 6.541875 5.235143 7.516708 3.892133 4.414473 6.214255 5.863239 3.693268 3.440794 6.173013 5.359852 6.377627 5.729724 4.695955
4.522289 5.487767 3.878445 4.759181 4.833381 4.579790 3.567449 5.670201 5.476889 5.314156 5.799783 4.382273 3.231382 6.588922 3.247522 4.007528 5.141040 3.648697 4.197083 3.839601 4.206358 6.408493 2.919828 4.943048
3.595277 5.500480 5.914862 6.652612 7.075526 5.368692 6.197033 5.733275 4.517007 5.229339 5.264809 5.844771 5.933643 4.115004 5.069873 4.498302 4.617724 2.971938 4.954858 6.863944 4.255732 3.935656 4.321841 6.149865
4.649390 6.827961 5.809084 6.482153 6.391074 4.905974 7.478212 6.200283 8.125154 2.728638 5.024220 4.216773 5.039005 5.943041 4.058307 4.321730 5.522435 3.411633 4.495579 3.393949 6.234495 7.351151 4.667688 5.088031
6.744688 3.844182 4.012124 5.580019 6.553102 5.503270 4.424328 2.834712 3.890059 7.324257 4.900445 5.922122 5.412462 6.756469 4.078371 4.492676 3.104934 5.919713 3.233505 4.959929 7.234005 4.731730 5.620668 5.126550
4.364503 6.281880 5.939903 3.091460 4.867327 4.685181 4.153555 5.307347 5.436686 3.912596 6.764284 4.917273 4.437981 3.766694 3.446011 5.960045 7.252518 4.046032 5.339959 6.395552 5.804598 4.817814 3.221826 4.985196
5.773566 5.128662 4.903364 3.675716 5.891914 6.819648 4.916896 6.878683 4.382968 1.274525 6.916514 8.166715 4.498873 7.766336 4.342423 6.090352 5.307279 5.980913 2.770589 1.794606 4.283500 4.459901 6.314688 5.939228
6.637268 7.379288 2.208611 4.512497 4.569087 5.946478 4.735537 5.016356 5.300431 3.428223 3.876732 4.420400 6.229818 2.979360 6.300896 5.725468 5.480775 4.408921 6.417915 4.705609 3.077643 5.045842 5.038662 6.794874
4.796418 7.871276 4.785961 3.838201 5.855662 5.399064 5.372921 6.270376 4.889158 5.413259 5.772151 3.708555 6.346348 4.540386 4.391736 6.236120 6.350294 6.233737 5.368172 4.586393 3.922212 5.348745 4.175401 3.098002
4.938481 5.552542 4.660863 3.618620 4.787992 4.594925 5.205449 7.461150 5.566326 3.198015 5.944267 6.826310 6.602517 5.235208 3.896105 4.233347 4.018280 5.211125 5.681482 4.924335 5.857912 5.876861 4.211229 6.176516
5.447625 3.593295 5.797007 4.505171 4.104342 2.563272 5.088090 2.692905 6.412882 3.729594 3.900970 4.246152 3.519277 3.330385 4.839440 4.377901 2.941250 4.111024 4.491994 3.461896 7.364240 5.135816 5.142374 6.054462
3.267036 5.245107 4.247582 5.247694 3.764152 6.099370 4.748190 6.067483 3.784007 2.714367 6.379643 3.980870 5.221445 5.202732 3.736899 4.406130 4.724206 4.378897 4.229861 3.571357 5.259966 6.891409 5.861235 3.127614
6.437542 4.111179 5.024126 5.364561 6.861615 6.045243 6.692177 5.080210 4.135216 5.044489 5.763383 4.778143 3.395220 4.459334 3.523851 6.608598 5.935453 5.732621 5.198184 6.367053 4.280578 5.990329 4.813756 3.525314
4.912949 4.205711 2.986817 4.319177 4.428865 5.039532 5.392417 5.085663 6.411255 3.426300 6.339043 5.102267 4.856132 5.904991 7.062310 5.704358 3.850761 5.816149 6.934811 6.691838 5.889638 4.253750 3.961075 4.163294
3.993668 5.285545 4.289107 6.232838 4.979091 5.496847 4.664777 4.610938 6.566323 4.777721 3.043312 5.106654 5.176479 3.807155 5.611551 4.744255 3.321606 3.536340 5.258452 6.416139 6.139884 3.879710 4.234101 3.775811
3.466461 5.897200 3.548037 3.953936 4.325635 5.451839 6.055223 4.564728 3.501193 4.924910 5.168475 5.007324 5.154121 5.975703 6.720176 5.287996 4.438159 3.501641 7.688052 5.110610 5.247894 4.047035 4.365521 4.471713
4.171624 3.677118 3.410050 4.293443 5.627124 5.679060 3.953828 5.335457 4.885422 5.033540 4.693525 5.976822 5.420721 6.628715 5.069523 4.096537 4.987394 3.149690 4.081881 2.705085 6.533542 5.333936 5.793948 4.701826
4.937512 2.828123 4.582107 5.082172 6.270693 4.924436 6.162626 3.947795 4.685845 6.053847 4.760713 7.012903 5.578298 6.452281 5.350199 4.504194 3.225252 7.224872 5.481813 5.484294 3.807404 5.622708 3.084720 6.262167
5.333339 4.415529 5.462695 6.355358 4.486838 4.933832 7.022996 4.481401 6.200429 3.919583 9.023323 9.604079 0.295624 8.485246 7.903680 4.089015 6.956239 5.477130 4.560916 5.931307 5.355637 5.386231 6.176872 4.896042
6.238208 3.653089 6.342211 4.649509 4.106952 7.164509 3.756541 4.487064 3.942533 6.204630 4.678839 4.788851 5.560271 5.206368 4.795388 5.746226 5.634777 6.214344 3.163468 5.618448 4.547702 3.840273 5.454989 4.217636
2.964461 3.666316 5.048865 3.352110 4.322118 5.723612 3.412861 5.336152 3.570002 6.312258 3.637671 4.352952 5.069857 5.085289 5.238761 6.024543 5.424332 6.977583 4.633555 4.225731 5.987978 5.376676 4.489214 6.681273
3.095726 4.316677 5.123555 5.775724 7.419207 4.677025 4.067192 4.548290 5.389362 6.736204 5.829444 5.108478 3.365046 6.043327 5.731095 4.155274 6.362709 3.405198 4.195954 5.527272 4.764304 3.905320 7.083297 6.829407
4.068160 5.021458 5.834272 5.827866 5.126704 7.375316 5.023043 6.403288 4.938032 5.440693 4.844909 4.469521 3.177356 4.618313 5.645141 3.920694 3.277982 5.603362 5.924781 6.788383 4.152793 6.012995 5.749123 4.885069
5.796708 6.521724 4.715287 5.205656 4.852271 4.198515 5.707764 3.809324 3.980110 4.560215 3.069306 4.947973 6.638824 4.028000 4.060695 3.584557 6.410842 4.956684 5.645195 5.529247 4.139529 6.229188 3.170622 5.975588
3.556931 4.753855 5.120756 4.170032 2.930409 5.500313 4.371846 6.489097 3.890835 5.654393 5.747272 3.423579 3.218242 3.822826 4.786837 3.269514 4.159691 4.012986 5.459504 5.101013 4.517975 4.910952 4.306093 2.434644
3.801324 3.328107 5.311630 5.382823 3.743185 5.271666 5.351252 4.428324 2.928992 4.761681 3.794424 4.315794 6.287270 4.067865 6.206332 5.815892 4.478591 5.889792 4.706587 2.865582 5.495618 3.471872 4.607928 3.839372
3.134610 6.247909 4.899209 4.730027 5.096666 3.792671 6.012110 3.481579 5.290306 2.832739 4.774416 5.691682 4.155192 4.090181 6.962171 3.332279 5.810623 4.443963 3.241806 4.524529 4.021148 5.084637 6.505274 5.096863
5.632679 6.423647 4.960206 5.725488 4.282380 4.977809 4.010675 5.926431 6.193239 4.574246 4.637173 4.041795 6.339057 3.624391 6.462399 6.973948 5.886456 5.472101 6.851955 5.293760 2.979877 3.855028 5.231236 4.782592
5.404272 5.639860 3.940912 6.458896 4.020438 4.279640 7.338565 4.860631 5.677827 4.715957 4.721791 4.939352 3.526086 3.421087 3.230520 5.763591 4.973530 4.014770 5.229946 3.092580 6.526151 4.255110 7.050310 5.820730
4.537810 3.655190 4.890632 5.597720 3.807993 4.264460 5.840976 5.775482 6.181845 3.338960 7.110157 4.703106 5.254734 3.024335 4.704546 4.613196 3.187342 5.779049 5.495410 4.053551 4.004157 5.257550 2.861749 4.078655
4.581270 5.095753 5.391729 5.650427 7.050393 4.650600 3.884501 3.570416 3.787205 4.533149 4.682173 4.130209 5.453717 4.689070 4.778113 3.151874 4.514564 6.070158 3.698509 5.499214 6.263827 5.252545 5.583313 3.732557
7.099580 6.947184 6.272269 4.258280 6.758333 5.213262 4.427659 7.120922 4.152686 5.462885 5.988768 5.824451 5.404992 7.301973 4.697983 4.694228 3.298924 5.851448 4.586948 3.768556 5.088326 5.567884 5.171500 2.994461
3.587389 4.427779 3.738699 6.252474 3.344256 3.500230 5.154076 5.411056 4.312952 3.794545 5.968218 3.876543 4.499828 4.738522 4.164713 7.120242 3.462528 5.346351 4.774516 6.367822 6.138532 5.503824 6.473593 6.454966
4.733499 7.413127 5.795872 5.463459 4.451252 6.502517 5.121276 4.756983 4.142472 4.957995 2.995918 7.152179 4.821591 5.636551 3.532392 4.224105 6.151177 6.429967 6.566312 2.748378 3.216921 5.312621 5.240132 3.802511
0.306998 5.067805 5.739041 4.811148 3.346210 3.899454 4.296796 3.920637 4.772069 4.787966 0.890848 4.249409 6.709942 4.809180 4.284797 5.618062 5.259985 3.943005 3.783279 4.794325 2.830260 6.349993 2.800709 4.711944
7.218752 6.240714 3.602074 3.490193 4.554046 5.022800 5.474585 5.275817 5.562928 6.310420 5.271851 3.548977 6.338007 5.748444 6.267195 3.813763 4.695242 6.733514 3.791387 4.444833 7.179300 5.258207 6.318465 4.790785
4.646364 5.452372 3.468166 6.660400 4.399941 6.388293 4.230841 3.816405 3.034410 5.009276 5.853032 4.280652 5.589101 5.247908 2.774211 5.957700 3.968395 4.754624 4.908037 4.524864 3.725171 5.703729 5.180410 6.957898
7.194589 3.624841 4.100681 4.344647 2.888321 6.401225 2.738430 7.389312 1.948354 4.992925 5.125364 4.463873 5.434907 6.380261 5.334201 5.414827 6.317946 6.785327 4.536049 6.014847 6.237629 5.784735 3.821305 3.384122
6.190217 4.284627 4.815512 3.262840 3.822340 3.354686 2.904064 4.778833 6.503887 5.221585 5.070214 6.568762 5.554236 5.038449 4.589975 4.906216 5.864982 5.966362 5.789766 3.381391 1.905095 4.767684 5.212056 4.157294
3.067890 4.539945 3.972823 5.984379 6.996064 6.822969 4.892322 4.548316 5.829234 4.787960 4.608600 3.620571 3.003074 6.229232 5.881175 9.146644 3.141401 2.841577 4.483685 1.851539 4.885421 2.734599 3.978960 4.309254
5.687359 6.206363 3.244064 5.327829 3.101458 4.179719 4.058387 3.820737 3.717477 6.229448 5.989223 3.583184 5.018340 3.695350 4.672851 4.586333 5.641462 4.505645 4.705865 6.260464 5.187880 5.378496 4.215636 5.416615
5.261928 5.883700 3.308209 5.722834 4.472163 3.325975 3.825439 4.030604 4.702629 6.677457 6.163774 3.428507 4.847477 4.975785 2.862724 4.071294 3.883942 4.960652 6.231627 5.963168 5.805490 5.070071 4.296391 5.804389
3.920209 4.594820 5.334481 6.690771 5.181485 5.736342 3.633120 6.285679 6.483496 4.313820 4.581968 3.906201 4.877492 4.834929 5.837946 5.035967 5.532992 4.106755 4.223441 5.526225 5.224550 3.182331 3.275752 5.335225
6.149957 6.704847 2.806232 4.476373 3.068884 5.443740 3.765312 4.714610 4.938962 5.671986 5.919591 5.746810 5.473786 4.891418 5.862872 4.020115 3.390829 6.396960 4.426292 6.502332 4.002670 5.648278 5.263223 3.215561
4.622504 6.502014 4.708859 4.796794 5.143636 7.293428 3.769791 5.091566 3.991818 4.153175 3.796514 6.052921 3.048117 4.452647 6.319731 4.861618 4.922937 3.830186 6.599151 6.540147 5.421198 5.423375 5.572165 6.373008
5.395026 4.627302 5.700285 2.959264 2.873268 5.333104 4.727477 2.769578 4.421936 4.380013 4.670837 5.320378 4.893142 6.272771 5.872544 6.494775 5.087822 3.704716 5.606936 5.560995 3.857641 6.736485 3.768838 5.041824
5.676184 6.191402 6.365520 5.411543 7.302269 5.646878 3.967362 6.284181 4.789718 5.765155 3.948358 5.298044 5.914299 4.562849 6.148567 3.650072 6.590618 2.794812 4.470063 3.744698 3.476827 3.680296 4.810329 4.744485
4.537314 3.063181 0.211202 6.774945 4.668096 4.722073 5.604196 4.442495 9.277362 7.132760 5.143402 7.332925 4.577233 5.737052 7.189134 4.944411 6.232643 5.280579 6.108124 3.614968 5.359511 0.295577 1.855148 4.152714
3.671770 5.702157 3.139505 3.790538 4.247136 4.066051 4.489629 3.100910 2.508127 4.539772 5.286765 3.632944 5.142518 4.599777 3.451483 4.698564 6.008182 4.263434 5.865716 5.263916 4.321396 5.027691 6.952033 4.031345
4.593896 5.426630 3.737170 4.924819 3.757112 5.876323 6.291900 4.549535 4.562251 3.482025 3.315127 6.704859 4.974529 7.044003 5.414657 5.994537 4.631547 4.443212 5.426391 4.990152 6.427093 6.250252 6.199448 3.551052
6.860805 5.241991 5.381825 4.011390 1.951534 6.741847 6.170472 4.576404 5.730374 6.488131 8.588758 6.922525 5.412676 3.026958 3.188730 5.566701 2.806827 4.644190 4.471717 2.665985 4.490950 4.444628 5.889042 5.522722
4.646392 5.828203 6.294220 4.537989 6.246601 6.206447 4.683657 4.887325 7.384855 3.174067 4.761146 3.912504 5.575406 5.375489 5.804697 3.693958 3.810797 5.328902 7.208581 4.829061 4.691058 6.799867 5.709488 7.071599
4.331090 4.278762 0.540756 7.590069 4.941851 5.003255 3.340080 4.777597 6.296236 4.059552 3.539346 5.786445 5.705724 3.264833 5.332850 4.145323 7.259041 3.958242 5.907098 4.975335 4.315118 8.186674 5.296197 5.871259
4.405616 3.571217 6.367171 5.729503 5.995044 4.080089 4.758991 5.230524 6.671839 4.809203 5.420727 5.943162 4.476356 6.163947 4.106272 4.514493 5.062022 4.301593 5.710638 5.010648 6.945749 3.875382 1.969340 3.329886
3.594988 5.623580 5.962713 6.511906 4.623763 4.245999 4.257618 6.381750 5.152681 5.946805 2.794170 4.164870 5.211282 4.992249 3.736976 3.950809 6.562821 3.921582 5.057136 3.285481 5.578335 4.100266 6.219006 4.830518
4.662337 3.254737 4.901512 4.195184 5.829386 4.483712 4.462711 5.843839 3.427372 2.143246 3.672472 3.144871 6.140275 6.368861 6.051333 5.410908 5.601542 3.530253 4.170555 4.842816 5.105112 5.129128 6.768982 4.751696
4.735161 3.691365 5.057084 4.597693 2.941577 4.692040 6.664076 6.502997 4.062551 4.499197 6.365727 3.211779 6.023414 4.863625 5.014864 6.244193 3.555353 5.420696 5.694210 3.913849 4.512168 5.388356 3.117126 3.746243
7.652667 5.496610 5.248465 4.941273 3.424012 5.500768 5.627005 6.583514 6.189093 4.698285 4.981317 5.862006 4.628132 6.756641 4.316601 5.128685 4.600647 4.206295 3.023789 3.879523 2.691887 4.811240 5.941119 5.647226
5.506322 5.198562 4.207234 3.911392 4.365237 2.965779 5.254949 6.952121 3.871110 4.812708 4.385769 6.442877 6.337019 5.695710 5.121319 3.637625 3.219968 4.133870 2.679395 3.321088 4.629709 2.029080 4.583771 5.458960
4.424628 4.090472 6.486440 5.611481 4.230378 3.135128 8.423707 4.548357 5.552704 5.329546 5.361487 4.370699 3.698451 4.758224 5.765070 6.288996 4.635768 5.032119 4.604618 8.204214 4.820573 5.990576 3.489305 3.789983
6.853620 5.601725 4.704285 3.647235 5.202739 5.272856 6.345097 3.993726 4.482949 4.597577 5.420300 4.306044 3.353285 5.803631 4.082910 7.305599 4.311051 5.591401 3.342117 2.639529 2.146503 3.839457 6.120276 4.962087
6.469391 5.476638 5.639990 3.030826 6.258111 3.783451 4.539547 5.689501 6.839622 4.555980 5.881526 4.693807 4.938558 4.810580 5.267689 3.923346 3.560602 5.789220 5.504525 5.609555 3.519934 4.047658 3.966127 4.904491
5.853068 5.595621 5.442854 6.488395 4.465937 6.574693 3.902141 5.768191 5.709959 3.933713 4.175695 3.206580 5.290658 4.807440 4.733838 4.018395 3.758070 4.097495 4.877102 5.678957 4.315570 4.891270 5.152889 3.124480
5.889355 5.264969 4.982315 4.858456 3.255207 4.000885 3.426967 6.045574 4.311464 6.401823 4.202735 5.445645 5.096463 5.830722 2.602172 5.526833 4.071304 4.502936 3.723445 1.673148 6.693766 5.925580 5.206886 6.795706
5.327761 4.587507 4.593115 5.981855 5.485551 6.327676 6.347072 5.933278 2.834006 5.196752 4.480872 4.072243 4.505691 5.031017 3.621810 4.597021 6.213128 4.245181 3.723828 5.587716 4.743491 6.937195 3.806210 6.573214
6.644552 5.622685 5.842838 6.226812 5.555988 4.298543 4.009482 6.016811 6.015154 7.178149 4.573773 4.240653 5.723034 5.286218 4.354335 6.905031 4.093778 3.386967 4.095455 5.088857 4.945356 5.860895 6.455441 4.648760
6.441946 3.055432 2.992170 6.347851 5.695059 4.363460 5.650385 6.271664 5.538343 3.426710 5.644555 5.301026 4.829018 4.782239 4.667996 3.022353 6.536301 4.820773 3.916113 6.073134 4.810787 5.781835 3.994581 4.324981
5.798138 3.726061 2.355250 6.322061 6.590921 5.755873 4.381077 4.812558 4.056712 5.731336 5.316551 4.553650 3.323371 6.317080 5.679143 5.448914 5.963384 8.904943 3.143477 1.718552 5.380979 2.828965 2.723214 4.697879
5.112992 6.361787 4.997113 3.865410 7.299831 6.055329 3.549859 7.011827 4.728623 5.464115 5.684955 5.551740 4.346600 4.562791 6.566288 3.227804 5.959990 4.021465 3.373326 4.438404 4.127405 6.231607 3.766736 5.330917
5.583342 2.994175 5.061017 4.608488 4.588257 2.780934 3.469085 5.287556 6.032099 4.950875 5.811648 3.981898 3.962187 6.155956 4.873881 3.681909 5.921889 6.003291 4.932764 6.232433 5.235892 2.037999 4.434745 5.317589
5.289483 4.765064 6.400660 3.209010 4.869283 3.907240 3.790250 5.517727 3.893571 3.821732 4.474919 3.016552 6.689162 5.522415 5.434903 3.101361 5.710211 5.660331 5.853059 4.006224 4.760146 5.570575 4.310828 4.696914
5.730302 6.827428 4.772957 5.342288 5.131939 4.434930 2.240434 4.727260 4.559922 3.625747 4.737472 7.036172 6.089481 4.248076 3.773738 5.404601 4.263228 6.198383 3.585742 3.721936 4.177103 4.521432 3.218041 4.638672
3.959348 3.180423 6.480699 4.552197 3.842619 4.869748 4.837782 4.871162 3.474359 2.337826 5.288945 5.742811 4.301052 5.696504 5.372946 4.066986 4.718652 6.564260 3.392417 4.014999 4.370915 4.037490 5.668596 3.099279
5.815195 3.935285 3.321629 4.377611 4.887423 3.801442 3.685308 5.316331 2.361380 4.342593 5.585307 5.611796 4.259606 4.556536 4.628930 5.464521 2.974471 5.968887 5.239677 4.704922 3.939789 3.627246 6.763719 3.873682
6.566201 5.064487 4.073873 4.429978 4.889625 4.968488 5.701222 5.510148 3.210340 4.884833 4.818397 5.937572 5.624010 6.479948 5.752571 4.531974 3.245816 6.588490 4.956464 4.000950 4.027371 5.403209 4.146194 3.462310
5.585140 6.234481 3.807790 5.518915 5.560464 7.187463 4.553478 4.906587 6.103696 3.751774 5.436937 5.307512 4.013988 6.481509 6.233770 4.699758 4.418808 3.938219 5.207521 3.353749 6.367982 5.655529 5.319635 4.342504
4.108503 6.417995 5.047804 3.873077 6.104769 5.054335 4.763369 2.936028 5.069522 6.328802 5.898221 6.761016 6.833908 6.457064 4.539766 5.553865 4.430506 4.624673 2.337935 4.957933 6.041163 4.071005 7.015507 4.717579
6.868866 3.807023 7.276285 5.467890 4.808570 5.217849 5.499361 5.909508 4.294327 3.608269 5.940003 7.601208 3.425818 4.159061 3.722696 6.435526 5.030599 4.264768 6.625799 4.781100 5.297911 6.866777 5.953917 4.107917
4.058019 3.641923 5.237382 3.870649 5.048919 6.606801 4.187029 6.197051 3.686629 4.549181 5.839497 7.160492 6.152689 5.288473 4.810390 3.037483 5.914505 6.196922 4.419521 5.260645 5.273508 4.840047 6.086528 4.319700
