x	 y 	 value
0.1	3	-1
0.110656	2.9885	-1.15841
0.120915	2.97583	-1.31013
0.13092	2.96199	-1.45728
0.140758	2.94694	-1.60112
0.15048	2.93069	-1.74238
0.160121	2.91322	-1.88149
0.169699	2.89453	-2.01871
0.179228	2.87465	-2.15418
0.188717	2.85357	-2.28796
0.198169	2.83132	-2.4201
0.20759	2.8079	-2.55059
0.216982	2.78334	-2.67942
0.226347	2.75765	-2.80659
0.235686	2.73085	-2.93207
0.245	2.70296	-3.05582
0.254291	2.674	-3.17783
0.26356	2.64398	-3.29808
0.272808	2.61293	-3.41652
0.282035	2.58086	-3.53314
0.291243	2.5478	-3.6479
0.300432	2.51375	-3.76079
0.309604	2.47875	-3.87178
0.318759	2.4428	-3.98083
0.327897	2.40593	-4.08793
0.33702	2.36815	-4.19305
0.346128	2.32949	-4.29616
0.355223	2.28995	-4.39725
0.364304	2.24957	-4.49628
0.373372	2.20835	-4.59323
0.382428	2.16632	-4.68808
0.391473	2.12349	-4.78081
0.400507	2.07989	-4.87139
0.409531	2.03552	-4.95981
0.418545	1.99042	-5.04603
0.42755	1.9446	-5.13004
0.436546	1.89808	-5.21182
0.445533	1.85088	-5.29134
0.454513	1.80301	-5.36859
0.463486	1.7545	-5.44355
0.472451	1.70536	-5.51619
0.48141	1.65562	-5.5865
0.490363	1.6053	-5.65446
0.49931	1.55441	-5.72006
0.508252	1.50297	-5.78327
0.517189	1.45101	-5.84408
0.526122	1.39854	-5.90247
0.53505	1.34559	-5.95843
0.543974	1.29217	-6.01194
0.552895	1.23831	-6.06299
0.561812	1.18402	-6.11157
0.570726	1.12933	-6.15766
0.579638	1.07425	-6.20125
0.588547	1.01882	-6.24233
0.597454	0.963037	-6.28089
0.60636	0.906938	-6.31691
0.615263	0.850538	-6.3504
0.624166	0.793859	-6.38133
0.633068	0.736923	-6.40971
0.641969	0.67975	-6.43552
0.650869	0.622361	-6.45876
0.65977	0.564779	-6.47941
0.66867	0.507023	-6.49749
0.677571	0.449116	-6.51298
0.686472	0.391079	-6.52587
0.695374	0.332933	-6.53617
0.704277	0.2747	-6.54387
0.713182	0.216401	-6.54898
0.722088	0.158058	-6.55148
0.730996	0.0996917	-6.55138
0.739906	0.0413246	-6.54869
0.748819	-0.0170222	-6.54339
0.757734	-0.0753271	-6.5355
0.766651	-0.133569	-6.52502
0.775572	-0.191725	-6.51195
0.784497	-0.249775	-6.49629
0.793424	-0.307698	-6.47806
0.802356	-0.365471	-6.45725
0.811292	-0.423073	-6.43387
0.820232	-0.480483	-6.40793
0.829177	-0.537679	-6.37944
0.838127	-0.594641	-6.34841
0.847082	-0.651346	-6.31484
0.856042	-0.707774	-6.27874
0.865009	-0.763904	-6.24014
0.873981	-0.819714	-6.19903
0.88296	-0.875183	-6.15544
0.891945	-0.930291	-6.10936
0.900938	-0.985016	-6.06083
0.909937	-1.03934	-6.00984
0.918945	-1.09324	-5.95643
0.92796	-1.14669	-5.90059
0.936984	-1.19968	-5.84236
0.946016	-1.25218	-5.78173
0.955057	-1.30417	-5.71875
0.964108	-1.35564	-5.65341
0.973169	-1.40656	-5.58574
0.982239	-1.45692	-5.51577
0.991321	-1.50668	-5.4435
1.00041	-1.55584	-5.36896
1.00952	-1.60438	-5.29218
1.01863	-1.65226	-5.21316
1.02776	-1.69948	-5.13195
1.0369	-1.74601	-5.04855
1.04605	-1.79184	-4.963
1.05522	-1.83694	-4.87531
1.0644	-1.8813	-4.78551
1.0736	-1.92489	-4.69363
1.08281	-1.9677	-4.59969
1.09204	-2.00971	-4.50373
1.10129	-2.0509	-4.40575
1.11055	-2.09124	-4.3058
1.11983	-2.13072	-4.20391
1.12912	-2.16933	-4.10009
1.13844	-2.20704	-3.99438
1.14777	-2.24383	-3.88682
1.15713	-2.27968	-3.77742
1.16651	-2.31458	-3.66623
1.1759	-2.34851	-3.55327
1.18532	-2.38144	-3.43858
1.19476	-2.41336	-3.3222
1.20423	-2.44425	-3.20415
1.21372	-2.47409	-3.08448
1.22323	-2.50286	-2.96323
1.23277	-2.53054	-2.84043
1.24233	-2.55711	-2.71612
1.25192	-2.58255	-2.59036
1.26153	-2.60685	-2.46318
1.27118	-2.62998	-2.33464
1.28084	-2.65192	-2.20478
1.29053	-2.67266	-2.07367
1.30025	-2.69217	-1.94135
1.31	-2.71044	-1.8079
1.31977	-2.72745	-1.67337
1.32956	-2.74317	-1.53784
1.33938	-2.7576	-1.40139
1.34921	-2.77071	-1.2641
1.35907	-2.7825	-1.12604
1.36895	-2.79293	-0.987326
1.37884	-2.80201	-0.848041
1.38875	-2.80972	-0.70829
1.39866	-2.81605	-0.56818
1.40858	-2.82099	-0.427823
1.41851	-2.82454	-0.287331
1.42844	-2.8267	-0.146822
1.43837	-2.82746	-0.00641158
1.44829	-2.82682	0.133782
1.4582	-2.8248	0.273643
1.4681	-2.82141	0.413059
1.47798	-2.81664	0.551919
1.48785	-2.81051	0.690118
1.4977	-2.80303	0.827558
1.50752	-2.79423	0.964143
1.51732	-2.78412	1.09979
1.52709	-2.77272	1.2344
1.53683	-2.76004	1.36792
1.54655	-2.7461	1.50028
1.55623	-2.73093	1.6314
1.56589	-2.71455	1.76123
1.57551	-2.69698	1.88972
1.58511	-2.67823	2.01682
1.59468	-2.65833	2.14249
1.60422	-2.6373	2.26668
1.61373	-2.61516	2.38936
1.62321	-2.59192	2.51048
1.63266	-2.56762	2.63003
1.64209	-2.54226	2.74796
1.6515	-2.51587	2.86425
1.66088	-2.48846	2.97886
1.67023	-2.46006	3.09178
1.67957	-2.43068	3.20297
1.68888	-2.40035	3.31241
1.69817	-2.36907	3.42007
1.70744	-2.33687	3.52593
1.71669	-2.30376	3.62996
1.72592	-2.26977	3.73214
1.73514	-2.23491	3.83245
1.74434	-2.1992	3.93087
1.75352	-2.16265	4.02737
1.76269	-2.12529	4.12192
1.77184	-2.08713	4.21452
1.78098	-2.04819	4.30513
1.79011	-2.00849	4.39373
1.79923	-1.96804	4.48031
1.80833	-1.92687	4.56484
1.81742	-1.88498	4.64731
1.8265	-1.84241	4.72768
1.83557	-1.79916	4.80595
1.84464	-1.75526	4.8821
1.85369	-1.71072	4.9561
1.86273	-1.66557	5.02793
1.87177	-1.61981	5.09759
1.8808	-1.57347	5.16504
1.88982	-1.52658	5.23028
1.89884	-1.47913	5.29329
1.90785	-1.43116	5.35405
1.91685	-1.38269	5.41255
1.92585	-1.33373	5.46876
1.93484	-1.2843	5.52269
1.94383	-1.23442	5.57431
1.95282	-1.18411	5.6236
1.9618	-1.13339	5.67057
1.97077	-1.08228	5.71518
1.97975	-1.0308	5.75745
1.98872	-0.97897	5.79734
1.99769	-0.926805	5.83485
2.00665	-0.874328	5.86998
2.01562	-0.821558	5.90271
2.02458	-0.768516	5.93304
2.03354	-0.71522	5.96095
2.0425	-0.661692	5.98644
2.05146	-0.607951	6.00951
2.06042	-0.554017	6.03014
2.06937	-0.499911	6.04833
2.07833	-0.445652	6.06409
2.08729	-0.391261	6.07739
2.09625	-0.336759	6.08825
2.10521	-0.282164	6.09666
2.11417	-0.227499	6.10261
2.12313	-0.172782	6.10611
2.1321	-0.118035	6.10715
2.14106	-0.0632774	6.10574
2.15003	-0.00853002	6.10187
2.159	0.0461869	6.09556
2.16798	0.100853	6.08679
2.17695	0.155448	6.07558
2.18593	0.209951	6.06192
2.19492	0.264343	6.04583
2.20391	0.318602	6.0273
2.2129	0.372709	6.00635
2.22189	0.426644	5.98298
2.23089	0.480385	5.95719
2.2399	0.533914	5.929
2.24891	0.587209	5.89841
2.25793	0.640251	5.86543
2.26695	0.693019	5.83008
2.27598	0.745494	5.79235
2.28502	0.797656	5.75228
2.29406	0.849484	5.70985
2.30311	0.90096	5.6651
2.31217	0.952062	5.61803
2.32123	1.00277	5.56865
2.3303	1.05307	5.51698
2.33939	1.10294	5.46303
2.34848	1.15235	5.40683
2.35758	1.2013	5.34838
2.36669	1.24975	5.2877
2.37581	1.2977	5.22481
2.38494	1.34511	5.15973
2.39408	1.39198	5.09248
2.40324	1.43829	5.02307
2.4124	1.48401	4.95153
2.42158	1.52912	4.87787
2.43077	1.57361	4.80212
2.43998	1.61746	4.72429
2.4492	1.66065	4.64441
2.45843	1.70316	4.56251
2.46768	1.74497	4.4786
2.47694	1.78606	4.3927
2.48622	1.82642	4.30484
2.49552	1.86603	4.21505
2.50483	1.90487	4.12335
2.51417	1.94292	4.02977
2.52352	1.98016	3.93432
2.53289	2.01657	3.83704
2.54228	2.05214	3.73796
2.55169	2.08684	3.6371
2.56112	2.12067	3.5345
2.57057	2.1536	3.43017
2.58005	2.1856	3.32415
2.58955	2.21667	3.21648
2.59907	2.24679	3.10718
2.60862	2.27594	2.99628
2.6182	2.30409	2.88383
2.6278	2.33123	2.76985
2.63742	2.35734	2.65438
2.64708	2.3824	2.53747
2.65676	2.4064	2.41915
2.66647	2.42931	2.29947
2.67621	2.45111	2.17847
2.68597	2.47179	2.0562
2.69577	2.49133	1.93271
2.70559	2.5097	1.80806
2.71544	2.52689	1.68231
2.72531	2.54288	1.55552
2.73522	2.55766	1.42775
2.74514	2.57119	1.29909
2.7551	2.58348	1.1696
2.76507	2.59449	1.03938
2.77506	2.60423	0.908517
2.78507	2.61267	0.777097
2.7951	2.6198	0.645226
2.80513	2.62561	0.513007
2.81518	2.6301	0.38055
2.82523	2.63326	0.247966
2.83528	2.63508	0.115369
2.84533	2.63558	-0.0171237
2.85538	2.63474	-0.149398
2.86541	2.63258	-0.28134
2.87543	2.6291	-0.412837
2.88544	2.62431	-0.543783
2.89543	2.61823	-0.674074
2.90539	2.61087	-0.803611
2.91533	2.60224	-0.932305
2.92524	2.59236	-1.06007
2.93513	2.58125	-1.18682
2.94498	2.56894	-1.3125
2.95481	2.55543	-1.43702
2.9646	2.54075	-1.56034
2.97436	2.52492	-1.6824
2.98409	2.50796	-1.80314
2.99379	2.48989	-1.92252
3.00346	2.47074	-2.0405
3.01309	2.45051	-2.15705
3.0227	2.42923	-2.27212
3.03227	2.40693	-2.38568
3.04182	2.38361	-2.4977
3.05134	2.35931	-2.60816
3.06083	2.33403	-2.71703
3.0703	2.3078	-2.82427
3.07974	2.28063	-2.92987
3.08916	2.25255	-3.0338
3.09855	2.22356	-3.13604
3.10793	2.1937	-3.23656
3.11728	2.16297	-3.33535
3.12661	2.13139	-3.43237
3.13592	2.09898	-3.52762
3.14521	2.06576	-3.62106
3.15449	2.03175	-3.71268
3.16375	1.99696	-3.80246
3.17299	1.9614	-3.89037
3.18221	1.92511	-3.97641
3.19143	1.88808	-4.06054
3.20063	1.85035	-4.14274
3.20981	1.81192	-4.22301
3.21898	1.77282	-4.30131
3.22815	1.73306	-4.37764
3.2373	1.69266	-4.45197
3.24644	1.65164	-4.52429
3.25556	1.61001	-4.59458
3.26468	1.56779	-4.66282
3.2738	1.525	-4.72899
3.2829	1.48166	-4.79309
3.29199	1.43778	-4.85508
3.30108	1.39338	-4.91497
3.31016	1.34849	-4.97273
3.31923	1.30311	-5.02835
3.3283	1.25727	-5.08181
3.33736	1.21098	-5.1331
3.34642	1.16426	-5.18221
3.35547	1.11714	-5.22913
3.36452	1.06962	-5.27385
3.37356	1.02173	-5.31634
3.3826	0.973491	-5.35661
3.39164	0.924913	-5.39464
3.40067	0.876017	-5.43042
3.4097	0.826823	-5.46395
3.41873	0.77735	-5.49521
3.42775	0.727616	-5.5242
3.43678	0.677641	-5.55091
3.4458	0.627442	-5.57533
3.45482	0.57704	-5.59745
3.46384	0.526452	-5.61728
3.47286	0.475699	-5.63481
3.48188	0.424799	-5.65003
3.4909	0.373772	-5.66293
3.49992	0.322636	-5.67353
3.50894	0.271411	-5.6818
3.51797	0.220116	-5.68776
3.52699	0.16877	-5.6914
3.53602	0.117393	-5.69272
3.54504	0.066003	-5.69172
3.55407	0.0146206	-5.6884
3.5631	-0.0367355	-5.68276
3.57214	-0.0880461	-5.67481
3.58118	-0.139292	-5.66455
3.59022	-0.190453	-5.65198
3.59926	-0.241511	-5.63711
3.60831	-0.292447	-5.61993
3.61736	-0.343241	-5.60046
3.62642	-0.393873	-5.57871
3.63548	-0.444326	-5.55467
3.64455	-0.49458	-5.52836
3.65362	-0.544615	-5.49978
3.6627	-0.594412	-5.46894
3.67179	-0.643954	-5.43586
3.68088	-0.69322	-5.40054
3.68998	-0.742191	-5.36298
3.69908	-0.79085	-5.32322
3.7082	-0.839177	-5.28124
3.71732	-0.887153	-5.23707
3.72645	-0.93476	-5.19072
3.73559	-0.981979	-5.1422
3.74474	-1.02879	-5.09153
3.75389	-1.07518	-5.03872
3.76306	-1.12112	-4.98379
3.77224	-1.16661	-4.92674
3.78143	-1.21161	-4.86761
3.79063	-1.25611	-4.80639
3.79984	-1.3001	-4.74312
3.80906	-1.34355	-4.67781
3.8183	-1.38645	-4.61047
3.82755	-1.42878	-4.54113
3.83681	-1.47052	-4.4698
3.84609	-1.51166	-4.39651
3.85538	-1.55217	-4.32127
3.86469	-1.59204	-4.24411
3.87401	-1.63125	-4.16504
3.88336	-1.66978	-4.08409
3.89271	-1.70762	-4.00128
3.90209	-1.74474	-3.91664
3.91149	-1.78113	-3.83017
3.9209	-1.81678	-3.74192
3.93033	-1.85166	-3.6519
3.93979	-1.88576	-3.56014
3.94926	-1.91906	-3.46666
3.95876	-1.95154	-3.37149
3.96828	-1.98318	-3.27465
3.97783	-2.01397	-3.17618
3.9874	-2.04389	-3.07609
3.99699	-2.07292	-2.97443
4.00662	-2.10104	-2.87121
4.01626	-2.12824	-2.76648
4.02594	-2.15449	-2.66025
4.03564	-2.17979	-2.55258
4.04537	-2.2041	-2.44348
4.05513	-2.22741	-2.333
4.06492	-2.24971	-2.22117
4.07474	-2.27097	-2.10805
4.08459	-2.29117	-1.99366
4.09447	-2.3103	-1.87806
4.10439	-2.32834	-1.7613
4.11433	-2.34527	-1.64343
4.1243	-2.36107	-1.52451
4.1343	-2.37571	-1.40461
4.14433	-2.3892	-1.28378
4.15439	-2.40149	-1.1621
4.16447	-2.41259	-1.03965
4.17457	-2.42248	-0.916511
4.18469	-2.43113	-0.792775
4.19484	-2.43854	-0.668534
4.205	-2.4447	-0.543888
4.21517	-2.4496	-0.418942
4.22534	-2.45323	-0.293804
4.23553	-2.45558	-0.168586
4.24571	-2.45666	-0.0434008
4.25589	-2.45646	0.0816373
4.26606	-2.455	0.206415
4.27623	-2.45227	0.33082
4.28637	-2.44828	0.454744
4.2965	-2.44305	0.578082
4.30661	-2.43659	0.700735
4.31669	-2.42891	0.82261
4.32674	-2.42003	0.943618
4.33677	-2.40996	1.06368
4.34676	-2.39874	1.18272
4.35672	-2.38637	1.30067
4.36665	-2.37287	1.41748
4.37655	-2.35827	1.53307
4.38641	-2.34258	1.64741
4.39624	-2.32584	1.76045
4.40603	-2.30805	1.87214
4.41579	-2.28923	1.98245
4.42552	-2.26942	2.09135
4.43521	-2.24861	2.19879
4.44488	-2.22685	2.30476
4.45451	-2.20414	2.40923
4.46412	-2.1805	2.51216
4.47369	-2.15596	2.61354
4.48324	-2.13052	2.71333
4.49277	-2.10421	2.81153
4.50226	-2.07704	2.90811
4.51174	-2.04904	3.00304
4.52119	-2.02022	3.0963
4.53062	-1.99059	3.18789
4.54002	-1.96018	3.27777
4.54941	-1.92899	3.36592
4.55878	-1.89705	3.45234
4.56813	-1.86438	3.53699
4.57746	-1.83098	3.61987
4.58677	-1.79688	3.70095
4.59607	-1.7621	3.78021
4.60535	-1.72664	3.85765
4.61462	-1.69053	3.93323
4.62388	-1.65378	4.00695
4.63312	-1.61641	4.07878
4.64235	-1.57843	4.14871
4.65157	-1.53987	4.21673
4.66078	-1.50074	4.28281
4.66998	-1.46105	4.34695
4.67916	-1.42082	4.40913
4.68834	-1.38007	4.46933
4.69751	-1.33882	4.52754
4.70667	-1.29708	4.58374
4.71582	-1.25487	4.63792
4.72497	-1.21221	4.69007
4.73411	-1.16911	4.74018
4.74324	-1.12559	4.78822
4.75237	-1.08168	4.8342
4.76149	-1.03737	4.8781
4.77061	-0.992705	4.91991
4.77972	-0.947688	4.95962
4.78883	-0.902339	4.99721
4.79793	-0.856677	5.03268
4.80704	-0.810719	5.06603
4.81613	-0.764482	5.09724
4.82523	-0.717985	5.1263
4.83432	-0.671245	5.15321
4.84341	-0.624281	5.17796
4.8525	-0.57711	5.20054
4.86159	-0.52975	5.22095
4.87068	-0.48222	5.23919
4.87976	-0.434537	5.25525
4.88885	-0.386719	5.26913
4.89793	-0.338786	5.28081
4.90702	-0.290754	5.29031
4.91611	-0.242642	5.29762
4.9252	-0.194469	5.30273
4.93429	-0.146252	5.30566
4.94338	-0.0980096	5.30638
4.95247	-0.0497606	5.30492
4.96156	-0.00152278	5.30126
4.97066	0.0466855	5.29541
4.97976	0.0948459	5.28737
4.98887	0.14294	5.27715
4.99797	0.19095	5.26475
5.00709	0.238858	5.25016
5.0162	0.286644	5.23341
5.02532	0.334292	5.21448
5.03445	0.381783	5.1934
5.04358	0.429098	5.17016
5.05271	0.47622	5.14476
5.06185	0.523131	5.11723
5.071	0.569812	5.08756
5.08016	0.616246	5.05577
5.08932	0.662414	5.02187
5.09849	0.708299	4.98585
5.10766	0.753882	4.94775
5.11685	0.799146	4.90756
5.12604	0.844074	4.86529
5.13524	0.888647	4.82097
5.14446	0.932848	4.77459
5.15368	0.976659	4.72619
5.16291	1.02006	4.67576
5.17215	1.06304	4.62332
5.18141	1.10558	4.56889
5.19067	1.14765	4.51248
5.19995	1.18925	4.45411
5.20924	1.23036	4.3938
5.21854	1.27095	4.33155
5.22786	1.31102	4.2674
5.23719	1.35053	4.20135
5.24654	1.38949	4.13342
5.2559	1.42787	4.06363
5.26528	1.46564	3.992
5.27468	1.50281	3.91855
5.28409	1.53934	3.8433
5.29352	1.57523	3.76628
5.30297	1.61045	3.68749
5.31244	1.64499	3.60696
5.32193	1.67883	3.52471
5.33144	1.71196	3.44077
5.34097	1.74435	3.35516
5.35052	1.776	3.26789
5.3601	1.80687	3.179
5.36971	1.83697	3.08851
5.37933	1.86626	2.99644
5.38899	1.89474	2.90281
5.39867	1.92238	2.80767
5.40837	1.94917	2.71102
5.41811	1.97509	2.61291
5.42787	2.00012	2.51335
5.43767	2.02424	2.41238
5.44749	2.04745	2.31004
5.45735	2.06971	2.20635
5.46724	2.091	2.10135
5.47716	2.11133	1.99509
5.48711	2.13065	1.88759
5.4971	2.14896	1.77891
5.50711	2.16623	1.66908
5.51717	2.18245	1.55817
5.52725	2.1976	1.44622
5.53737	2.21166	1.33329
5.54751	2.22462	1.21945
5.55769	2.23644	1.10476
5.56789	2.24713	0.989303
5.57812	2.25666	0.873152
5.58838	2.26501	0.756395
5.59865	2.27218	0.639122
5.60894	2.27815	0.521432
5.61925	2.28292	0.403425
5.62956	2.28647	0.285208
5.63989	2.28881	0.166891
5.65021	2.28992	0.048584
5.66053	2.28981	-0.0695986
5.67085	2.28848	-0.187545
5.68115	2.28594	-0.305143
5.69144	2.2822	-0.422285
5.70171	2.27726	-0.538868
5.71196	2.27115	-0.654791
5.72218	2.26386	-0.769963
5.73237	2.25543	-0.884295
5.74253	2.24587	-0.997709
5.75266	2.23519	-1.11013
5.76276	2.22342	-1.22149
5.77282	2.21058	-1.33173
5.78284	2.19668	-1.4408
5.79283	2.18175	-1.54865
5.80278	2.16581	-1.65522
5.81269	2.14887	-1.76049
5.82257	2.13096	-1.86442
5.83242	2.1121	-1.96697
5.84223	2.09231	-2.06811
5.852	2.0716	-2.16782
5.86175	2.04999	-2.26607
5.87146	2.02751	-2.36284
5.88114	2.00417	-2.4581
5.89079	1.97999	-2.55183
5.90042	1.95499	-2.64402
5.91001	1.92917	-2.73464
5.91959	1.90257	-2.82368
5.92913	1.87519	-2.91111
5.93865	1.84706	-2.99692
5.94815	1.81819	-3.08109
5.95763	1.78859	-3.1636
5.96709	1.75829	-3.24444
5.97653	1.72729	-3.32358
5.98595	1.69562	-3.40102
5.99535	1.66329	-3.47674
6.00473	1.63031	-3.55071
6.0141	1.59671	-3.62293
6.02345	1.56249	-3.69338
6.03279	1.52768	-3.76204
6.04211	1.49229	-3.82891
6.05142	1.45633	-3.89395
6.06072	1.41983	-3.95716
6.07001	1.38279	-4.01853
6.07928	1.34524	-4.07804
6.08854	1.30719	-4.13567
6.0978	1.26865	-4.19142
6.10704	1.22965	-4.24527
6.11628	1.1902	-4.2972
6.12551	1.15031	-4.34722
6.13473	1.11	-4.39529
6.14394	1.06928	-4.44142
6.15315	1.02819	-4.48559
6.16235	0.98672	-4.5278
6.17154	0.9449	-4.56802
6.18073	0.902744	-4.60625
6.18992	0.860268	-4.64249
6.1991	0.81749	-4.67672
6.20827	0.774425	-4.70893
6.21744	0.731092	-4.73912
6.22661	0.687506	-4.76728
6.23578	0.643685	-4.79341
6.24494	0.599646	-4.81749
6.2541	0.555405	-4.83952
6.26326	0.51098	-4.8595
6.27242	0.466389	-4.87742
6.28158	0.421647	-4.89328
6.29074	0.376773	-4.90707
6.29989	0.331783	-4.9188
6.30905	0.286695	-4.92845
6.31821	0.241526	-4.93602
6.32736	0.196293	-4.94152
6.33652	0.151013	-4.94495
6.34568	0.105705	-4.9463
6.35485	0.0603846	-4.94557
6.36401	0.0150698	-4.94277
6.37318	-0.0302222	-4.93789
6.38235	-0.075474	-4.93094
6.39152	-0.120668	-4.92192
6.4007	-0.165788	-4.91084
6.40988	-0.210816	-4.89769
6.41906	-0.255734	-4.88248
6.42825	-0.300526	-4.86522
6.43744	-0.345174	-4.84591
6.44664	-0.389661	-4.82456
6.45585	-0.433969	-4.80118
6.46506	-0.478082	-4.77576
6.47428	-0.521983	-4.74832
6.4835	-0.565654	-4.71887
6.49274	-0.609078	-4.68741
6.50197	-0.652239	-4.65395
6.51122	-0.695118	-4.61851
6.52048	-0.7377	-4.58109
6.52974	-0.779968	-4.54171
6.53902	-0.821904	-4.50037
6.5483	-0.863492	-4.45708
6.5576	-0.904714	-4.41187
6.5669	-0.945555	-4.36473
6.57622	-0.985998	-4.31569
6.58555	-1.02603	-4.26476
6.59489	-1.06562	-4.21195
6.60425	-1.10477	-4.15727
6.61361	-1.14345	-4.10074
6.623	-1.18165	-4.04238
6.63239	-1.21936	-3.98221
6.6418	-1.25655	-3.92022
6.65123	-1.29321	-3.85646
6.66067	-1.32933	-3.79092
6.67014	-1.36488	-3.72363
6.67961	-1.39985	-3.65461
6.68911	-1.43423	-3.58388
6.69863	-1.46799	-3.51144
6.70817	-1.50113	-3.43733
6.71772	-1.53362	-3.36156
6.7273	-1.56546	-3.28415
6.7369	-1.59662	-3.20512
6.74653	-1.62708	-3.1245
6.75618	-1.65684	-3.0423
6.76585	-1.68587	-2.95854
6.77555	-1.71415	-2.87325
6.78528	-1.74168	-2.78645
6.79503	-1.76844	-2.69816
6.80482	-1.7944	-2.60842
6.81463	-1.81955	-2.51723
6.82447	-1.84387	-2.42464
6.83435	-1.86735	-2.33066
6.84425	-1.88997	-2.23533
6.85419	-1.91171	-2.13868
6.86417	-1.93256	-2.04073
6.87417	-1.95249	-1.94153
6.88422	-1.97148	-1.8411
6.89429	-1.98953	-1.73949
6.90441	-2.0066	-1.63673
6.91456	-2.02268	-1.53288
6.92474	-2.03776	-1.42798
6.93496	-2.05182	-1.32208
6.94521	-2.06483	-1.21524
6.9555	-2.07677	-1.10753
6.96582	-2.08764	-0.999001
6.97617	-2.09742	-0.889738
6.98654	-2.10608	-0.779817
6.99694	-2.11362	-0.669324
7.00737	-2.12002	-0.558349
7.01781	-2.12527	-0.446989
7.02827	-2.12936	-0.335346
7.03873	-2.13228	-0.223525
7.0492	-2.13404	-0.111637
7.05968	-2.13462	0.000209071
7.07015	-2.13403	0.1119
7.08061	-2.13228	0.223323
7.09106	-2.12936	0.334371
7.10149	-2.1253	0.444937
7.1119	-2.12009	0.554919
7.12229	-2.11376	0.664221
7.13264	-2.10632	0.772754
7.14297	-2.09778	0.880433
7.15326	-2.08817	0.987184
7.16351	-2.0775	1.09293
7.17373	-2.0658	1.19762
7.18391	-2.05308	1.3012
7.19405	-2.03936	1.4036
7.20416	-2.02467	1.50479
7.21422	-2.00902	1.60472
7.22425	-1.99243	1.70336
7.23423	-1.97493	1.80068
7.24418	-1.95654	1.89665
7.2541	-1.93726	1.99123
7.26397	-1.91713	2.08441
7.27382	-1.89616	2.17617
7.28363	-1.87437	2.26647
7.29341	-1.85177	2.35531
7.30315	-1.82838	2.44266
7.31287	-1.80422	2.5285
7.32256	-1.77931	2.61282
7.33222	-1.75367	2.6956
7.34186	-1.7273	2.77683
7.35147	-1.70023	2.85648
7.36105	-1.67246	2.93454
7.37062	-1.64403	3.011
7.38016	-1.61494	3.08585
7.38968	-1.5852	3.15906
7.39918	-1.55484	3.23062
7.40867	-1.52387	3.30052
7.41813	-1.49231	3.36875
7.42758	-1.46016	3.43528
7.43701	-1.42745	3.50011
7.44643	-1.39419	3.56321
7.45583	-1.36039	3.62459
7.46522	-1.32608	3.68422
7.4746	-1.29126	3.7421
7.48396	-1.25595	3.7982
7.49331	-1.22017	3.85252
7.50265	-1.18394	3.90504
7.51198	-1.14726	3.95576
7.5213	-1.11016	4.00466
7.53062	-1.07264	4.05173
7.53992	-1.03473	4.09696
7.54922	-0.996443	4.14033
7.5585	-0.957791	4.18185
7.56778	-0.91879	4.2215
7.57706	-0.879458	4.25926
7.58633	-0.83981	4.29514
7.59559	-0.799861	4.32912
7.60485	-0.759628	4.3612
7.6141	-0.719126	4.39136
7.62335	-0.678373	4.4196
7.6326	-0.637383	4.44592
7.64184	-0.596172	4.47031
7.65108	-0.554758	4.49276
7.66032	-0.513157	4.51326
7.66956	-0.471383	4.53182
7.67879	-0.429455	4.54842
7.68802	-0.387388	4.56307
7.69725	-0.345198	4.57576
7.70649	-0.302901	4.58649
7.71572	-0.260515	4.59526
7.72495	-0.218056	4.60206
7.73418	-0.175539	4.60689
7.74342	-0.132982	4.60976
7.75265	-0.0904002	4.61066
7.76189	-0.0478109	4.60959
7.77113	-0.00523021	4.60656
7.78037	0.0373254	4.60156
7.78962	0.0798394	4.5946
7.79886	0.122295	4.58568
7.80812	0.164677	4.5748
7.81737	0.206968	4.56197
7.82663	0.249151	4.54719
7.8359	0.291211	4.53047
7.84517	0.333131	4.5118
7.85445	0.374895	4.4912
7.86373	0.416486	4.46868
7.87302	0.457888	4.44423
7.88232	0.499084	4.41787
7.89162	0.540059	4.3896
7.90093	0.580797	4.35943
7.91025	0.62128	4.32737
7.91958	0.661494	4.29343
7.92892	0.701421	4.25762
7.93826	0.741046	4.21994
7.94762	0.780353	4.18042
7.95699	0.819325	4.13905
7.96637	0.857947	4.09585
7.97576	0.896203	4.05084
7.98516	0.934078	4.00402
7.99458	0.971554	3.95541
8.00401	1.00862	3.90502
8.01345	1.04525	3.85287
8.02291	1.08144	3.79896
8.03238	1.11716	3.74331
8.04187	1.15242	3.68594
8.05137	1.18717	3.62687
8.0609	1.22142	3.56609
8.07044	1.25515	3.50365
8.08	1.28834	3.43954
8.08957	1.32097	3.37379
8.09917	1.35304	3.3064
8.10879	1.38452	3.23741
8.11843	1.41539	3.16683
8.1281	1.44565	3.09467
8.13778	1.47528	3.02096
8.1475	1.50426	2.94571
8.15723	1.53257	2.86894
8.167	1.5602	2.79068
8.17679	1.58714	2.71093
8.18661	1.61336	2.62973
8.19646	1.63886	2.54709
8.20634	1.66361	2.46305
8.21625	1.6876	2.37761
8.22619	1.71081	2.2908
8.23617	1.73323	2.20265
8.24618	1.75483	2.11319
8.25622	1.7756	2.02244
8.2663	1.79553	1.93043
8.27642	1.81459	1.8372
8.28658	1.83277	1.74276
8.29677	1.85005	1.64717
8.307	1.86641	1.55046
8.31727	1.88184	1.45267
8.32758	1.8963	1.35385
8.33793	1.9098	1.25403
8.34831	1.9223	1.15329
8.35873	1.93379	1.05168
8.36918	1.94425	0.949255
8.37967	1.95366	0.846093
8.39019	1.96202	0.742269
8.40074	1.9693	0.637865
8.41131	1.97549	0.532969
8.42191	1.98058	0.427674
8.43252	1.98455	0.322082
8.44314	1.98741	0.216296
8.45377	1.98915	0.110423
8.4644	1.98976	0.00457398
8.47503	1.98925	-0.101139
8.48566	1.98761	-0.206606
8.49627	1.98486	-0.311718
8.50686	1.98101	-0.416368
8.51743	1.97605	-0.520454
8.52797	1.97002	-0.623882
8.53849	1.96292	-0.72656
8.54897	1.95477	-0.828407
8.55941	1.94559	-0.929347
8.56982	1.9354	-1.02931
8.58019	1.92421	-1.12823
8.59051	1.91205	-1.22606
8.6008	1.89895	-1.32275
8.61104	1.88491	-1.41825
8.62124	1.86996	-1.51253
8.6314	1.85411	-1.60554
8.64152	1.8374	-1.69727
8.6516	1.81984	-1.78767
8.66164	1.80144	-1.87673
8.67164	1.78223	-1.96442
8.6816	1.76222	-2.05073
8.69153	1.74144	-2.13563
8.70142	1.71989	-2.2191
8.71128	1.6976	-2.30113
8.72111	1.67459	-2.3817
8.73091	1.65086	-2.4608
8.74068	1.62643	-2.53841
8.75042	1.60133	-2.61452
8.76014	1.57557	-2.68911
8.76983	1.54916	-2.76217
8.77949	1.52211	-2.83368
8.78913	1.49445	-2.90363
8.79875	1.46618	-2.97201
8.80835	1.43733	-3.03881
8.81793	1.40791	-3.10401
8.82749	1.37793	-3.1676
8.83703	1.34741	-3.22956
8.84656	1.31636	-3.28989
8.85606	1.2848	-3.34857
8.86556	1.25274	-3.40559
8.87503	1.22019	-3.46093
8.8845	1.18718	-3.5146
8.89395	1.15371	-3.56657
8.90339	1.11981	-3.61683
8.91281	1.08548	-3.66537
8.92223	1.05074	-3.71219
8.93164	1.01561	-3.75727
8.94103	0.9801	-3.80061
8.95042	0.944224	-3.84218
8.9598	0.908	-3.88199
8.96917	0.87144	-3.92003
8.97853	0.834562	-3.95628
8.98789	0.79738	-3.99074
8.99724	0.759909	-4.0234
9.00658	0.722164	-4.05425
9.01592	0.68416	-4.08329
9.02526	0.645913	-4.1105
9.03459	0.607439	-4.13589
9.04391	0.568751	-4.15945
9.05324	0.529867	-4.18117
9.06256	0.490801	-4.20105
9.07187	0.451568	-4.21908
9.08119	0.412184	-4.23526
9.0905	0.372665	-4.24959
9.09982	0.333027	-4.26205
9.10913	0.293284	-4.27266
9.11844	0.253452	-4.28141
9.12775	0.213547	-4.28829
9.13707	0.173584	-4.29331
9.14638	0.133579	-4.29646
9.15569	0.0935483	-4.29774
9.16501	0.0535065	-4.29717
9.17433	0.0134697	-4.29472
9.18365	-0.0265467	-4.29042
9.19298	-0.0665269	-4.28425
9.2023	-0.106455	-4.27622
9.21163	-0.146316	-4.26634
9.22097	-0.186094	-4.2546
9.23031	-0.225774	-4.24101
9.23965	-0.265339	-4.22558
9.24901	-0.304774	-4.20831
9.25836	-0.344064	-4.1892
9.26773	-0.383194	-4.16826
9.27709	-0.422147	-4.1455
9.28647	-0.460908	-4.12092
9.29586	-0.499461	-4.09453
9.30525	-0.537792	-4.06634
9.31465	-0.575885	-4.03635
9.32406	-0.613724	-4.00457
9.33348	-0.651295	-3.97102
9.34291	-0.688581	-3.9357
9.35235	-0.725567	-3.89862
9.36181	-0.762239	-3.85979
9.37127	-0.798581	-3.81922
9.38075	-0.834578	-3.77692
9.39024	-0.870214	-3.73291
9.39974	-0.905475	-3.68719
9.40926	-0.940345	-3.63978
9.41879	-0.97481	-3.59069
9.42834	-1.00885	-3.53994
9.4379	-1.04246	-3.48752
9.44748	-1.07562	-3.43347
9.45708	-1.10831	-3.37779
9.4667	-1.14052	-3.3205
9.47633	-1.17224	-3.2616
9.48599	-1.20344	-3.20113
9.49566	-1.23412	-3.13909
9.50536	-1.26426	-3.07549
9.51508	-1.29384	-3.01036
9.52483	-1.32286	-2.94371
9.53459	-1.35128	-2.87555
9.54439	-1.37911	-2.80591
9.55421	-1.40631	-2.73479
9.56406	-1.43289	-2.66223
9.57393	-1.45882	-2.58823
9.58384	-1.48409	-2.51282
9.59377	-1.50868	-2.43601
9.60374	-1.53257	-2.35783
9.61374	-1.55575	-2.27829
9.62378	-1.57821	-2.19742
9.63384	-1.59993	-2.11524
9.64395	-1.62088	-2.03176
9.65409	-1.64106	-1.94703
9.66427	-1.66045	-1.86106
9.67449	-1.67902	-1.77387
9.68475	-1.69677	-1.68551
9.69505	-1.71367	-1.596
9.70539	-1.7297	-1.50537
9.71577	-1.74486	-1.41366
9.72619	-1.75911	-1.32092
9.73666	-1.77244	-1.22719
9.74716	-1.78484	-1.13251
9.75771	-1.79628	-1.03694
9.76829	-1.80675	-0.940535
9.77891	-1.81622	-0.843365
9.78957	-1.82469	-0.745498
9.80026	-1.83213	-0.647011
9.81098	-1.83854	-0.547986
9.82173	-1.84389	-0.448514
9.83249	-1.84819	-0.34869
9.84328	-1.85141	-0.248615
9.85407	-1.85355	-0.148393
9.86487	-1.85461	-0.048134
9.87568	-1.85459	0.0520526
9.88648	-1.85349	0.152055
9.89726	-1.85131	0.251764
9.90803	-1.84806	0.351072
9.91878	-1.84376	0.449875
9.92951	-1.8384	0.548075
9.9402	-1.83202	0.645579
9.95086	-1.82462	0.742302
9.96149	-1.81623	0.838166
9.97207	-1.80685	0.933099
9.98261	-1.79652	1.02704
9.99311	-1.78525	1.11993
10.0036	-1.77306	1.21171
10.014	-1.75997	1.30235
10.0243	-1.74601	1.39181
10.0347	-1.73119	1.48004
10.0449	-1.71553	1.56702
10.0552	-1.69906	1.65273
10.0653	-1.68179	1.73713
10.0755	-1.66374	1.82021
10.0856	-1.64492	1.90194
10.0957	-1.62537	1.98232
10.1057	-1.60508	2.06131
10.1157	-1.58409	2.13891
10.1257	-1.5624	2.21511
10.1356	-1.54004	2.28988
10.1455	-1.51701	2.36321
10.1553	-1.49334	2.43509
10.1652	-1.46904	2.50552
10.175	-1.44413	2.57446
10.1848	-1.41861	2.64193
10.1945	-1.39251	2.70789
10.2043	-1.36584	2.77234
10.214	-1.33861	2.83527
10.2237	-1.31085	2.89667
10.2333	-1.28255	2.95652
10.243	-1.25374	3.01482
10.2526	-1.22444	3.07155
10.2622	-1.19465	3.1267
10.2718	-1.16439	3.18026
10.2814	-1.13368	3.23222
10.2909	-1.10253	3.28258
10.3005	-1.07094	3.33131
10.31	-1.03895	3.37841
10.3196	-1.00656	3.42387
10.3291	-0.973782	3.46769
10.3386	-0.940636	3.50984
10.3481	-0.907135	3.55033
10.3575	-0.873292	3.58915
10.367	-0.839123	3.62628
10.3765	-0.804641	3.66171
10.3859	-0.769862	3.69545
10.3954	-0.734799	3.72748
10.4048	-0.699466	3.7578
10.4142	-0.66388	3.78639
10.4237	-0.628053	3.81326
10.4331	-0.592001	3.8384
10.4425	-0.555738	3.8618
10.4519	-0.519279	3.88346
10.4613	-0.482639	3.90336
10.4707	-0.445832	3.92152
10.4801	-0.408873	3.93792
10.4895	-0.371776	3.95256
10.4989	-0.334557	3.96544
10.5083	-0.297231	3.97655
10.5177	-0.259811	3.9859
10.5271	-0.222313	3.99348
10.5365	-0.184752	3.99929
10.5459	-0.147142	4.00332
10.5553	-0.109499	4.00559
10.5647	-0.0718376	4.00609
10.5741	-0.034172	4.00481
10.5835	0.0034826	4.00177
10.5929	0.0411113	3.99695
10.6024	0.0786992	3.99038
10.6118	0.116231	3.98203
10.6212	0.153693	3.97193
10.6306	0.191069	3.96007
10.64	0.228346	3.94646
10.6495	0.265507	3.93109
10.6589	0.302538	3.91398
10.6684	0.339424	3.89513
10.6778	0.376152	3.87454
10.6873	0.412704	3.85223
10.6967	0.449068	3.82819
10.7062	0.485228	3.80244
10.7157	0.52117	3.77498
10.7252	0.556879	3.74581
10.7347	0.59234	3.71495
10.7442	0.627539	3.68241
10.7537	0.66246	3.64819
10.7633	0.69709	3.61231
10.7728	0.731415	3.57476
10.7824	0.765418	3.53557
10.792	0.799087	3.49474
10.8016	0.832405	3.45228
10.8112	0.86536	3.40821
10.8208	0.897937	3.36253
10.8304	0.93012	3.31526
10.8401	0.961896	3.26641
10.8498	0.993251	3.21599
10.8594	1.02417	3.16402
10.8692	1.05464	3.1105
10.8789	1.08464	3.05545
10.8886	1.11416	2.99889
10.8984	1.14319	2.94082
10.9082	1.17171	2.88127
10.918	1.19971	2.82024
10.9279	1.22717	2.75775
10.9377	1.25408	2.69382
10.9476	1.28043	2.62846
10.9576	1.30619	2.56169
10.9675	1.33135	2.49353
10.9775	1.35591	2.42398
10.9875	1.37984	2.35307
10.9976	1.40312	2.28082
11.0077	1.42575	2.20724
11.0178	1.44771	2.13235
11.0279	1.46897	2.05618
11.0381	1.48954	1.97873
11.0484	1.50938	1.90004
11.0586	1.52848	1.82013
11.0689	1.54683	1.73901
11.0793	1.56441	1.65672
11.0897	1.5812	1.57329
11.1001	1.59719	1.48873
11.1106	1.61235	1.40309
11.1211	1.62666	1.3164
11.1317	1.64012	1.2287
11.1423	1.65269	1.14003
11.153	1.66437	1.05044
11.1637	1.67513	0.959975
11.1744	1.68496	0.868697
11.1852	1.69384	0.776668
11.196	1.70175	0.683959
11.2069	1.70867	0.590643
11.2178	1.71459	0.496805
11.2287	1.7195	0.402532
11.2397	1.72339	0.30792
11.2506	1.72625	0.21307
11.2616	1.72807	0.118087
11.2726	1.72884	0.0230782
11.2836	1.72857	-0.0718446
11.2946	1.72726	-0.166571
11.3055	1.72492	-0.260991
11.3165	1.72155	-0.354998
11.3274	1.71716	-0.44849
11.3383	1.71176	-0.541369
11.3492	1.70538	-0.633544
11.36	1.69803	-0.724933
11.3708	1.68972	-0.81546
11.3815	1.68048	-0.905054
11.3922	1.67032	-0.993657
11.4029	1.65927	-1.08121
11.4135	1.64735	-1.16767
11.424	1.63457	-1.253
11.4345	1.62096	-1.33715
11.445	1.60654	-1.4201
11.4554	1.59133	-1.50182
11.4657	1.57535	-1.58228
11.4761	1.55861	-1.66146
11.4863	1.54114	-1.73934
11.4966	1.52295	-1.81591
11.5068	1.50406	-1.89115
11.5169	1.48448	-1.96504
11.527	1.46424	-2.03757
11.5371	1.44335	-2.10874
11.5471	1.42182	-2.17851
11.5571	1.39968	-2.24689
11.5671	1.37693	-2.31387
11.5771	1.35359	-2.37943
11.587	1.32968	-2.44355
11.5969	1.3052	-2.50624
11.6067	1.28019	-2.56748
11.6166	1.25464	-2.62726
11.6264	1.22857	-2.68556
11.6362	1.202	-2.74239
11.6459	1.17495	-2.79773
11.6557	1.14742	-2.85156
11.6654	1.11942	-2.90389
11.6751	1.09098	-2.9547
11.6848	1.06211	-3.00398
11.6945	1.03282	-3.05171
11.7041	1.00312	-3.09791
11.7138	0.973026	-3.14254
11.7234	0.942555	-3.18561
11.733	0.91172	-3.22711
11.7426	0.880534	-3.26703
11.7522	0.84901	-3.30535
11.7618	0.817162	-3.34208
11.7714	0.785005	-3.3772
11.7809	0.752551	-3.41071
11.7905	0.719815	-3.4426
11.8	0.68681	-3.47287
11.8096	0.653551	-3.5015
11.8191	0.620051	-3.5285
11.8286	0.586324	-3.55385
11.8381	0.552384	-3.57755
11.8476	0.518245	-3.5996
11.8571	0.483921	-3.61999
11.8666	0.449426	-3.63872
11.8761	0.414773	-3.65578
11.8856	0.379978	-3.67117
11.8951	0.345054	-3.68489
11.9046	0.310016	-3.69693
11.9141	0.274876	-3.7073
11.9236	0.23965	-3.71598
11.9331	0.204351	-3.72298
11.9426	0.168994	-3.72831
11.9521	0.133593	-3.73194
11.9616	0.0981619	-3.7339
11.9711	0.0627148	-3.73417
11.9806	0.0272661	-3.73276
11.9901	-0.00817018	-3.72967
11.9996	-0.0435798	-3.7249
12.0091	-0.0789486	-3.71846
12.0186	-0.114262	-3.71033
12.0281	-0.149507	-3.70053
12.0376	-0.184668	-3.68907
12.0471	-0.219732	-3.67593
12.0566	-0.254684	-3.66114
12.0662	-0.289511	-3.64469
12.0757	-0.324198	-3.62658
12.0853	-0.35873	-3.60682
12.0948	-0.393095	-3.58542
12.1044	-0.427278	-3.56239
12.1139	-0.461264	-3.53772
12.1235	-0.495041	-3.51144
12.1331	-0.528593	-3.48353
12.1427	-0.561907	-3.45402
12.1523	-0.594969	-3.4229
12.162	-0.627765	-3.39019
12.1716	-0.660281	-3.3559
12.1813	-0.692503	-3.32003
12.1909	-0.724418	-3.28259
12.2006	-0.75601	-3.2436
12.2103	-0.787267	-3.20306
12.22	-0.818175	-3.16098
12.2297	-0.84872	-3.11738
12.2395	-0.878887	-3.07226
12.2492	-0.908664	-3.02564
12.259	-0.938036	-2.97753
12.2688	-0.966989	-2.92793
12.2787	-0.99551	-2.87687
12.2885	-1.02358	-2.82434
12.2984	-1.0512	-2.77038
12.3083	-1.07834	-2.71498
12.3182	-1.10499	-2.65817
12.3281	-1.13114	-2.59995
12.3381	-1.15677	-2.54034
12.3481	-1.18188	-2.47935
12.3581	-1.20644	-2.417
12.3682	-1.23043	-2.3533
12.3783	-1.25386	-2.28827
12.3884	-1.2767	-2.22192
12.3986	-1.29893	-2.15427
12.4088	-1.32054	-2.08533
12.419	-1.34153	-2.01513
12.4293	-1.36186	-1.94367
12.4396	-1.38152	-1.87098
12.4499	-1.40051	-1.79708
12.4603	-1.4188	-1.72199
12.4708	-1.43638	-1.64572
12.4813	-1.45322	-1.5683
12.4918	-1.46932	-1.48977
12.5024	-1.48466	-1.41013
12.513	-1.49921	-1.32943
12.5236	-1.51296	-1.2477
12.5344	-1.52589	-1.16496
12.5451	-1.53798	-1.08127
12.5559	-1.54922	-0.996665
12.5668	-1.55959	-0.911192
12.5777	-1.56906	-0.824906
12.5887	-1.57762	-0.737868
12.5997	-1.58525	-0.650144
12.6107	-1.59194	-0.561808
12.6218	-1.59767	-0.47294
12.6329	-1.60242	-0.383627
12.644	-1.60619	-0.293962
12.6552	-1.60897	-0.204044
12.6663	-1.61074	-0.113978
12.6775	-1.61151	-0.0238719
12.6887	-1.61128	0.0661639
12.6998	-1.61004	0.156019
12.711	-1.6078	0.245582
12.7221	-1.60456	0.334747
12.7333	-1.60035	0.42341
12.7443	-1.59516	0.511475
12.7554	-1.58903	0.598849
12.7664	-1.58195	0.685451
12.7774	-1.57396	0.771203
12.7883	-1.56508	0.856038
12.7992	-1.55531	0.939895
12.81	-1.54469	1.02272
12.8208	-1.53323	1.10447
12.8315	-1.52096	1.18511
12.8422	-1.50789	1.26459
12.8528	-1.49405	1.34288
12.8633	-1.47945	1.41997
12.8739	-1.46412	1.49583
12.8843	-1.44807	1.57044
12.8947	-1.43132	1.64378
12.9051	-1.41389	1.71583
12.9154	-1.3958	1.78659
12.9257	-1.37706	1.85604
12.936	-1.35769	1.92416
12.9462	-1.33771	1.99095
12.9563	-1.31713	2.05639
12.9665	-1.29596	2.12048
12.9766	-1.27423	2.18321
12.9866	-1.25194	2.24456
12.9967	-1.22911	2.30453
13.0067	-1.20576	2.3631
13.0167	-1.1819	2.42027
13.0266	-1.15753	2.47604
13.0365	-1.13269	2.53038
13.0464	-1.10737	2.5833
13.0563	-1.0816	2.63478
13.0662	-1.05538	2.68481
13.076	-1.02874	2.73339
13.0858	-1.00168	2.78051
13.0956	-0.974211	2.82616
13.1054	-0.946356	2.87033
13.1152	-0.918125	2.91302
13.1249	-0.88953	2.95421
13.1346	-0.860585	2.99389
13.1444	-0.831303	3.03207
13.1541	-0.801697	3.06873
13.1637	-0.771781	3.10387
13.1734	-0.741567	3.13748
13.1831	-0.711069	3.16955
13.1928	-0.6803	3.20008
13.2024	-0.649274	3.22906
13.2121	-0.618003	3.25648
13.2217	-0.586501	3.28235
13.2313	-0.554781	3.30665
13.2409	-0.522856	3.32937
13.2505	-0.490741	3.35053
13.2602	-0.458448	3.3701
13.2698	-0.42599	3.3881
13.2794	-0.393381	3.4045
13.289	-0.360635	3.41932
13.2986	-0.327764	3.43254
13.3081	-0.294783	3.44417
13.3177	-0.261705	3.45421
13.3273	-0.228542	3.46264
13.3369	-0.19531	3.46948
13.3465	-0.16202	3.47472
13.3561	-0.128687	3.47835
13.3657	-0.0953248	3.48038
13.3753	-0.061946	3.48082
13.3848	-0.0285644	3.47965
13.3944	0.00480648	3.47688
13.404	0.0381531	3.47252
13.4136	0.0714619	3.46655
13.4232	0.104719	3.459
13.4328	0.137912	3.44985
13.4425	0.171026	3.43911
13.4521	0.204049	3.42679
13.4617	0.236966	3.41289
13.4713	0.269764	3.3974
13.481	0.30243	3.38035
13.4906	0.334951	3.36172
13.5003	0.367312	3.34154
13.5099	0.3995	3.31979
13.5196	0.431502	3.29649
13.5293	0.463305	3.27165
13.539	0.494895	3.24526
13.5487	0.526259	3.21735
13.5584	0.557384	3.18791
13.5681	0.588255	3.15695
13.5779	0.61886	3.12448
13.5876	0.649185	3.09051
13.5974	0.679218	3.05505
13.6072	0.708944	3.0181
13.617	0.738351	2.97968
13.6268	0.767425	2.9398
13.6367	0.796153	2.89845
13.6465	0.824521	2.85567
13.6564	0.852517	2.81144
13.6663	0.880127	2.7658
13.6762	0.907337	2.71873
13.6862	0.934135	2.67027
13.6961	0.960506	2.62041
13.7061	0.986438	2.56918
13.7161	1.01192	2.51657
13.7262	1.03693	2.46261
13.7363	1.06146	2.4073
13.7464	1.0855	2.35067
13.7565	1.10903	2.29271
13.7667	1.13204	2.23345
13.7769	1.15451	2.1729
13.7871	1.17643	2.11106
13.7974	1.19779	2.04797
13.8077	1.21856	1.98362
13.818	1.23875	1.91804
13.8284	1.25832	1.85124
13.8388	1.27728	1.78324
13.8493	1.29559	1.71405
13.8598	1.31324	1.6437
13.8704	1.33023	1.57219
13.881	1.34652	1.49956
13.8916	1.36211	1.42583
13.9023	1.37698	1.35101
13.9131	1.39111	1.27514
13.9239	1.40448	1.19825
13.9348	1.41707	1.12036
13.9457	1.42887	1.04151
13.9567	1.43986	0.96175
13.9677	1.45001	0.881116
13.9787	1.45931	0.79966
13.9899	1.46775	0.717438
14.001	1.4753	0.634513
14.0122	1.48194	0.550955
14.0235	1.48767	0.466839
14.0348	1.49246	0.382249
14.0461	1.49631	0.297277
14.0574	1.4992	0.212018
14.0688	1.50112	0.126576
14.0802	1.50208	0.0410581
14.0916	1.50206	-0.0444266
14.1029	1.50107	-0.129766
14.1143	1.49911	-0.21485
14.1257	1.49619	-0.299569
14.137	1.49232	-0.383819
14.1483	1.48751	-0.467501
14.1595	1.48177	-0.550522
14.1708	1.47514	-0.632796
14.1819	1.46761	-0.714247
14.1931	1.45922	-0.794806
14.2041	1.44997	-0.874411
14.2151	1.43991	-0.953009
14.2261	1.42903	-1.03055
14.237	1.41738	-1.107
14.2479	1.40495	-1.18233
14.2587	1.39179	-1.25649
14.2694	1.3779	-1.32948
14.2801	1.36331	-1.40126
14.2907	1.34803	-1.47181
14.3013	1.33209	-1.54113
14.3118	1.3155	-1.60919
14.3223	1.29827	-1.67599
14.3328	1.28043	-1.74152
14.3431	1.26199	-1.80575
14.3535	1.24297	-1.86869
14.3638	1.22338	-1.93032
14.3741	1.20324	-1.99064
14.3843	1.18255	-2.04963
14.3945	1.16135	-2.1073
14.4047	1.13963	-2.16362
14.4148	1.11742	-2.2186
14.4249	1.09473	-2.27222
14.435	1.07157	-2.32448
14.4451	1.04795	-2.37537
14.4551	1.02389	-2.42489
14.4651	0.999402	-2.47302
14.4751	0.974498	-2.51976
14.485	0.949191	-2.5651
14.4949	0.923495	-2.60903
14.5048	0.897421	-2.65155
14.5147	0.870983	-2.69264
14.5246	0.844194	-2.73231
14.5345	0.817067	-2.77055
14.5443	0.789613	-2.80734
14.5541	0.761846	-2.84269
14.564	0.733779	-2.87658
14.5738	0.705424	-2.90901
14.5835	0.676793	-2.93998
14.5933	0.647901	-2.96947
14.6031	0.618759	-2.99749
14.6128	0.58938	-3.02402
14.6226	0.559776	-3.04907
14.6323	0.529962	-3.07262
14.6421	0.499949	-3.09468
14.6518	0.469749	-3.11524
14.6615	0.439377	-3.1343
14.6712	0.408844	-3.15184
14.6809	0.378164	-3.16788
14.6906	0.34735	-3.1824
14.7003	0.316413	-3.1954
14.71	0.285368	-3.20689
14.7197	0.254226	-3.21685
14.7294	0.223001	-3.2253
14.7391	0.191706	-3.23221
14.7488	0.160354	-3.23761
14.7585	0.128957	-3.24148
14.7682	0.097528	-3.24382
14.7779	0.0660806	-3.24464
14.7876	0.0346274	-3.24394
14.7973	0.00318133	-3.24171
14.807	-0.0282447	-3.23796
14.8167	-0.0596378	-3.23269
14.8264	-0.090985	-3.2259
14.8361	-0.122273	-3.21759
14.8458	-0.15349	-3.20777
14.8555	-0.184622	-3.19644
14.8652	-0.215657	-3.1836
14.875	-0.246581	-3.16926
14.8847	-0.277382	-3.15341
14.8945	-0.308047	-3.13608
14.9042	-0.338562	-3.11725
14.914	-0.368916	-3.09693
14.9238	-0.399095	-3.07514
14.9336	-0.429087	-3.05187
14.9434	-0.458878	-3.02713
14.9532	-0.488456	-3.00093
14.963	-0.517808	-2.97328
14.9728	-0.546922	-2.94417
14.9827	-0.575783	-2.91363
14.9926	-0.604381	-2.88165
15.0024	-0.632701	-2.84825
15.0123	-0.660731	-2.81342
15.0223	-0.688459	-2.77719
15.0322	-0.715871	-2.73956
15.0422	-0.742954	-2.70054
15.0521	-0.769697	-2.66013
15.0621	-0.796086	-2.61836
15.0722	-0.822108	-2.57521
15.0822	-0.84775	-2.53072
15.0923	-0.873	-2.48488
15.1024	-0.897844	-2.43771
15.1125	-0.922269	-2.38921
15.1226	-0.946263	-2.33941
15.1328	-0.969812	-2.2883
15.143	-0.992903	-2.2359
15.1532	-1.01552	-2.18223
15.1635	-1.03766	-2.12729
15.1738	-1.05929	-2.07109
15.1842	-1.08042	-2.01365
15.1945	-1.10101	-1.95498
15.205	-1.12107	-1.8951
15.2154	-1.14057	-1.83401
15.2259	-1.15951	-1.77173
15.2365	-1.17786	-1.70827
15.247	-1.1956	-1.64366
15.2577	-1.21274	-1.57789
15.2684	-1.22924	-1.51101
15.2791	-1.2451	-1.44301
15.2899	-1.26029	-1.37392
15.3007	-1.27481	-1.30377
15.3116	-1.28862	-1.23256
15.3226	-1.30172	-1.16034
15.3336	-1.31409	-1.08713
15.3446	-1.32571	-1.01296
15.3558	-1.33656	-0.937867
15.3669	-1.34661	-0.861892
15.3782	-1.35586	-0.785079
15.3894	-1.36428	-0.707481
15.4008	-1.37186	-0.629155
15.4122	-1.37858	-0.550165
15.4236	-1.38442	-0.470585
15.4351	-1.38936	-0.390492
15.4466	-1.39339	-0.309974
15.4581	-1.3965	-0.229125
15.4697	-1.39869	-0.148044
15.4813	-1.39993	-0.0668367
15.4929	-1.40023	0.0143872
15.5045	-1.3996	0.0955163
15.5161	-1.39802	0.176439
15.5277	-1.39551	0.257044
15.5392	-1.39208	0.337225
15.5507	-1.38773	0.41688
15.5622	-1.38249	0.495913
15.5737	-1.37636	0.574237
15.5851	-1.36938	0.651771
15.5964	-1.36155	0.728444
15.6077	-1.3529	0.804193
15.6189	-1.34344	0.878962
15.6301	-1.33321	0.952705
15.6412	-1.32222	1.02538
15.6523	-1.31049	1.09695
15.6632	-1.29804	1.16739
15.6742	-1.2849	1.23668
15.685	-1.27108	1.30479
15.6959	-1.25661	1.3717
15.7066	-1.24149	1.4374
15.7173	-1.22575	1.50188
15.728	-1.20941	1.56513
15.7386	-1.19248	1.62713
15.7492	-1.17497	1.68788
15.7597	-1.15691	1.74737
15.7701	-1.13831	1.80558
15.7806	-1.11919	1.86253
15.7909	-1.09955	1.91818
15.8013	-1.07942	1.97255
15.8116	-1.0588	2.02562
15.8219	-1.03771	2.07739
15.8321	-1.01617	2.12784
15.8423	-0.994179	2.17699
15.8525	-0.971762	2.2248
15.8627	-0.948928	2.27129
15.8728	-0.925689	2.31645
15.8829	-0.902058	2.36026
15.893	-0.878049	2.40272
15.9031	-0.853673	2.44384
15.9131	-0.828944	2.48359
15.9231	-0.803872	2.52197
15.9331	-0.778471	2.55898
15.9431	-0.752754	2.59462
15.953	-0.726732	2.62886
15.963	-0.700417	2.66173
15.9729	-0.673823	2.69319
15.9828	-0.64696	2.72326
15.9927	-0.619842	2.75191
16.0026	-0.592481	2.77916
16.0125	-0.564889	2.805
16.0224	-0.537077	2.82941
16.0323	-0.50906	2.8524
16.0421	-0.480847	2.87397
16.0519	-0.452453	2.8941
16.0618	-0.423889	2.9128
16.0716	-0.395167	2.93006
16.0814	-0.366299	2.94587
16.0913	-0.337299	2.96025
16.1011	-0.308178	2.97317
16.1109	-0.278949	2.98465
16.1207	-0.249623	2.99468
16.1305	-0.220214	3.00326
16.1403	-0.190733	3.01039
16.1501	-0.161194	3.01606
16.1599	-0.131607	3.02027
16.1697	-0.101986	3.02304
16.1795	-0.0723429	3.02434
16.1893	-0.0426901	3.0242
16.1991	-0.01304	3.0226
16.2089	0.0165952	3.01955
16.2187	0.0462029	3.01505
16.2286	0.0757709	3.0091
16.2384	0.105287	3.0017
16.2482	0.134738	2.99286
16.258	0.164113	2.98257
16.2679	0.193399	2.97085
16.2777	0.222583	2.95769
16.2876	0.251653	2.9431
16.2974	0.280597	2.92709
16.3073	0.309403	2.90965
16.3172	0.338057	2.89079
16.3271	0.366549	2.87052
16.337	0.394865	2.84884
16.3469	0.422994	2.82575
16.3568	0.450923	2.80127
16.3667	0.478639	2.7754
16.3767	0.506131	2.74815
16.3867	0.533386	2.71951
16.3966	0.560391	2.68951
16.4066	0.587135	2.65814
16.4167	0.613606	2.62541
16.4267	0.63979	2.59134
16.4368	0.665677	2.55592
16.4468	0.691252	2.51917
16.4569	0.716504	2.4811
16.4671	0.741421	2.44171
16.4772	0.765991	2.40101
16.4874	0.790199	2.35902
16.4976	0.814035	2.31574
16.5078	0.837486	2.27117
16.518	0.860539	2.22534
16.5283	0.883181	2.17825
16.5386	0.905399	2.12991
16.549	0.927181	2.08032
16.5594	0.948513	2.02951
16.5698	0.969383	1.97748
16.5802	0.989777	1.92423
16.5907	1.00968	1.86979
16.6013	1.02908	1.81417
16.6118	1.04797	1.75737
16.6224	1.06632	1.69941
16.6331	1.08413	1.64029
16.6438	1.10137	1.58004
16.6546	1.11805	1.51867
16.6654	1.13413	1.45619
16.6763	1.1496	1.39262
16.6872	1.16445	1.32797
16.6981	1.17867	1.26226
16.7092	1.19222	1.19552
16.7203	1.20511	1.12776
16.7314	1.2173	1.05902
16.7426	1.22878	0.98931
16.7539	1.23953	0.918673
16.7652	1.24954	0.847142
16.7766	1.25878	0.774759
16.7881	1.26724	0.701569
16.7996	1.27489	0.627625
16.8111	1.28172	0.552986
16.8228	1.28771	0.477719
16.8344	1.29284	0.401899
16.8462	1.29711	0.325607
16.8579	1.30048	0.248932
16.8697	1.30296	0.171973
16.8815	1.30454	0.0948317
16.8933	1.3052	0.0176164
16.9052	1.30495	-0.0595614
16.917	1.30379	-0.136589
16.9288	1.30173	-0.213354
16.9406	1.29876	-0.289746
16.9524	1.2949	-0.365662
16.9641	1.29017	-0.441
16.9758	1.28458	-0.515671
16.9874	1.27815	-0.58959
16.999	1.2709	-0.662682
17.0105	1.26284	-0.734882
17.022	1.25401	-0.806132
17.0334	1.24442	-0.876383
17.0447	1.23409	-0.945592
17.056	1.22305	-1.01372
17.0672	1.21131	-1.08075
17.0783	1.1989	-1.14665
17.0894	1.18584	-1.21139
17.1004	1.17214	-1.27496
17.1114	1.15783	-1.33736
17.1223	1.14292	-1.39855
17.1331	1.12744	-1.45854
17.1439	1.11138	-1.51732
17.1546	1.09478	-1.57488
17.1653	1.07765	-1.6312
17.1759	1.06001	-1.68629
17.1865	1.04186	-1.74014
17.1971	1.02322	-1.79275
17.2076	1.00411	-1.8441
17.2181	0.984542	-1.89419
17.2285	0.964527	-1.94302
17.2389	0.944079	-1.99058
17.2493	0.923211	-2.03687
17.2596	0.901936	-2.08188
17.2699	0.880267	-2.12561
17.2801	0.858215	-2.16804
17.2904	0.835794	-2.20918
17.3006	0.813016	-2.24903
17.3108	0.789893	-2.28757
17.321	0.766436	-2.32479
17.3311	0.742659	-2.36071
17.3412	0.718572	-2.3953
17.3514	0.694188	-2.42857
17.3614	0.669519	-2.4605
17.3715	0.644577	-2.49111
17.3816	0.619373	-2.52037
17.3916	0.593919	-2.54829
17.4016	0.568228	-2.57486
17.4117	0.54231	-2.60008
17.4217	0.516178	-2.62394
17.4317	0.489844	-2.64644
17.4416	0.463318	-2.66757
17.4516	0.436614	-2.68734
17.4616	0.409743	-2.70574
17.4715	0.382716	-2.72276
17.4815	0.355545	-2.73841
17.4914	0.328243	-2.75268
17.5014	0.30082	-2.76557
17.5113	0.273289	-2.77707
17.5212	0.245662	-2.78719
17.5311	0.21795	-2.79593
17.5411	0.190166	-2.80328
17.551	0.16232	-2.80923
17.5609	0.134426	-2.81381
17.5708	0.106494	-2.81699
17.5808	0.0785361	-2.81878
17.5907	0.050565	-2.81919
17.6006	0.0225921	-2.8182
17.6105	-0.00537072	-2.81583
17.6205	-0.0333116	-2.81208
17.6304	-0.0612188	-2.80694
17.6403	-0.0890804	-2.80042
17.6503	-0.116885	-2.79252
17.6602	-0.14462	-2.78324
17.6702	-0.172273	-2.77259
17.6801	-0.199834	-2.76057
17.6901	-0.22729	-2.74717
17.7001	-0.25463	-2.73242
17.7101	-0.281841	-2.7163
17.7201	-0.308912	-2.69883
17.7301	-0.335831	-2.68
17.7401	-0.362586	-2.65983
17.7501	-0.389165	-2.63831
17.7602	-0.415557	-2.61546
17.7702	-0.441749	-2.59128
17.7803	-0.46773	-2.56577
17.7904	-0.493489	-2.53894
17.8005	-0.519012	-2.5108
17.8106	-0.54429	-2.48136
17.8208	-0.569308	-2.45061
17.8309	-0.594056	-2.41857
17.8411	-0.618522	-2.38524
17.8513	-0.642694	-2.35064
17.8615	-0.66656	-2.31476
17.8718	-0.690108	-2.27763
17.8821	-0.713326	-2.23924
17.8924	-0.736202	-2.1996
17.9027	-0.758724	-2.15872
17.9131	-0.780879	-2.11661
17.9235	-0.802655	-2.07328
17.9339	-0.824041	-2.02874
17.9444	-0.845023	-1.98299
17.9549	-0.865588	-1.93605
17.9654	-0.885725	-1.88793
17.976	-0.90542	-1.83863
17.9866	-0.924661	-1.78816
17.9972	-0.943433	-1.73653
18.0079	-0.961723	-1.68376
18.0186	-0.979519	-1.62986
18.0294	-0.996805	-1.57483
18.0403	-1.01357	-1.51868
18.0512	-1.02979	-1.46144
18.0621	-1.04546	-1.40311
18.0731	-1.06057	-1.3437
18.0841	-1.07508	-1.28323
18.0953	-1.089	-1.22171
18.1064	-1.1023	-1.15917
18.1177	-1.11497	-1.09562
18.129	-1.12699	-1.03109
18.1403	-1.13833	-0.965588
18.1517	-1.14899	-0.899156
18.1632	-1.15894	-0.831822
18.1748	-1.16817	-0.763622
18.1864	-1.17665	-0.694596
18.1981	-1.18436	-0.624793
18.2099	-1.19129	-0.554267
18.2217	-1.19742	-0.483078
18.2336	-1.20273	-0.411296
18.2455	-1.20721	-0.338998
18.2575	-1.21083	-0.266269
18.2695	-1.21359	-0.193203
18.2815	-1.21547	-0.1199
18.2936	-1.21647	-0.0464662
18.3056	-1.21659	0.0269877
18.3177	-1.21582	0.100348
18.3298	-1.21417	0.173501
18.3418	-1.21164	0.246334
18.3539	-1.20824	0.318739
18.3658	-1.20399	0.390613
18.3778	-1.1989	0.461861
18.3897	-1.19299	0.532394
18.4015	-1.18627	0.602135
18.4133	-1.17877	0.671015
18.425	-1.17052	0.738972
18.4366	-1.16152	0.805956
18.4482	-1.15181	0.871924
18.4597	-1.14141	0.936838
18.4711	-1.13033	1.00067
18.4825	-1.1186	1.06339
18.4938	-1.10624	1.12498
18.505	-1.09327	1.18543
18.5162	-1.07971	1.24472
18.5273	-1.06557	1.30284
18.5383	-1.05087	1.35978
18.5493	-1.03563	1.41553
18.5602	-1.01987	1.47009
18.5711	-1.0036	1.52345
18.5819	-0.986839	1.5756
18.5927	-0.969597	1.62655
18.6034	-0.951891	1.67628
18.6141	-0.933734	1.7248
18.6247	-0.915141	1.77209
18.6353	-0.896123	1.81816
18.6459	-0.876695	1.863
18.6564	-0.856868	1.90661
18.6669	-0.836657	1.94897
18.6773	-0.816072	1.9901
18.6877	-0.795126	2.02998
18.6981	-0.773831	2.06861
18.7085	-0.752199	2.10598
18.7188	-0.730242	2.1421
18.7291	-0.707972	2.17695
18.7394	-0.6854	2.21053
18.7497	-0.662539	2.24285
18.7599	-0.639399	2.27388
18.7701	-0.615991	2.30364
18.7804	-0.592329	2.33211
18.7905	-0.568422	2.35929
18.8007	-0.544283	2.38519
18.8109	-0.519923	2.40978
18.821	-0.495353	2.43308
18.8312	-0.470584	2.45508
18.8413	-0.445628	2.47577
18.8514	-0.420497	2.49515
18.8615	-0.395201	2.51322
18.8716	-0.369752	2.52997
18.8817	-0.344162	2.54541
18.8917	-0.318441	2.55953
18.9018	-0.292601	2.57233
18.9119	-0.266653	2.58381
18.9219	-0.240609	2.59396
18.932	-0.21448	2.60279
18.942	-0.188277	2.61029
18.9521	-0.162013	2.61646
18.9621	-0.135697	2.62131
18.9722	-0.109341	2.62483
18.9822	-0.0829579	2.62702
18.9923	-0.0565575	2.62788
19.0023	-0.0301516	2.62742
19.0124	-0.00375157	2.62563
19.0224	0.0226312	2.62252
19.0325	0.0489853	2.61808
19.0425	0.0752995	2.61233
19.0526	0.101562	2.60525
19.0627	0.127762	2.59685
19.0728	0.153888	2.58714
19.0828	0.179929	2.57612
19.0929	0.205873	2.56379
19.103	0.231708	2.55015
19.1131	0.257424	2.53521
19.1233	0.28301	2.51898
19.1334	0.308453	2.50144
19.1436	0.333742	2.48262
19.1537	0.358866	2.46251
19.1639	0.383814	2.44113
19.1741	0.408575	2.41846
19.1843	0.433136	2.39453
19.1945	0.457487	2.36933
19.2047	0.481616	2.34288
19.215	0.505512	2.31517
19.2253	0.529162	2.28621
19.2356	0.552557	2.25601
19.2459	0.575684	2.22458
19.2562	0.598532	2.19193
19.2666	0.621089	2.15805
19.277	0.643344	2.12296
19.2874	0.665285	2.08666
19.2979	0.6869	2.04916
19.3084	0.708178	2.01047
19.3189	0.729106	1.9706
19.3294	0.749673	1.92955
19.34	0.769867	1.88734
19.3506	0.789675	1.84396
19.3613	0.809085	1.79943
19.372	0.828084	1.75376
19.3827	0.846661	1.70695
19.3935	0.864802	1.65902
19.4043	0.882494	1.60997
19.4152	0.899723	1.55981
19.4261	0.916477	1.50855
19.4371	0.932741	1.4562
19.4481	0.948501	1.40277
19.4592	0.963742	1.34828
19.4703	0.97845	1.29272
19.4815	0.99261	1.23613
19.4928	1.0062	1.1785
19.5041	1.01922	1.11985
19.5155	1.03163	1.06021
19.5269	1.04343	0.999588
19.5384	1.0546	0.938005
19.55	1.06512	0.875488
19.5617	1.07497	0.812063
19.5735	1.08413	0.747763
19.5853	1.09258	0.682624
19.5971	1.1003	0.61669
19.6091	1.10727	0.550009
19.6211	1.11348	0.482638
19.6332	1.1189	0.414642
19.6454	1.12352	0.346091
19.6575	1.12732	0.277069
19.6698	1.13029	0.207664
19.6821	1.13241	0.137975
19.6944	1.13368	0.0681043
19.7067	1.13409	-0.00183638
19.719	1.13363	-0.0717336
19.7314	1.13232	-0.141472
19.7437	1.13015	-0.210937
19.756	1.12713	-0.280018
19.7682	1.12328	-0.348607
19.7805	1.1186	-0.416605
19.7926	1.11312	-0.483922
19.8047	1.10686	-0.550476
19.8168	1.09984	-0.616194
19.8287	1.09208	-0.681013
19.8406	1.08359	-0.744881
19.8524	1.07441	-0.807752
19.8642	1.06456	-0.869589
19.8759	1.05406	-0.930361
19.8875	1.04292	-0.990044
19.899	1.03118	-1.04862
19.9104	1.01884	-1.10606
19.9218	1.00593	-1.16237
19.9331	0.992475	-1.21753
19.9443	0.978481	-1.27154
19.9555	0.963969	-1.32438
19.9666	0.948955	-1.37605
19.9777	0.933456	-1.42656
19.9887	0.917486	-1.47588
19.9997	0.901059	-1.52403
20	0.900534	-1.52553
