x	 y 	 value
0	1	-0.5
0.05	0.975	-0.499375
0.104049	0.948046	-0.497294
0.160623	0.919995	-0.493559
0.218649	0.89149	-0.488086
0.2774	0.863002	-0.480869
0.336399	0.83487	-0.471949
0.395337	0.807341	-0.461397
0.454017	0.780598	-0.449297
0.512313	0.754778	-0.435743
0.570147	0.729988	-0.420832
0.627471	0.706308	-0.404663
0.684255	0.683803	-0.387334
0.740484	0.662523	-0.368942
0.796152	0.642508	-0.349583
0.851261	0.623786	-0.329352
0.905814	0.606378	-0.308338
0.959824	0.590299	-0.286629
1.0133	0.575556	-0.264309
1.06627	0.562153	-0.241457
1.11874	0.550086	-0.21815
1.17074	0.539349	-0.194458
1.22231	0.529935	-0.170447
1.27346	0.521831	-0.146179
1.32423	0.515025	-0.121711
1.37467	0.509503	-0.0970951
1.42481	0.505251	-0.0723786
1.4747	0.502256	-0.047606
1.52439	0.500505	-0.0228178
1.57391	0.499988	0.00194816
1.62333	0.500695	0.0266562
1.6727	0.502619	0.0512719
1.72206	0.505756	0.0757612
1.77147	0.510102	0.10009
1.82098	0.515658	0.124222
1.87064	0.522424	0.14812
1.92049	0.530402	0.171745
1.97058	0.539594	0.195053
2.02096	0.550004	0.217997
2.07165	0.561633	0.240528
2.1227	0.574482	0.262592
2.17413	0.588551	0.28413
2.22598	0.603835	0.305082
2.27827	0.62033	0.32538
2.33102	0.638023	0.344956
2.38426	0.656901	0.363739
2.438	0.676945	0.381653
2.49226	0.698129	0.39862
2.54705	0.720423	0.414561
2.60239	0.74379	0.429396
2.65827	0.768186	0.443044
2.71471	0.79356	0.455421
2.77171	0.819855	0.466449
2.82928	0.847005	0.476046
2.88741	0.874937	0.484136
2.9461	0.90357	0.490643
3.00537	0.932815	0.495496
3.06519	0.962576	0.498628
3.12556	0.992749	0.499979
3.18649	1.02322	0.499493
3.24795	1.05388	0.497122
3.30995	1.0846	0.492826
3.37247	1.11524	0.486574
3.4355	1.14568	0.478343
3.49902	1.17578	0.468123
3.56303	1.20538	0.455913
3.62751	1.23435	0.441723
3.69244	1.26254	0.425577
3.7578	1.28979	0.407508
3.82357	1.31597	0.387566
3.88974	1.34092	0.36581
3.95629	1.36451	0.342313
4.02318	1.38659	0.317163
4.09041	1.40704	0.290457
4.15794	1.42573	0.262306
4.22576	1.44254	0.232833
4.29383	1.45736	0.20217
4.36213	1.4701	0.170459
4.43063	1.48068	0.137854
4.49932	1.48901	0.104515
4.56815	1.49505	0.070607
4.63711	1.49874	0.0363034
4.70615	1.50006	0.00178014
4.77526	1.49899	-0.032784
4.84441	1.49553	-0.067209
4.91356	1.48969	-0.101315
4.98269	1.48152	-0.134926
5.05177	1.47105	-0.167866
5.12077	1.45835	-0.199966
5.18965	1.44348	-0.231065
5.25839	1.42655	-0.261006
5.32697	1.40765	-0.289643
5.39535	1.38689	-0.31684
5.4635	1.3644	-0.342473
5.5314	1.34031	-0.366427
5.59903	1.31475	-0.388601
5.66635	1.28788	-0.408909
5.73334	1.25984	-0.427276
5.79997	1.23079	-0.443642
5.86623	1.20089	-0.457959
5.93208	1.17029	-0.470196
5.99751	1.13916	-0.480332
6.0625	1.10765	-0.488362
6.12703	1.07592	-0.494292
6.19108	1.0441	-0.49814
6.25463	1.01236	-0.499937
6.31766	0.980819	-0.499722
6.38017	0.949621	-0.497547
6.44213	0.918887	-0.49347
6.50354	0.888735	-0.487559
6.56439	0.859275	-0.479886
6.62467	0.830605	-0.470532
6.68436	0.802818	-0.459581
6.74347	0.775997	-0.447123
6.80199	0.750214	-0.433248
6.85992	0.725535	-0.418051
6.91726	0.702015	-0.401626
6.97401	0.679703	-0.384069
7.03018	0.658637	-0.365473
7.08576	0.638849	-0.345934
7.14078	0.620364	-0.325541
7.19524	0.603199	-0.304386
7.24914	0.587367	-0.282552
7.30252	0.572872	-0.260124
7.35539	0.559717	-0.23718
7.40777	0.547899	-0.213794
7.45968	0.537409	-0.190036
7.51115	0.52824	-0.165972
7.56223	0.520378	-0.141661
7.61293	0.513812	-0.117161
7.6633	0.508527	-0.0925219
7.71339	0.50451	-0.0677912
7.76323	0.501747	-0.0430121
7.81287	0.500225	-0.0182247
7.86236	0.499935	0.00653376
7.91176	0.500868	0.0312278
7.96111	0.503017	0.0558231
8.01047	0.506378	0.0802858
8.05989	0.510948	0.104581
8.10941	0.516728	0.128674
8.1591	0.523717	0.152525
8.20898	0.531919	0.176096
8.25912	0.541335	0.199341
8.30954	0.551969	0.222214
8.36029	0.563823	0.244664
8.41139	0.576897	0.266636
8.46289	0.591189	0.288073
8.51481	0.606697	0.30891
8.56718	0.623413	0.329082
8.62001	0.641325	0.348519
8.67334	0.660419	0.36715
8.72717	0.680675	0.384897
8.78152	0.702065	0.401684
8.8364	0.724559	0.41743
8.89182	0.748118	0.432055
8.9478	0.772698	0.445478
9.00433	0.798247	0.457617
9.06143	0.824704	0.46839
9.11909	0.852004	0.477719
9.17732	0.880071	0.485527
9.23611	0.908824	0.491739
9.29547	0.938172	0.496284
9.35539	0.968018	0.499098
9.41586	0.998257	0.50012
9.47687	1.02878	0.499295
9.53843	1.05946	0.496578
9.60051	1.09017	0.491929
9.66312	1.12079	0.48532
9.72623	1.15118	0.47673
9.78984	1.1812	0.466149
9.85393	1.2107	0.453579
9.91848	1.23954	0.439032
9.98348	1.26757	0.422535
10.0489	1.29465	0.404123
10.1148	1.32062	0.383847
10.181	1.34534	0.36177
10.2476	1.36867	0.337967
10.3145	1.39047	0.312527
10.3818	1.41061	0.28555
10.4494	1.42897	0.25715
10.5172	1.44543	0.22745
10.5854	1.45989	0.196585
10.6537	1.47225	0.1647
10.7222	1.48243	0.131949
10.7909	1.49035	0.0984922
10.8598	1.49597	0.0644978
10.9287	1.49924	0.0301389
10.9978	1.50013	-0.00440781
11.0669	1.49863	-0.0389632
11.1361	1.49475	-0.0733473
11.2052	1.48849	-0.107381
11.2743	1.4799	-0.140887
11.3434	1.46903	-0.173692
11.4123	1.45593	-0.205628
11.4812	1.4407	-0.236534
11.5499	1.4234	-0.266256
11.6184	1.40416	-0.294649
11.6868	1.38308	-0.321578
11.7549	1.36029	-0.346922
11.8227	1.33593	-0.370569
11.8903	1.31012	-0.39242
11.9576	1.28303	-0.412389
12.0245	1.2548	-0.430407
12.091	1.22558	-0.446413
12.1572	1.19555	-0.460365
12.223	1.16484	-0.472231
12.2883	1.13363	-0.481995
12.3532	1.10207	-0.489653
12.4177	1.0703	-0.495213
12.4816	1.03849	-0.498697
12.5451	1.00677	-0.500135
12.608	0.975279	-0.49957
12.6704	0.944152	-0.497055
12.7323	0.91351	-0.492649
12.7936	0.883471	-0.486421
12.8543	0.85414	-0.478446
12.9145	0.825618	-0.468804
12.9741	0.797993	-0.457581
13.0331	0.771347	-0.444866
13.0915	0.745753	-0.430751
13.1493	0.721272	-0.415331
13.2065	0.697959	-0.398699
13.2632	0.675861	-0.380952
13.3192	0.655016	-0.362183
13.3747	0.635453	-0.342487
13.4296	0.617197	-0.321954
13.484	0.600264	-0.300672
13.5378	0.584664	-0.278728
13.5911	0.570403	-0.256203
13.6438	0.557481	-0.233176
13.6961	0.545894	-0.209719
13.748	0.535635	-0.185903
13.7993	0.526693	-0.161791
13.8503	0.519058	-0.137443
13.901	0.512715	-0.112914
13.9513	0.507651	-0.0882552
14.0013	0.503851	-0.0635125
14.0511	0.501304	-0.0387286
14.1007	0.499996	-0.0139431
14.1502	0.499918	0.0108072
14.1996	0.501062	0.0354871
14.2489	0.50342	0.0600625
14.2983	0.506989	0.0844994
14.3477	0.511768	0.108763
14.3972	0.517755	0.132817
14.4469	0.524953	0.156624
14.4969	0.533363	0.180142
14.547	0.542989	0.203328
14.5975	0.553832	0.226133
14.6483	0.565895	0.248506
14.6995	0.579178	0.270392
14.751	0.59368	0.291731
14.803	0.609395	0.31246
14.8554	0.626317	0.332513
14.9084	0.644433	0.351819
14.9618	0.663727	0.370305
15.0157	0.684179	0.387895
15.0701	0.705761	0.404511
15.1251	0.72844	0.420074
15.1806	0.752177	0.434501
15.2366	0.776927	0.447712
15.2933	0.802635	0.459626
15.3505	0.829242	0.470161
15.4082	0.856679	0.479238
15.4665	0.884871	0.486781
15.5254	0.913733	0.492716
15.5848	0.943174	0.496974
15.6448	0.973096	0.499489
15.7054	1.00339	0.500202
15.7665	1.03395	0.499061
15.8281	1.06465	0.496021
15.8903	1.09536	0.491043
15.953	1.12595	0.484101
16.0162	1.15629	0.475175
16.0799	1.18624	0.464258
16.144	1.21564	0.451354
16.2087	1.24436	0.436476
16.2737	1.27224	0.419653
16.3392	1.29914	0.400923
16.4051	1.32491	0.380338
16.4714	1.34941	0.357965
16.5381	1.37249	0.333879
16.6051	1.39403	0.308172
16.6724	1.41388	0.280947
16.74	1.43193	0.252318
16.8079	1.44807	0.222412
16.876	1.46218	0.191363
16.9444	1.47419	0.15932
17.013	1.48399	0.126437
17.0817	1.49154	0.0928759
17.1505	1.49677	0.0588058
17.2195	1.49965	0.0244003
17.2886	1.50014	-0.0101633
17.3577	1.49824	-0.0447056
17.4268	1.49396	-0.0790467
17.496	1.48732	-0.113008
17.5651	1.47834	-0.146412
17.6341	1.46709	-0.179087
17.7031	1.45364	-0.210866
17.7719	1.43805	-0.241589
17.8406	1.42043	-0.271102
17.9091	1.40087	-0.299264
17.9773	1.3795	-0.325942
18.0454	1.35644	-0.351015
18.1132	1.33182	-0.374373
18.1807	1.30579	-0.395921
18.2479	1.2785	-0.415574
18.3148	1.25009	-0.433265
18.3813	1.22073	-0.448936
18.4474	1.19057	-0.462547
18.5131	1.15977	-0.474069
18.5783	1.12848	-0.483487
18.6432	1.09687	-0.4908
18.7075	1.06509	-0.496018
18.7714	1.03328	-0.499163
18.8347	1.00158	-0.500269
18.8976	0.970142	-0.499381
18.9599	0.939084	-0.496551
19.0216	0.908531	-0.491842
19.0829	0.878598	-0.485322
19.1435	0.849391	-0.477068
19.2036	0.821008	-0.467161
19.263	0.793536	-0.455687
19.3219	0.767056	-0.442737
19.3802	0.741637	-0.428402
19.438	0.717341	-0.412776
19.4951	0.694222	-0.395956
19.5516	0.672324	-0.378035
19.6076	0.651685	-0.359108
19.663	0.632332	-0.339268
19.7178	0.614289	-0.318607
19.772	0.59757	-0.297211
19.8257	0.582187	-0.275166
19.8789	0.568142	-0.252554
19.9316	0.555436	-0.229451
19.9838	0.544063	-0.205931
20	0.54079	-0.198525
