x	 y 	 value
0.1	3	-1
0.110844	2.98827	-1.16236
0.121287	2.97532	-1.31809
0.131482	2.96111	-1.46941
0.141517	2.94562	-1.61761
0.151445	2.92883	-1.76344
0.161301	2.91074	-1.90733
0.171102	2.89135	-2.04952
0.180861	2.87066	-2.19011
0.190584	2.84869	-2.32915
0.200276	2.82544	-2.46666
0.20994	2.80095	-2.6026
0.219576	2.77522	-2.73695
0.229186	2.74828	-2.86966
0.238769	2.72014	-3.00069
0.248327	2.69084	-3.13001
0.25786	2.66039	-3.25755
0.267369	2.62882	-3.3833
0.276852	2.59614	-3.50719
0.286312	2.56238	-3.6292
0.295748	2.52756	-3.74929
0.305162	2.49171	-3.86742
0.314552	2.45484	-3.98356
0.323921	2.41698	-4.09769
0.333269	2.37815	-4.20976
0.342596	2.33837	-4.31975
0.351903	2.29766	-4.42762
0.36119	2.25604	-4.53337
0.370459	2.21354	-4.63694
0.379709	2.17017	-4.73833
0.388942	2.12596	-4.83751
0.398158	2.08093	-4.93444
0.407357	2.0351	-5.02911
0.41654	1.98848	-5.1215
0.425708	1.94111	-5.21157
0.434862	1.893	-5.29932
0.444001	1.84417	-5.38472
0.453127	1.79465	-5.46774
0.462239	1.74445	-5.54838
0.471339	1.6936	-5.6266
0.480427	1.64212	-5.70239
0.489503	1.59003	-5.77574
0.498567	1.53735	-5.84662
0.507621	1.4841	-5.91501
0.516665	1.4303	-5.98091
0.525699	1.37598	-6.0443
0.534723	1.32116	-6.10515
0.543737	1.26585	-6.16346
0.552744	1.21008	-6.21921
0.561741	1.15388	-6.27239
0.570731	1.09726	-6.32299
0.579713	1.04025	-6.37099
0.588687	0.982861	-6.41639
0.597655	0.925124	-6.45917
0.606616	0.867058	-6.49932
0.61557	0.808687	-6.53684
0.624519	0.750031	-6.57171
0.633461	0.691112	-6.60393
0.642398	0.631954	-6.6335
0.65133	0.572578	-6.6604
0.660257	0.513006	-6.68463
0.66918	0.453261	-6.70618
0.678098	0.393365	-6.72506
0.687012	0.333339	-6.74126
0.695922	0.273208	-6.75477
0.704829	0.212991	-6.7656
0.713732	0.152713	-6.77374
0.722632	0.0923946	-6.77919
0.73153	0.0320587	-6.78196
0.740425	-0.0282727	-6.78205
0.749317	-0.0885773	-6.77945
0.758208	-0.148833	-6.77417
0.767097	-0.209018	-6.76622
0.775984	-0.269109	-6.75559
0.78487	-0.329085	-6.7423
0.793754	-0.388925	-6.72635
0.802638	-0.448605	-6.70775
0.811522	-0.508104	-6.6865
0.820405	-0.5674	-6.66262
0.829288	-0.626471	-6.6361
0.838171	-0.685297	-6.60697
0.847054	-0.743854	-6.57522
0.855938	-0.802122	-6.54088
0.864823	-0.860079	-6.50396
0.873709	-0.917704	-6.46446
0.882597	-0.974976	-6.42241
0.891486	-1.03187	-6.3778
0.900377	-1.08837	-6.33067
0.90927	-1.14446	-6.28102
0.918166	-1.20011	-6.22888
0.927064	-1.2553	-6.17425
0.935966	-1.31001	-6.11716
0.944871	-1.36422	-6.05762
0.953779	-1.41791	-5.99565
0.962691	-1.47107	-5.93127
0.971608	-1.52366	-5.86451
0.980529	-1.57567	-5.79538
0.989455	-1.62709	-5.72391
0.998386	-1.67789	-5.65011
1.00732	-1.72804	-5.57401
1.01626	-1.77754	-5.49563
1.02521	-1.82637	-5.41499
1.03417	-1.87449	-5.33213
1.04313	-1.92191	-5.24706
1.0521	-1.96858	-5.15981
1.06108	-2.01451	-5.0704
1.07006	-2.05967	-4.97886
1.07906	-2.10403	-4.88523
1.08806	-2.14759	-4.78952
1.09708	-2.19033	-4.69176
1.1061	-2.23222	-4.59198
1.11513	-2.27325	-4.49021
1.12418	-2.3134	-4.38648
1.13324	-2.35265	-4.28081
1.14231	-2.39099	-4.17325
1.15139	-2.4284	-4.06381
1.16048	-2.46486	-3.95252
1.16959	-2.50036	-3.83943
1.17872	-2.53487	-3.72455
1.18786	-2.56839	-3.60793
1.19702	-2.60089	-3.48959
1.20619	-2.63235	-3.36956
1.21538	-2.66276	-3.24788
1.22459	-2.69211	-3.12458
1.23382	-2.72037	-2.9997
1.24307	-2.74753	-2.87327
1.25233	-2.77357	-2.74532
1.26163	-2.79848	-2.61589
1.27094	-2.82223	-2.48502
1.28027	-2.84482	-2.35274
1.28963	-2.86621	-2.2191
1.29902	-2.8864	-2.08413
1.30843	-2.90538	-1.94788
1.31786	-2.92311	-1.81039
1.32732	-2.93958	-1.67171
1.33681	-2.95478	-1.53188
1.34632	-2.96869	-1.39096
1.35587	-2.98128	-1.249
1.36544	-2.99255	-1.10607
1.37503	-3.00248	-0.962217
1.38466	-3.01104	-0.817522
1.39431	-3.01823	-0.672052
1.40398	-3.02403	-0.525888
1.41368	-3.02842	-0.379112
1.4234	-3.03139	-0.231815
1.43314	-3.03293	-0.0840915
1.44291	-3.03303	0.0639572
1.45268	-3.03167	0.212225
1.46248	-3.02887	0.360603
1.47228	-3.02461	0.508976
1.48209	-3.01889	0.657227
1.49191	-3.01171	0.805238
1.50172	-3.00308	0.952891
1.51154	-2.993	1.10007
1.52135	-2.98148	1.24665
1.53116	-2.96854	1.39252
1.54095	-2.95419	1.53758
1.55074	-2.93844	1.68172
1.56051	-2.92131	1.82484
1.57026	-2.90282	1.96683
1.57999	-2.88299	2.10763
1.5897	-2.86184	2.24713
1.59939	-2.8394	2.38526
1.60906	-2.81567	2.52196
1.6187	-2.79069	2.65715
1.62832	-2.76449	2.79078
1.63792	-2.73707	2.92277
1.64749	-2.70847	3.05309
1.65704	-2.6787	3.18168
1.66656	-2.6478	3.30849
1.67606	-2.61578	3.43349
1.68553	-2.58266	3.55663
1.69498	-2.54848	3.67786
1.70441	-2.51324	3.79717
1.71381	-2.47698	3.9145
1.7232	-2.43971	4.02983
1.73256	-2.40145	4.14313
1.74189	-2.36223	4.25436
1.75121	-2.32208	4.36351
1.76051	-2.281	4.47053
1.76979	-2.23902	4.5754
1.77905	-2.19617	4.6781
1.7883	-2.15246	4.7786
1.79752	-2.10791	4.87687
1.80673	-2.06256	4.9729
1.81592	-2.01641	5.06665
1.8251	-1.96948	5.15811
1.83426	-1.92181	5.24725
1.84341	-1.87341	5.33405
1.85255	-1.8243	5.41849
1.86167	-1.7745	5.50056
1.87077	-1.72404	5.58022
1.87987	-1.67293	5.65747
1.88895	-1.6212	5.73228
1.89802	-1.56887	5.80463
1.90708	-1.51595	5.87451
1.91613	-1.46248	5.9419
1.92517	-1.40847	6.00679
1.9342	-1.35394	6.06915
1.94322	-1.29892	6.12898
1.95223	-1.24343	6.18626
1.96124	-1.18748	6.24098
1.97023	-1.13111	6.29312
1.97922	-1.07433	6.34268
1.98819	-1.01716	6.38963
1.99717	-0.95963	6.43397
2.00613	-0.901758	6.47569
2.01509	-0.843566	6.51478
2.02404	-0.785077	6.55124
2.03299	-0.726312	6.58504
2.04193	-0.667294	6.6162
2.05086	-0.608045	6.64469
2.05979	-0.548587	6.67051
2.06872	-0.488943	6.69366
2.07764	-0.429134	6.71414
2.08656	-0.369183	6.73194
2.09547	-0.309112	6.74705
2.10438	-0.248943	6.75948
2.11328	-0.188699	6.76923
2.12218	-0.128401	6.77628
2.13108	-0.0680731	6.78066
2.13998	-0.00773616	6.78234
2.14887	0.0525873	6.78134
2.15776	0.112875	6.77767
2.16665	0.173105	6.77131
2.17554	0.233255	6.76228
2.18443	0.293303	6.75058
2.19331	0.353227	6.73622
2.2022	0.413004	6.7192
2.21108	0.472614	6.69953
2.21997	0.532034	6.67721
2.22885	0.591243	6.65227
2.23773	0.650218	6.62469
2.24662	0.708938	6.59451
2.2555	0.767381	6.56172
2.26438	0.825527	6.52633
2.27327	0.883353	6.48837
2.28216	0.940838	6.44784
2.29104	0.997961	6.40475
2.29993	1.0547	6.35913
2.30883	1.11104	6.31098
2.31772	1.16695	6.26032
2.32662	1.22242	6.20717
2.33552	1.27741	6.15155
2.34442	1.33193	6.09347
2.35332	1.38593	6.03295
2.36223	1.43941	5.97001
2.37115	1.49234	5.90467
2.38007	1.5447	5.83695
2.38899	1.59648	5.76687
2.39792	1.64765	5.69445
2.40685	1.69819	5.61972
2.41579	1.74808	5.5427
2.42473	1.79731	5.46341
2.43369	1.84586	5.38187
2.44264	1.8937	5.29812
2.45161	1.94082	5.21216
2.46058	1.9872	5.12404
2.46956	2.03281	5.03377
2.47855	2.07765	4.94139
2.48755	2.1217	4.84691
2.49656	2.16493	4.75037
2.50558	2.20732	4.65179
2.5146	2.24887	4.55121
2.52364	2.28955	4.44864
2.53269	2.32934	4.34413
2.54176	2.36823	4.2377
2.55083	2.40619	4.12937
2.55992	2.44322	4.01918
2.56902	2.4793	3.90717
2.57813	2.5144	3.79335
2.58727	2.54851	3.67776
2.59641	2.58162	3.56044
2.60558	2.6137	3.44142
2.61476	2.64474	3.32072
2.62395	2.67473	3.19838
2.63317	2.70364	3.07444
2.64241	2.73146	2.94893
2.65166	2.75817	2.82188
2.66094	2.78376	2.69333
2.67024	2.8082	2.56332
2.67956	2.83149	2.43187
2.68891	2.85359	2.29904
2.69828	2.87451	2.16486
2.70767	2.89421	2.02937
2.71709	2.91268	1.89261
2.72653	2.92991	1.75463
2.73601	2.94587	1.61548
2.7455	2.96055	1.47521
2.75503	2.97393	1.33386
2.76458	2.986	1.1915
2.77416	2.99673	1.04819
2.78377	3.00611	0.903992
2.79341	3.01412	0.758975
2.80307	3.02075	0.613216
2.81275	3.02598	0.466794
2.82246	3.0298	0.319796
2.83219	3.03219	0.172315
2.84194	3.03315	0.0244479
2.85171	3.03267	-0.123703
2.86149	3.03073	-0.272029
2.87129	3.02734	-0.420419
2.8811	3.02249	-0.568757
2.89091	3.01618	-0.716926
2.90073	3.00841	-0.864808
2.91054	2.9992	-1.01228
2.92036	2.98854	-1.15923
2.93017	2.97645	-1.30555
2.93997	2.96294	-1.45111
2.94976	2.94802	-1.59581
2.95954	2.93171	-1.73954
2.9693	2.91403	-1.88222
2.97905	2.895	-2.02374
2.98877	2.87464	-2.16402
2.99847	2.85296	-2.30299
3.00816	2.83	-2.44055
3.01781	2.80576	-2.57665
3.02745	2.78029	-2.71121
3.03706	2.75359	-2.84419
3.04665	2.72569	-2.97552
3.05621	2.69662	-3.10514
3.06574	2.66639	-3.23302
3.07526	2.63504	-3.35911
3.08474	2.60257	-3.48336
3.09421	2.56902	-3.60574
3.10365	2.53441	-3.7262
3.11307	2.49875	-3.84471
3.12246	2.46208	-3.96124
3.13183	2.42441	-4.07576
3.14119	2.38577	-4.18823
3.15052	2.34617	-4.29862
3.15983	2.30564	-4.40692
3.16912	2.26419	-4.51307
3.17839	2.22186	-4.61707
3.18764	2.17866	-4.71889
3.19688	2.13461	-4.81849
3.2061	2.08974	-4.91586
3.2153	2.04406	-5.01098
3.22449	1.99759	-5.10381
3.23366	1.95036	-5.19434
3.24282	1.90239	-5.28254
3.25196	1.8537	-5.36839
3.26109	1.80431	-5.45188
3.2702	1.75425	-5.53298
3.2793	1.70352	-5.61167
3.28839	1.65216	-5.68793
3.29747	1.60018	-5.76176
3.30654	1.54761	-5.83311
3.31559	1.49447	-5.90199
3.32464	1.44078	-5.96838
3.33368	1.38656	-6.03225
3.3427	1.33183	-6.0936
3.35172	1.27661	-6.1524
3.36073	1.22094	-6.20865
3.36972	1.16481	-6.26233
3.37872	1.10827	-6.31343
3.3877	1.05133	-6.36194
3.39668	0.994018	-6.40784
3.40564	0.936347	-6.45113
3.41461	0.878343	-6.49179
3.42356	0.820028	-6.52982
3.43251	0.761425	-6.56521
3.44146	0.702556	-6.59794
3.45039	0.643442	-6.62802
3.45933	0.584106	-6.65544
3.46825	0.52457	-6.68019
3.47718	0.464856	-6.70226
3.4861	0.404987	-6.72166
3.49501	0.344985	-6.73838
3.50392	0.284871	-6.75241
3.51283	0.224669	-6.76376
3.52173	0.164401	-6.77242
3.53063	0.104088	-6.77839
3.53953	0.0437537	-6.78168
3.54843	-0.0165807	-6.78229
3.55732	-0.0768926	-6.78021
3.56621	-0.13716	-6.77545
3.5751	-0.19736	-6.76802
3.58399	-0.257472	-6.75791
3.59287	-0.317473	-6.74514
3.60176	-0.377341	-6.7297
3.61064	-0.437054	-6.71161
3.61953	-0.49659	-6.69087
3.62841	-0.555927	-6.6675
3.63729	-0.615044	-6.64149
3.64618	-0.673919	-6.61286
3.65506	-0.732531	-6.58163
3.66394	-0.790857	-6.54779
3.67283	-0.848876	-6.51136
3.68171	-0.906568	-6.47236
3.6906	-0.96391	-6.4308
3.69949	-1.02088	-6.38669
3.70838	-1.07746	-6.34005
3.71727	-1.13363	-6.29089
3.72617	-1.18936	-6.23922
3.73507	-1.24464	-6.18507
3.74397	-1.29945	-6.12846
3.75287	-1.35376	-6.06939
3.76178	-1.40756	-6.00789
3.77069	-1.46082	-5.94398
3.77961	-1.51352	-5.87768
3.78853	-1.56565	-5.80901
3.79745	-1.61718	-5.73798
3.80638	-1.6681	-5.66463
3.81532	-1.71838	-5.58897
3.82426	-1.76801	-5.51103
3.83321	-1.81697	-5.43083
3.84216	-1.86523	-5.3484
3.85112	-1.91279	-5.26375
3.86009	-1.95961	-5.17692
3.86906	-2.00568	-5.08793
3.87805	-2.05099	-4.99681
3.88704	-2.09551	-4.90358
3.89604	-2.13923	-4.80826
3.90506	-2.18212	-4.7109
3.91408	-2.22418	-4.61151
3.92311	-2.26538	-4.51012
3.93215	-2.3057	-4.40677
3.94121	-2.34513	-4.30148
3.95027	-2.38365	-4.19428
3.95935	-2.42124	-4.0852
3.96845	-2.45789	-3.97427
3.97755	-2.49357	-3.86152
3.98668	-2.52828	-3.74699
3.99581	-2.56199	-3.6307
4.00497	-2.59468	-3.51269
4.01414	-2.62635	-3.39298
4.02332	-2.65697	-3.27162
4.03253	-2.68652	-3.14863
4.04175	-2.71499	-3.02405
4.051	-2.74237	-2.89792
4.06026	-2.76863	-2.77026
4.06955	-2.79376	-2.64111
4.07886	-2.81774	-2.51052
4.08819	-2.84055	-2.37851
4.09754	-2.86218	-2.24513
4.10692	-2.8826	-2.11041
4.11633	-2.90181	-1.97441
4.12576	-2.91979	-1.83715
4.13521	-2.93651	-1.69869
4.14469	-2.95195	-1.55908
4.1542	-2.96611	-1.41837
4.16374	-2.97897	-1.27661
4.17331	-2.99049	-1.13386
4.1829	-3.00068	-0.990181
4.19252	-3.00951	-0.845643
4.20216	-3.01697	-0.700317
4.21183	-3.02303	-0.55428
4.22152	-3.0277	-0.407615
4.23124	-3.03094	-0.260411
4.24098	-3.03276	-0.112761
4.25074	-3.03314	0.0352332
4.26051	-3.03207	0.183468
4.2703	-3.02955	0.331834
4.2801	-3.02557	0.480218
4.28991	-3.02013	0.628503
4.29973	-3.01323	0.776571
4.30955	-3.00488	0.924303
4.31936	-2.99508	1.07158
4.32918	-2.98385	1.21829
4.33899	-2.97118	1.36431
4.34878	-2.9571	1.50954
4.35857	-2.94162	1.65386
4.36834	-2.92476	1.79718
4.37809	-2.90653	1.93941
4.38783	-2.88696	2.08044
4.39755	-2.86607	2.2202
4.40724	-2.84387	2.35861
4.41691	-2.82039	2.49559
4.42656	-2.79565	2.63108
4.43619	-2.76968	2.76501
4.44579	-2.7425	2.89733
4.45537	-2.71412	3.02798
4.46492	-2.68458	3.15691
4.47444	-2.6539	3.28407
4.48395	-2.62209	3.40942
4.49342	-2.58919	3.53292
4.50288	-2.55521	3.65453
4.51231	-2.52017	3.77421
4.52172	-2.48411	3.89193
4.5311	-2.44703	4.00765
4.54047	-2.40896	4.12135
4.54981	-2.36993	4.23299
4.55913	-2.32995	4.34254
4.56844	-2.28905	4.44997
4.57772	-2.24725	4.55526
4.58699	-2.20456	4.65839
4.59623	-2.16102	4.75931
4.60546	-2.11663	4.85802
4.61467	-2.07143	4.95449
4.62387	-2.02543	5.04868
4.63305	-1.97866	5.14059
4.64221	-1.93113	5.23018
4.65137	-1.88286	5.31744
4.6605	-1.83389	5.40234
4.66962	-1.78422	5.48487
4.67873	-1.73389	5.565
4.68783	-1.6829	5.64272
4.69692	-1.63129	5.718
4.70599	-1.57907	5.79083
4.71505	-1.52627	5.86119
4.7241	-1.4729	5.92907
4.73315	-1.41899	5.99444
4.74218	-1.36456	6.0573
4.7512	-1.30964	6.11762
4.76021	-1.25423	6.1754
4.76922	-1.19837	6.23061
4.77821	-1.14208	6.28326
4.7872	-1.08538	6.33331
4.79618	-1.02828	6.38077
4.80515	-0.970821	6.42562
4.81412	-0.913013	6.46785
4.82308	-0.854881	6.50745
4.83203	-0.796447	6.54442
4.84098	-0.737734	6.57874
4.84992	-0.678763	6.61041
4.85886	-0.619557	6.63941
4.86779	-0.560138	6.66576
4.87671	-0.500527	6.68943
4.88564	-0.440748	6.71042
4.89455	-0.380822	6.72874
4.90347	-0.320772	6.74438
4.91238	-0.26062	6.75733
4.92128	-0.200389	6.76759
4.93018	-0.1401	6.77517
4.93908	-0.0797751	6.78006
4.94798	-0.0194378	6.78227
4.95688	0.0408904	6.78179
4.96577	0.101187	6.77864
4.97466	0.16143	6.7728
4.98355	0.221598	6.76429
4.99243	0.281668	6.7531
5.00132	0.341618	6.73926
5.0102	0.401426	6.72275
5.01909	0.461071	6.70359
5.02797	0.520529	6.68179
5.03685	0.579781	6.65736
5.04574	0.638803	6.63029
5.05462	0.697575	6.60061
5.0635	0.756074	6.56832
5.07239	0.814279	6.53344
5.08127	0.872169	6.49598
5.09016	0.929723	6.45594
5.09905	0.986918	6.41335
5.10794	1.04374	6.36822
5.11683	1.10015	6.32056
5.12572	1.15615	6.27039
5.13462	1.2117	6.21772
5.14352	1.26679	6.16257
5.15242	1.3214	6.10497
5.16132	1.37551	6.04492
5.17023	1.42909	5.98245
5.17915	1.48213	5.91757
5.18806	1.5346	5.85031
5.19699	1.58649	5.78069
5.20591	1.63778	5.70872
5.21484	1.68845	5.63444
5.22378	1.73847	5.55786
5.23273	1.78783	5.479
5.24168	1.83651	5.3979
5.25063	1.88449	5.31457
5.2596	1.93175	5.22904
5.26857	1.97827	5.14134
5.27755	2.02404	5.05148
5.28654	2.06903	4.95951
5.29553	2.11323	4.86543
5.30454	2.15662	4.76929
5.31355	2.19918	4.6711
5.32258	2.24089	4.57091
5.33162	2.28174	4.46872
5.34066	2.32171	4.36458
5.34972	2.36077	4.25852
5.3588	2.39892	4.15056
5.36788	2.43613	4.04073
5.37698	2.47239	3.92906
5.38609	2.50769	3.81559
5.39522	2.54199	3.70035
5.40436	2.5753	3.58336
5.41352	2.60758	3.46466
5.4227	2.63882	3.34429
5.43189	2.66902	3.22226
5.44111	2.69814	3.09863
5.45034	2.72617	2.97342
5.45959	2.7531	2.84667
5.46887	2.7789	2.7184
5.47816	2.80357	2.58867
5.48748	2.82708	2.4575
5.49682	2.84942	2.32493
5.50618	2.87056	2.19101
5.51557	2.8905	2.05577
5.52499	2.90922	1.91925
5.53443	2.92669	1.78151
5.54389	2.9429	1.64258
5.55339	2.95783	1.50251
5.56291	2.97146	1.36137
5.57246	2.98378	1.2192
5.58203	2.99477	1.07607
5.59163	3.00441	0.932039
5.60126	3.01269	0.787174
5.61092	3.01959	0.641551
5.6206	3.02509	0.49525
5.6303	3.02919	0.348357
5.64003	3.03186	0.200961
5.64977	3.0331	0.05316
5.65954	3.03289	-0.0949449
5.66932	3.03124	-0.243246
5.67911	3.02813	-0.391634
5.68892	3.02356	-0.539992
5.69873	3.01754	-0.688204
5.70855	3.01005	-0.836152
5.71837	3.00112	-0.983716
5.72818	2.99074	-1.13078
5.73799	2.97893	-1.27722
5.7478	2.96569	-1.42294
5.75759	2.95104	-1.56781
5.76737	2.935	-1.71175
5.77714	2.91759	-1.85464
5.78688	2.89882	-1.99639
5.79661	2.87871	-2.13692
5.80632	2.85729	-2.27615
5.81601	2.83457	-2.41399
5.82567	2.81058	-2.55038
5.83531	2.78535	-2.68525
5.84492	2.75888	-2.81854
5.85451	2.73122	-2.95019
5.86408	2.70237	-3.08015
5.87362	2.67236	-3.20837
5.88314	2.64123	-3.33481
5.89263	2.60897	-3.45942
5.9021	2.57563	-3.58216
5.91155	2.54122	-3.703
5.92097	2.50577	-3.8219
5.93037	2.46929	-3.93882
5.93974	2.43182	-4.05373
5.9491	2.39336	-4.1666
5.95843	2.35394	-4.2774
5.96775	2.31359	-4.3861
5.97704	2.27232	-4.49267
5.98632	2.23016	-4.5971
5.99558	2.18712	-4.69934
6.00482	2.14324	-4.79937
6.01404	2.09852	-4.89718
6.02324	2.053	-4.99273
6.03243	2.00668	-5.08601
6.04161	1.9596	-5.17699
6.05077	1.91177	-5.26564
6.05991	1.86322	-5.35195
6.06904	1.81396	-5.4359
6.07816	1.76403	-5.51747
6.08726	1.71343	-5.59663
6.09636	1.66218	-5.67337
6.10544	1.61033	-5.74766
6.11451	1.55787	-5.8195
6.12356	1.50484	-5.88886
6.13261	1.45125	-5.95573
6.14165	1.39713	-6.02009
6.15068	1.3425	-6.08193
6.1597	1.28737	-6.14123
6.16871	1.23178	-6.19798
6.17771	1.17575	-6.25216
6.1867	1.11928	-6.30376
6.19568	1.06242	-6.35277
6.20466	1.00518	-6.39918
6.21363	0.947571	-6.44298
6.22259	0.88963	-6.48415
6.23155	0.831373	-6.52269
6.2405	0.772824	-6.55859
6.24945	0.714004	-6.59184
6.25839	0.654936	-6.62244
6.26732	0.595641	-6.65037
6.27625	0.536142	-6.67564
6.28517	0.47646	-6.69823
6.29409	0.416619	-6.71815
6.30301	0.356641	-6.73539
6.31192	0.296547	-6.74994
6.32083	0.23636	-6.76181
6.32973	0.176102	-6.77099
6.33863	0.115796	-6.77749
6.34753	0.0554633	-6.7813
6.35643	-0.00487319	-6.78243
6.36532	-0.0651916	-6.78087
6.37421	-0.12547	-6.77663
6.3831	-0.185685	-6.76971
6.39199	-0.245816	-6.76013
6.40088	-0.305841	-6.74787
6.40976	-0.365736	-6.73295
6.41865	-0.425481	-6.71537
6.42753	-0.485054	-6.69515
6.43641	-0.544432	-6.67229
6.4453	-0.603594	-6.64679
6.45418	-0.662518	-6.61867
6.46306	-0.721183	-6.58794
6.47195	-0.779566	-6.5546
6.48083	-0.837647	-6.51868
6.48972	-0.895404	-6.48018
6.4986	-0.952816	-6.43911
6.50749	-1.00986	-6.39549
6.51638	-1.06652	-6.34934
6.52527	-1.12277	-6.30067
6.53417	-1.17859	-6.24949
6.54307	-1.23396	-6.19582
6.55197	-1.28886	-6.13968
6.56087	-1.34327	-6.08108
6.56978	-1.39717	-6.02006
6.57869	-1.45053	-5.95661
6.5876	-1.50335	-5.89077
6.59652	-1.55559	-5.82256
6.60545	-1.60724	-5.75199
6.61437	-1.65828	-5.67909
6.62331	-1.70869	-5.60388
6.63225	-1.75844	-5.52638
6.64119	-1.80753	-5.44661
6.65015	-1.85593	-5.36461
6.65911	-1.90363	-5.28039
6.66807	-1.95059	-5.19398
6.67705	-1.99681	-5.10541
6.68603	-2.04227	-5.01469
6.69502	-2.08695	-4.92187
6.70402	-2.13082	-4.82696
6.71303	-2.17388	-4.72999
6.72205	-2.2161	-4.63099
6.73108	-2.25746	-4.52999
6.74012	-2.29796	-4.42701
6.74918	-2.33756	-4.32209
6.75824	-2.37626	-4.21526
6.76732	-2.41404	-4.10654
6.77641	-2.45087	-3.99597
6.78551	-2.48674	-3.88357
6.79463	-2.52164	-3.76938
6.80377	-2.55554	-3.65343
6.81292	-2.58844	-3.53575
6.82208	-2.6203	-3.41637
6.83127	-2.65113	-3.29533
6.84047	-2.68089	-3.17265
6.84969	-2.70957	-3.04838
6.85893	-2.73716	-2.92254
6.86819	-2.76364	-2.79517
6.87747	-2.78899	-2.66631
6.88678	-2.81319	-2.536
6.8961	-2.83623	-2.40426
6.90545	-2.85809	-2.27114
6.91483	-2.87875	-2.13668
6.92423	-2.8982	-2.00092
6.93365	-2.91642	-1.8639
6.9431	-2.93338	-1.72567
6.95258	-2.94908	-1.58628
6.96208	-2.96349	-1.44578
6.97161	-2.97659	-1.30422
6.98117	-2.98838	-1.16165
6.99076	-2.99883	-1.01815
7.00037	-3.00793	-0.87377
7.01001	-3.01565	-0.72859
7.01968	-3.02199	-0.582684
7.02937	-3.02692	-0.436133
7.03908	-3.03045	-0.289026
7.04882	-3.03254	-0.141454
7.05857	-3.0332	0.00648228
7.06834	-3.03241	0.15468
7.07813	-3.03017	0.30303
7.08793	-3.02648	0.45142
7.09774	-3.02132	0.599734
7.10755	-3.01471	0.747854
7.11737	-3.00664	0.895662
7.12719	-2.99712	1.04304
7.137	-2.98616	1.18987
7.14681	-2.97377	1.33603
7.15661	-2.95997	1.48142
7.1664	-2.94476	1.62593
7.17617	-2.92816	1.76946
7.18593	-2.9102	1.9119
7.19567	-2.89089	2.05317
7.20539	-2.87025	2.19319
7.21509	-2.8483	2.33186
7.22476	-2.82507	2.46913
7.23442	-2.80057	2.60491
7.24405	-2.77484	2.73915
7.25365	-2.74789	2.87179
7.26323	-2.71974	3.00277
7.27279	-2.69043	3.13203
7.28232	-2.65996	3.25954
7.29183	-2.62837	3.38525
7.30131	-2.59568	3.50911
7.31077	-2.56191	3.63109
7.32021	-2.52707	3.75115
7.32962	-2.4912	3.86926
7.33901	-2.45432	3.98537
7.34838	-2.41645	4.09946
7.35773	-2.3776	4.2115
7.36705	-2.3378	4.32146
7.37636	-2.29708	4.42931
7.38565	-2.25545	4.53502
7.39492	-2.21293	4.63857
7.40417	-2.16955	4.73992
7.4134	-2.12533	4.83907
7.42261	-2.08028	4.93597
7.43181	-2.03444	5.03061
7.441	-1.98781	5.12296
7.45016	-1.94043	5.213
7.45932	-1.8923	5.30072
7.46846	-1.84347	5.38608
7.47758	-1.79393	5.46907
7.48669	-1.74372	5.54967
7.49579	-1.69286	5.62786
7.50488	-1.64137	5.70361
7.51396	-1.58927	5.77692
7.52302	-1.53658	5.84777
7.53207	-1.48332	5.91613
7.54112	-1.42951	5.98199
7.55015	-1.37518	6.04533
7.55918	-1.32035	6.10615
7.56819	-1.26504	6.16442
7.5772	-1.20926	6.22014
7.58619	-1.15305	6.27328
7.59518	-1.09643	6.32384
7.60416	-1.03941	6.3718
7.61314	-0.982013	6.41716
7.62211	-0.92427	6.4599
7.63107	-0.866199	6.50002
7.64002	-0.807822	6.53749
7.64897	-0.749161	6.57233
7.65791	-0.690238	6.60451
7.66685	-0.631075	6.63404
7.67578	-0.571695	6.6609
7.68471	-0.51212	6.68509
7.69363	-0.452371	6.7066
7.70255	-0.392472	6.72544
7.71146	-0.332444	6.7416
7.72037	-0.272309	6.75507
7.72928	-0.212091	6.76586
7.73818	-0.151811	6.77396
7.74708	-0.0914914	6.77937
7.75598	-0.0311544	6.7821
7.76487	0.0291777	6.78214
7.77377	0.0894827	6.77951
7.78266	0.149738	6.77419
7.79155	0.209923	6.7662
7.80043	0.270014	6.75553
7.80932	0.329989	6.7422
7.8182	0.389827	6.72621
7.82709	0.449505	6.70757
7.83597	0.509002	6.68628
7.84485	0.568296	6.66235
7.85374	0.627365	6.6358
7.86262	0.686188	6.60662
7.8715	0.744742	6.57484
7.88039	0.803006	6.54046
7.88927	0.860959	6.5035
7.89816	0.91858	6.46396
7.90705	0.975847	6.42187
7.91594	1.03274	6.37723
7.92483	1.08924	6.33005
7.93372	1.14532	6.28037
7.94262	1.20096	6.22818
7.95151	1.25614	6.17352
7.96042	1.31085	6.11639
7.96932	1.36505	6.05681
7.97823	1.41874	5.99481
7.98714	1.47188	5.9304
7.99606	1.52447	5.8636
8.00498	1.57647	5.79443
8.01391	1.62788	5.72292
8.02284	1.67867	5.64908
8.03177	1.72882	5.57295
8.04072	1.77831	5.49453
8.04966	1.82712	5.41386
8.05862	1.87524	5.33096
8.06758	1.92264	5.24586
8.07655	1.96931	5.15857
8.08553	2.01523	5.06913
8.09452	2.06037	4.97757
8.10351	2.10473	4.8839
8.11251	2.14827	4.78815
8.12153	2.191	4.69036
8.13055	2.23287	4.59055
8.13959	2.27389	4.48875
8.14863	2.31403	4.38499
8.15769	2.35327	4.2793
8.16676	2.3916	4.1717
8.17584	2.429	4.06223
8.18494	2.46544	3.95092
8.19405	2.50093	3.8378
8.20317	2.53543	3.72289
8.21231	2.56892	3.60624
8.22147	2.60141	3.48787
8.23064	2.63286	3.36782
8.23983	2.66325	3.24611
8.24904	2.69258	3.12279
8.25827	2.72083	2.99788
8.26752	2.74797	2.87142
8.27679	2.774	2.74345
8.28608	2.79889	2.614
8.29539	2.82262	2.4831
8.30473	2.84519	2.3508
8.31409	2.86657	2.21714
8.32347	2.88675	2.08215
8.33288	2.9057	1.94588
8.34232	2.92341	1.80837
8.35178	2.93987	1.66966
8.36127	2.95505	1.52982
8.37078	2.96894	1.38888
8.38033	2.98151	1.2469
8.3899	2.99276	1.10395
8.39949	3.00267	0.960089
8.40912	3.01121	0.815379
8.41877	3.01838	0.669897
8.42844	3.02416	0.52372
8.43814	3.02852	0.376934
8.44786	3.03147	0.229628
8.45761	3.03299	0.0818965
8.46737	3.03307	-0.0661584
8.47715	3.0317	-0.214431
8.48694	3.02887	-0.362812
8.49674	3.02459	-0.511185
8.50655	3.01884	-0.659436
8.51637	3.01164	-0.807445
8.52619	3.00299	-0.955094
8.536	2.99289	-1.10226
8.54582	2.98135	-1.24884
8.55562	2.96839	-1.39471
8.56542	2.95402	-1.53975
8.5752	2.93825	-1.68388
8.58497	2.9211	-1.82698
8.59472	2.90259	-1.96896
8.60445	2.88274	-2.10974
8.61416	2.86157	-2.24922
8.62385	2.8391	-2.38734
8.63352	2.81536	-2.52402
8.64316	2.79036	-2.65919
8.65278	2.76414	-2.79279
8.66238	2.7367	-2.92476
8.67195	2.70808	-3.05506
8.6815	2.6783	-3.18362
8.69102	2.64738	-3.31041
8.70052	2.61534	-3.43538
8.70999	2.58221	-3.55849
8.71944	2.54801	-3.6797
8.72887	2.51276	-3.79898
8.73827	2.47648	-3.91629
8.74765	2.43919	-4.03159
8.75701	2.40092	-4.14486
8.76635	2.36169	-4.25607
8.77567	2.32152	-4.36518
8.78497	2.28042	-4.47217
8.79425	2.23843	-4.57701
8.80351	2.19557	-4.67968
8.81275	2.15184	-4.78015
8.82198	2.10729	-4.87839
8.83118	2.06192	-4.97438
8.84038	2.01575	-5.0681
8.84955	1.96882	-5.15953
8.85872	1.92114	-5.24864
8.86786	1.87272	-5.33541
8.877	1.8236	-5.41982
8.88612	1.77379	-5.50184
8.89522	1.72332	-5.58147
8.90432	1.6722	-5.65869
8.9134	1.62046	-5.73346
8.92247	1.56812	-5.80578
8.93153	1.51519	-5.87562
8.94058	1.46171	-5.94298
8.94962	1.40769	-6.00783
8.95865	1.35316	-6.07016
8.96767	1.29813	-6.12995
8.97668	1.24263	-6.1872
8.98568	1.18668	-6.24188
8.99468	1.13029	-6.29398
9.00367	1.07351	-6.3435
9.01264	1.01633	-6.39041
9.02162	0.958797	-6.43472
9.03058	0.900919	-6.4764
9.03954	0.842722	-6.51545
9.04849	0.784227	-6.55187
9.05744	0.725458	-6.58563
9.06638	0.666436	-6.61675
9.07531	0.607183	-6.6452
9.08424	0.547721	-6.67099
9.09317	0.488073	-6.6941
9.10209	0.428261	-6.71454
9.111	0.368307	-6.73229
9.11992	0.308233	-6.74737
9.12882	0.248062	-6.75976
9.13773	0.187816	-6.76947
9.14663	0.127517	-6.77648
9.15553	0.0671875	-6.78082
9.16443	0.00684967	-6.78246
9.17332	-0.0534744	-6.78143
9.18221	-0.113762	-6.77771
9.1911	-0.173992	-6.77131
9.19999	-0.234142	-6.76224
9.20888	-0.294189	-6.75051
9.21776	-0.354112	-6.7361
9.22665	-0.413888	-6.71904
9.23553	-0.473496	-6.69933
9.24441	-0.532914	-6.67698
9.2533	-0.59212	-6.65199
9.26218	-0.651093	-6.62438
9.27106	-0.70981	-6.59416
9.27995	-0.76825	-6.56133
9.28883	-0.826392	-6.52591
9.29772	-0.884214	-6.4879
9.3066	-0.941695	-6.44734
9.31549	-0.998814	-6.40421
9.32438	-1.05555	-6.35855
9.33327	-1.11188	-6.31036
9.34217	-1.16779	-6.25967
9.35106	-1.22325	-6.20648
9.35996	-1.27824	-6.15082
9.36887	-1.33275	-6.0927
9.37777	-1.38674	-6.03215
9.38668	-1.44022	-5.96917
9.3956	-1.49314	-5.90379
9.40451	-1.54549	-5.83604
9.41344	-1.59726	-5.76593
9.42237	-1.64842	-5.69347
9.4313	-1.69895	-5.61871
9.44024	-1.74884	-5.54165
9.44918	-1.79806	-5.46233
9.45813	-1.8466	-5.38076
9.46709	-1.89443	-5.29697
9.47606	-1.94154	-5.21098
9.48503	-1.9879	-5.12282
9.49401	-2.03351	-5.03252
9.503	-2.07834	-4.9401
9.512	-2.12237	-4.8456
9.52101	-2.16559	-4.74902
9.53003	-2.20797	-4.65042
9.53905	-2.24951	-4.5498
9.54809	-2.29017	-4.44721
9.55714	-2.32995	-4.34266
9.5662	-2.36883	-4.2362
9.57528	-2.40678	-4.12784
9.58437	-2.4438	-4.01763
9.59347	-2.47986	-3.90558
9.60259	-2.51495	-3.79174
9.61172	-2.54905	-3.67613
9.62086	-2.58214	-3.55878
9.63003	-2.61421	-3.43973
9.63921	-2.64524	-3.319
9.64841	-2.67521	-3.19664
9.65762	-2.7041	-3.07267
9.66686	-2.73191	-2.94714
9.67612	-2.7586	-2.82006
9.68539	-2.78417	-2.69149
9.69469	-2.8086	-2.56145
9.70401	-2.83187	-2.42999
9.71336	-2.85396	-2.29713
9.72273	-2.87485	-2.16293
9.73212	-2.89454	-2.02742
9.74154	-2.91299	-1.89064
9.75099	-2.9302	-1.75264
9.76046	-2.94615	-1.61347
9.76996	-2.96081	-1.47318
9.77949	-2.97417	-1.33182
9.78904	-2.98622	-1.18944
9.79862	-2.99693	-1.04612
9.80823	-3.00629	-0.901902
9.81786	-3.01428	-0.756871
9.82752	-3.02089	-0.611099
9.83721	-3.0261	-0.464666
9.84692	-3.02989	-0.317659
9.85665	-3.03227	-0.170169
9.8664	-3.03321	-0.0222948
9.87617	-3.0327	0.125861
9.88595	-3.03074	0.274191
9.89575	-3.02733	0.422583
9.90556	-3.02246	0.570922
9.91537	-3.01613	0.71909
9.92519	-3.00834	0.866969
9.935	-2.9991	1.01444
9.94482	-2.98842	1.16138
9.95463	-2.97631	1.30769
9.96443	-2.96278	1.45324
9.97422	-2.94784	1.59793
9.984	-2.93151	1.74165
9.99376	-2.91382	1.88431
10.0035	-2.89476	2.02582
10.0132	-2.87438	2.16609
10.0229	-2.85269	2.30503
10.0326	-2.8297	2.44258
10.0423	-2.80545	2.57865
10.0519	-2.77996	2.7132
10.0615	-2.75324	2.84615
10.0711	-2.72533	2.97746
10.0807	-2.69624	3.10706
10.0902	-2.66599	3.23492
10.0997	-2.63462	3.36098
10.1092	-2.60214	3.48521
10.1187	-2.56857	3.60756
10.1281	-2.53394	3.72799
10.1375	-2.49827	3.84648
10.1469	-2.46159	3.96298
10.1563	-2.4239	4.07747
10.1656	-2.38524	4.18991
10.175	-2.34563	4.30028
10.1843	-2.30508	4.40854
10.1936	-2.26363	4.51467
10.2028	-2.22128	4.61864
10.2121	-2.17807	4.72043
10.2213	-2.13401	4.82
10.2305	-2.08912	4.91734
10.2398	-2.04343	5.01242
10.2489	-1.99695	5.10522
10.2581	-1.94971	5.19572
10.2673	-1.90173	5.28388
10.2764	-1.85303	5.36971
10.2855	-1.80363	5.45316
10.2946	-1.75355	5.53423
10.3038	-1.70281	5.61288
10.3128	-1.65144	5.68912
10.3219	-1.59945	5.7629
10.331	-1.54688	5.83423
10.34	-1.49372	5.90307
10.3491	-1.44002	5.96942
10.3581	-1.38579	6.03326
10.3671	-1.33106	6.09457
10.3762	-1.27584	6.15334
10.3852	-1.22015	6.20955
10.3942	-1.16402	6.26319
10.4032	-1.10747	6.31426
10.4121	-1.05053	6.36273
10.4211	-0.993206	6.40859
10.4301	-0.935529	6.45184
10.4391	-0.877519	6.49247
10.448	-0.8192	6.53046
10.457	-0.760592	6.56581
10.4659	-0.701718	6.59851
10.4748	-0.642599	6.62855
10.4838	-0.58326	6.65593
10.4927	-0.52372	6.68064
10.5016	-0.464003	6.70268
10.5105	-0.404131	6.72203
10.5195	-0.344126	6.73871
10.5284	-0.28401	6.75271
10.5373	-0.223806	6.76402
10.5462	-0.163536	6.77264
10.5551	-0.103222	6.77858
10.564	-0.0428859	6.78183
10.5729	0.0174493	6.78239
10.5818	0.0777617	6.78028
10.5907	0.138029	6.77548
10.5995	0.198229	6.76801
10.6084	0.258341	6.75786
10.6173	0.318341	6.74505
10.6262	0.378207	6.72957
10.6351	0.437919	6.71145
10.644	0.497453	6.69067
10.6529	0.556789	6.66726
10.6617	0.615903	6.64121
10.6706	0.674776	6.61255
10.6795	0.733384	6.58127
10.6884	0.791707	6.5474
10.6973	0.849723	6.51093
10.7062	0.90741	6.4719
10.715	0.964748	6.4303
10.7239	1.02172	6.38615
10.7328	1.07829	6.33947
10.7417	1.13445	6.29027
10.7506	1.19018	6.23857
10.7595	1.24546	6.18438
10.7684	1.30026	6.12773
10.7773	1.35456	6.06863
10.7862	1.40835	6.00709
10.7951	1.4616	5.94315
10.8041	1.5143	5.87681
10.813	1.56642	5.8081
10.8219	1.61794	5.73705
10.8308	1.66885	5.66366
10.8398	1.71913	5.58797
10.8487	1.76875	5.50999
10.8577	1.8177	5.42976
10.8666	1.86595	5.34729
10.8756	1.91349	5.26262
10.8845	1.96031	5.17575
10.8935	2.00637	5.08673
10.9025	2.05167	4.99557
10.9115	2.09618	4.90231
10.9205	2.13988	4.80696
10.9295	2.18277	4.70957
10.9385	2.22481	4.61015
10.9476	2.266	4.50873
10.9566	2.30631	4.40535
10.9657	2.34573	4.30003
10.9747	2.38424	4.1928
10.9838	2.42181	4.08369
10.9929	2.45845	3.97273
11.002	2.49412	3.85996
11.0111	2.52881	3.7454
11.0203	2.56251	3.62908
11.0294	2.59519	3.51105
11.0386	2.62684	3.39132
11.0478	2.65744	3.26993
11.057	2.68698	3.14692
11.0662	2.71544	3.02231
11.0754	2.7428	2.89615
11.0847	2.76904	2.76847
11.094	2.79416	2.6393
11.1033	2.81812	2.50868
11.1126	2.84092	2.37666
11.122	2.86253	2.24325
11.1314	2.88294	2.10852
11.1408	2.90213	1.97249
11.1502	2.92008	1.83521
11.1597	2.93679	1.69674
11.1691	2.95222	1.55711
11.1787	2.96636	1.41638
11.1882	2.97919	1.2746
11.1978	2.9907	1.13183
11.2074	3.00087	0.988142
11.217	3.00968	0.84359
11.2266	3.01712	0.698251
11.2363	3.02316	0.552203
11.246	3.02781	0.405527
11.2557	3.03103	0.258314
11.2654	3.03283	0.110657
11.2752	3.03319	-0.0373441
11.285	3.0321	-0.185584
11.2948	3.02955	-0.333953
11.3046	3.02555	-0.482338
11.3144	3.02009	-0.630623
11.3242	3.01318	-0.778689
11.334	3.00481	-0.926418
11.3438	2.99499	-1.07369
11.3536	2.98373	-1.22039
11.3634	2.97104	-1.36641
11.3732	2.95694	-1.51162
11.383	2.94144	-1.65594
11.3928	2.92456	-1.79924
11.4026	2.90631	-1.94145
11.4123	2.88672	-2.08247
11.422	2.86581	-2.22221
11.4317	2.84359	-2.3606
11.4414	2.8201	-2.49757
11.451	2.79534	-2.63304
11.4606	2.76935	-2.76695
11.4702	2.74215	-2.89924
11.4798	2.71376	-3.02987
11.4894	2.6842	-3.15878
11.4989	2.6535	-3.28592
11.5084	2.62168	-3.41124
11.5179	2.58876	-3.53472
11.5273	2.55476	-3.6563
11.5368	2.51971	-3.77596
11.5462	2.48363	-3.89365
11.5556	2.44654	-4.00935
11.5649	2.40846	-4.12302
11.5743	2.36941	-4.23463
11.5836	2.32942	-4.34415
11.5929	2.2885	-4.45156
11.6022	2.24669	-4.55682
11.6114	2.20399	-4.65991
11.6207	2.16043	-4.76081
11.6299	2.11603	-4.85949
11.6391	2.07082	-4.95592
11.6483	2.02481	-5.05009
11.6575	1.97802	-5.14196
11.6667	1.93048	-5.23152
11.6758	1.88221	-5.31875
11.6849	1.83322	-5.40362
11.6941	1.78355	-5.48611
11.7032	1.7332	-5.56621
11.7123	1.68221	-5.6439
11.7214	1.63058	-5.71914
11.7304	1.57836	-5.79194
11.7395	1.52554	-5.86227
11.7485	1.47217	-5.93011
11.7576	1.41825	-5.99545
11.7666	1.36382	-6.05827
11.7756	1.30888	-6.11856
11.7847	1.25347	-6.1763
11.7937	1.1976	-6.23148
11.8027	1.1413	-6.28409
11.8116	1.08459	-6.33411
11.8206	1.02749	-6.38153
11.8296	0.970024	-6.42635
11.8386	0.91221	-6.46854
11.8475	0.854073	-6.50811
11.8565	0.795634	-6.54504
11.8654	0.736916	-6.57932
11.8744	0.677941	-6.61095
11.8833	0.618731	-6.63992
11.8922	0.559308	-6.66622
11.9012	0.499694	-6.68986
11.9101	0.439911	-6.71082
11.919	0.379983	-6.7291
11.9279	0.31993	-6.74469
11.9368	0.259776	-6.75761
11.9457	0.199543	-6.76784
11.9546	0.139252	-6.77538
11.9635	0.0789261	-6.78023
11.9724	0.0185877	-6.7824
11.9813	-0.0417411	-6.78189
11.9902	-0.102038	-6.77869
11.9991	-0.162282	-6.77281
12.008	-0.222449	-6.76426
12.0169	-0.282518	-6.75304
12.0258	-0.342467	-6.73916
12.0346	-0.402274	-6.72262
12.0435	-0.461917	-6.70342
12.0524	-0.521374	-6.68158
12.0613	-0.580624	-6.65711
12.0702	-0.639644	-6.63001
12.0791	-0.698412	-6.60029
12.0879	-0.756908	-6.56796
12.0968	-0.81511	-6.53305
12.1057	-0.872997	-6.49554
12.1146	-0.930546	-6.45547
12.1235	-0.987737	-6.41285
12.1324	-1.04455	-6.36768
12.1413	-1.10096	-6.31998
12.1502	-1.15695	-6.26977
12.1591	-1.2125	-6.21707
12.168	-1.26759	-6.16189
12.1769	-1.32219	-6.10424
12.1858	-1.37629	-6.04416
12.1947	-1.42986	-5.98165
12.2036	-1.4829	-5.91674
12.2125	-1.53536	-5.84945
12.2214	-1.58725	-5.77979
12.2304	-1.63853	-5.70779
12.2393	-1.68918	-5.63348
12.2482	-1.7392	-5.55686
12.2572	-1.78855	-5.47798
12.2661	-1.83722	-5.39684
12.2751	-1.88519	-5.31348
12.284	-1.93244	-5.22792
12.293	-1.97895	-5.14018
12.302	-2.02471	-5.05029
12.311	-2.06969	-4.95828
12.32	-2.11388	-4.86418
12.329	-2.15726	-4.76801
12.338	-2.19981	-4.66979
12.347	-2.24151	-4.56956
12.3561	-2.28235	-4.46735
12.3651	-2.3223	-4.36318
12.3742	-2.36135	-4.25709
12.3832	-2.39949	-4.1491
12.3923	-2.43669	-4.03924
12.4014	-2.47294	-3.92755
12.4105	-2.50822	-3.81405
12.4197	-2.54251	-3.69878
12.4288	-2.5758	-3.58177
12.438	-2.60807	-3.46305
12.4471	-2.6393	-3.34265
12.4563	-2.66948	-3.2206
12.4656	-2.69858	-3.09694
12.4748	-2.7266	-2.97171
12.484	-2.75351	-2.84493
12.4933	-2.7793	-2.71664
12.5026	-2.80395	-2.58689
12.5119	-2.82745	-2.4557
12.5213	-2.84977	-2.32311
12.5306	-2.8709	-2.18916
12.54	-2.89082	-2.0539
12.5494	-2.90952	-1.91737
12.5589	-2.92697	-1.7796
12.5683	-2.94316	-1.64066
12.5778	-2.95808	-1.50058
12.5874	-2.97169	-1.35942
12.5969	-2.984	-1.21723
12.6065	-2.99497	-1.07409
12.6161	-3.00459	-0.930038
12.6257	-3.01285	-0.785159
12.6354	-3.01973	-0.639525
12.645	-3.02521	-0.493213
12.6548	-3.02929	-0.34631
12.6645	-3.03194	-0.198905
12.6742	-3.03316	-0.0510972
12.684	-3.03293	0.0970133
12.6938	-3.03126	0.245319
12.7036	-3.02813	0.393709
12.7134	-3.02354	0.542068
12.7232	-3.01749	0.690279
12.733	-3.00999	0.838224
12.7428	-3.00104	0.985784
12.7526	-2.99064	1.13284
12.7624	-2.9788	1.27928
12.7723	-2.96554	1.42499
12.782	-2.95088	1.56985
12.7918	-2.93482	1.71377
12.8016	-2.91739	1.85665
12.8113	-2.8986	1.99839
12.8211	-2.87847	2.1389
12.8308	-2.85703	2.27811
12.8405	-2.83429	2.41594
12.8501	-2.81029	2.55231
12.8598	-2.78503	2.68716
12.8694	-2.75855	2.82042
12.879	-2.73087	2.95206
12.8885	-2.70201	3.082
12.8981	-2.67199	3.2102
12.9076	-2.64083	3.33661
12.9171	-2.60856	3.4612
12.9265	-2.57521	3.58392
12.936	-2.54078	3.70473
12.9454	-2.50531	3.8236
12.9548	-2.46882	3.94049
12.9642	-2.43133	4.05538
12.9735	-2.39286	4.16822
12.9829	-2.35343	4.27899
12.9922	-2.31306	4.38767
13.0015	-2.27178	4.49421
13.0108	-2.22961	4.59861
13.02	-2.18656	4.70082
13.0293	-2.14266	4.80083
13.0385	-2.09793	4.8986
13.0477	-2.0524	4.99413
13.0569	-2.00607	5.08737
13.0661	-1.95898	5.17832
13.0752	-1.91114	5.26694
13.0844	-1.86258	5.35322
13.0935	-1.81331	5.43714
13.1026	-1.76336	5.51867
13.1117	-1.71275	5.5978
13.1208	-1.6615	5.67451
13.1299	-1.60963	5.74877
13.1389	-1.55717	5.82058
13.148	-1.50412	5.88991
13.1571	-1.45053	5.95674
13.1661	-1.3964	6.02107
13.1751	-1.34176	6.08287
13.1841	-1.28663	6.14214
13.1931	-1.23103	6.19885
13.2021	-1.17499	6.253
13.2111	-1.11852	6.30456
13.2201	-1.06165	6.35354
13.2291	-1.0044	6.39991
13.2381	-0.946789	6.44367
13.247	-0.888842	6.48481
13.256	-0.830581	6.52332
13.2649	-0.772027	6.55918
13.2739	-0.713203	6.5924
13.2828	-0.65413	6.62296
13.2918	-0.594831	6.65085
13.3007	-0.535328	6.67608
13.3096	-0.475644	6.69864
13.3185	-0.415799	6.71852
13.3274	-0.355818	6.73572
13.3364	-0.295722	6.75024
13.3453	-0.235533	6.76207
13.3542	-0.175273	6.77122
13.3631	-0.114966	6.77768
13.372	-0.054632	6.78145
13.3809	0.00570535	6.78254
13.3898	0.0660243	6.78094
13.3987	0.126303	6.77667
13.4075	0.186518	6.76972
13.4164	0.246649	6.76009
13.4253	0.306672	6.7478
13.4342	0.366567	6.73284
13.4431	0.426311	6.71523
13.452	0.485882	6.69497
13.4609	0.545258	6.67207
13.4697	0.604418	6.64653
13.4786	0.66334	6.61838
13.4875	0.722001	6.58761
13.4964	0.780382	6.55424
13.5053	0.838459	6.51828
13.5142	0.896213	6.47974
13.523	0.953621	6.43864
13.5319	1.01066	6.39499
13.5408	1.06732	6.3488
13.5497	1.12356	6.30009
13.5586	1.17938	6.24887
13.5675	1.23474	6.19517
13.5764	1.28963	6.13899
13.5853	1.34404	6.08037
13.5942	1.39793	6.0193
13.6031	1.45129	5.95583
13.612	1.50409	5.88995
13.621	1.55633	5.8217
13.6299	1.60797	5.7511
13.6388	1.659	5.67817
13.6477	1.7094	5.60292
13.6567	1.75915	5.52539
13.6656	1.80823	5.4456
13.6746	1.85663	5.36356
13.6835	1.90431	5.27931
13.6925	1.95127	5.19287
13.7015	1.99748	5.10426
13.7105	2.04292	5.01352
13.7195	2.08759	4.92066
13.7285	2.13145	4.82572
13.7375	2.1745	4.72872
13.7465	2.21671	4.62969
13.7555	2.25806	4.52866
13.7646	2.29855	4.42566
13.7736	2.33814	4.32071
13.7827	2.37683	4.21385
13.7918	2.41459	4.10511
13.8008	2.45141	3.99451
13.81	2.48727	3.88208
13.8191	2.52215	3.76787
13.8282	2.55604	3.65189
13.8374	2.58892	3.53419
13.8465	2.62078	3.41478
13.8557	2.65159	3.29371
13.8649	2.68133	3.17102
13.8741	2.71	3.04672
13.8834	2.73758	2.92086
13.8926	2.76404	2.79347
13.9019	2.78938	2.66459
13.9112	2.81356	2.53425
13.9205	2.83659	2.40249
13.9299	2.85843	2.26935
13.9393	2.87908	2.13487
13.9487	2.89851	1.99909
13.9581	2.91671	1.86205
13.9675	2.93365	1.72381
13.977	2.94933	1.5844
13.9865	2.96373	1.44387
13.9961	2.97682	1.3023
14.0056	2.98858	1.15972
14.0152	2.99902	1.0162
14.0248	3.00809	0.871807
14.0345	3.0158	0.726614
14.0441	3.02212	0.580697
14.0538	3.02703	0.434136
14.0635	3.03054	0.287019
14.0733	3.03261	0.13944
14.083	3.03325	-0.00850291
14.0928	3.03244	-0.156706
14.1026	3.03018	-0.305059
14.1124	3.02647	-0.453451
14.1222	3.02129	-0.601765
14.132	3.01466	-0.749884
14.1418	3.00657	-0.897689
14.1516	2.99703	-1.04506
14.1615	2.98605	-1.19188
14.1713	2.97365	-1.33804
14.1811	2.95982	-1.48342
14.1908	2.94459	-1.62792
14.2006	2.92798	-1.77143
14.2104	2.90999	-1.91386
14.2201	2.89066	-2.05512
14.2298	2.87001	-2.19512
14.2395	2.84804	-2.33378
14.2492	2.82479	-2.47103
14.2589	2.80028	-2.60679
14.2685	2.77453	-2.74101
14.2781	2.74756	-2.87363
14.2877	2.7194	-3.00459
14.2972	2.69007	-3.13383
14.3068	2.65959	-3.26132
14.3163	2.62798	-3.387
14.3258	2.59527	-3.51084
14.3352	2.56148	-3.6328
14.3447	2.52664	-3.75283
14.3541	2.49075	-3.87091
14.3635	2.45386	-3.987
14.3728	2.41597	-4.10107
14.3822	2.37711	-4.21308
14.3915	2.3373	-4.32301
14.4008	2.29656	-4.43083
14.4101	2.25492	-4.53652
14.4194	2.21239	-4.64004
14.4286	2.169	-4.74136
14.4378	2.12476	-4.84048
14.4471	2.0797	-4.93735
14.4563	2.03385	-5.03196
14.4654	1.98721	-5.12428
14.4746	1.93981	-5.2143
14.4838	1.89168	-5.30198
14.4929	1.84283	-5.38731
14.502	1.79329	-5.47027
14.5111	1.74307	-5.55084
14.5202	1.6922	-5.62899
14.5293	1.6407	-5.70472
14.5384	1.58859	-5.778
14.5475	1.53589	-5.84881
14.5565	1.48262	-5.91714
14.5656	1.4288	-5.98296
14.5746	1.37447	-6.04628
14.5836	1.31963	-6.10706
14.5926	1.26431	-6.1653
14.6016	1.20853	-6.22098
14.6106	1.15231	-6.27409
14.6196	1.09568	-6.32461
14.6286	1.03865	-6.37254
14.6376	0.981252	-6.41787
14.6465	0.923503	-6.46057
14.6555	0.865427	-6.50065
14.6645	0.807045	-6.5381
14.6734	0.748379	-6.57289
14.6824	0.689452	-6.60504
14.6913	0.630285	-6.63453
14.7002	0.570902	-6.66136
14.7091	0.511323	-6.68551
14.7181	0.451571	-6.70699
14.727	0.391669	-6.72579
14.7359	0.331638	-6.74191
14.7448	0.271502	-6.75535
14.7537	0.211282	-6.7661
14.7626	0.151	-6.77417
14.7715	0.0906789	-6.77954
14.7804	0.0303408	-6.78224
14.7893	-0.029992	-6.78224
14.7982	-0.0902974	-6.77957
14.8071	-0.150553	-6.77422
14.816	-0.210737	-6.76619
14.8249	-0.270828	-6.75549
14.8338	-0.330803	-6.74212
14.8426	-0.390639	-6.72609
14.8515	-0.450316	-6.70741
14.8604	-0.509812	-6.68609
14.8693	-0.569104	-6.66213
14.8782	-0.62817	-6.63554
14.8871	-0.68699	-6.60633
14.8959	-0.745541	-6.57451
14.9048	-0.803803	-6.5401
14.9137	-0.861753	-6.5031
14.9226	-0.91937	-6.46352
14.9315	-0.976633	-6.42139
14.9404	-1.03352	-6.37672
14.9493	-1.09001	-6.32951
14.9582	-1.14609	-6.27979
14.9671	-1.20172	-6.22757
14.976	-1.2569	-6.17287
14.9849	-1.3116	-6.11571
14.9938	-1.3658	-6.0561
15.0027	-1.41948	-5.99406
15.0116	-1.47262	-5.92962
15.0205	-1.5252	-5.86278
15.0294	-1.5772	-5.79358
15.0383	-1.6286	-5.72204
15.0473	-1.67938	-5.64817
15.0562	-1.72952	-5.572
15.0652	-1.779	-5.49356
15.0741	-1.82781	-5.41286
15.0831	-1.87591	-5.32993
15.092	-1.92331	-5.24479
15.101	-1.96997	-5.15748
15.11	-2.01587	-5.06801
15.119	-2.06101	-4.97641
15.1279	-2.10535	-4.88271
15.137	-2.14889	-4.78694
15.146	-2.1916	-4.68912
15.155	-2.23347	-4.58928
15.164	-2.27448	-4.48745
15.1731	-2.3146	-4.38366
15.1821	-2.35383	-4.27794
15.1912	-2.39215	-4.17031
15.2003	-2.42953	-4.06082
15.2094	-2.46597	-3.94948
15.2185	-2.50144	-3.83633
15.2276	-2.53592	-3.7214
15.2368	-2.56941	-3.60473
15.2459	-2.60188	-3.48633
15.2551	-2.63332	-3.36625
15.2643	-2.6637	-3.24453
15.2735	-2.69302	-3.12118
15.2827	-2.72125	-2.99625
15.292	-2.74838	-2.86977
15.3012	-2.77439	-2.74177
15.3105	-2.79926	-2.6123
15.3198	-2.82298	-2.48138
15.3292	-2.84553	-2.34906
15.3385	-2.8669	-2.21538
15.3479	-2.88706	-2.08037
15.3573	-2.90599	-1.94408
15.3668	-2.92369	-1.80655
15.3762	-2.94013	-1.66783
15.3857	-2.95529	-1.52796
15.3952	-2.96916	-1.38701
15.4048	-2.98172	-1.24502
15.4143	-2.99296	-1.10206
15.4239	-3.00284	-0.958177
15.4336	-3.01137	-0.813454
15.4432	-3.01852	-0.66796
15.4529	-3.02428	-0.521773
15.4626	-3.02863	-0.374977
15.4723	-3.03156	-0.227662
15.4821	-3.03305	-0.0799241
15.4918	-3.03311	0.0681366
15.5016	-3.03172	0.216414
15.5114	-3.02887	0.364797
15.5212	-3.02457	0.513172
15.531	-3.01881	0.661422
15.5408	-3.01159	0.80943
15.5506	-3.00292	0.957075
15.5605	-2.9928	1.10424
15.5703	-2.98124	1.25081
15.5801	-2.96826	1.39667
15.5899	-2.95387	1.5417
15.5996	-2.93808	1.68582
15.6094	-2.92091	1.82891
15.6192	-2.90238	1.97088
15.6289	-2.88252	2.11164
15.6386	-2.86133	2.25111
15.6483	-2.83884	2.38921
15.658	-2.81508	2.52587
15.6676	-2.79007	2.66102
15.6772	-2.76383	2.7946
15.6868	-2.73638	2.92656
15.6964	-2.70774	3.05683
15.7059	-2.67794	3.18537
15.7155	-2.64701	3.31214
15.725	-2.61496	3.43709
15.7344	-2.58181	3.56018
15.7439	-2.54759	3.68136
15.7533	-2.51232	3.80061
15.7627	-2.47603	3.9179
15.7721	-2.43873	4.03318
15.7815	-2.40045	4.14642
15.7908	-2.3612	4.2576
15.8001	-2.32102	4.36669
15.8094	-2.27991	4.47365
15.8187	-2.23791	4.57847
15.8279	-2.19503	4.68111
15.8372	-2.1513	4.78154
15.8464	-2.10673	4.87976
15.8556	-2.06135	4.97572
15.8648	-2.01517	5.06942
15.874	-1.96823	5.16081
15.8832	-1.92053	5.24989
15.8923	-1.87211	5.33663
15.9014	-1.82298	5.42101
15.9106	-1.77316	5.50301
15.9197	-1.72268	5.58261
15.9288	-1.67155	5.65979
15.9378	-1.6198	5.73453
15.9469	-1.56745	5.80682
15.956	-1.51452	5.87663
15.965	-1.46103	5.94396
15.9741	-1.407	6.00877
15.9831	-1.35246	6.07107
15.9921	-1.29742	6.13083
16.0011	-1.24191	6.18804
16.0101	-1.18595	6.24269
16.0191	-1.12957	6.29476
16.0281	-1.07277	6.34424
16.0371	-1.01559	6.39112
16.0461	-0.958051	6.43539
16.055	-0.900168	6.47704
16.064	-0.841965	6.51606
16.0729	-0.783466	6.55244
16.0819	-0.724693	6.58618
16.0908	-0.665666	6.61725
16.0997	-0.606409	6.64567
16.1087	-0.546944	6.67142
16.1176	-0.487293	6.6945
16.1265	-0.427477	6.7149
16.1354	-0.367521	6.73263
16.1444	-0.307445	6.74767
16.1533	-0.247272	6.76002
16.1622	-0.187024	6.76969
16.1711	-0.126723	6.77668
16.18	-0.0663928	6.78097
16.1889	-0.00605397	6.78258
16.1978	0.0542707	6.78151
16.2066	0.114559	6.77776
16.2155	0.174789	6.77133
16.2244	0.234938	6.76222
16.2333	0.294985	6.75045
16.2422	0.354907	6.73601
16.2511	0.414682	6.71892
16.26	0.474289	6.69917
16.2688	0.533705	6.67678
16.2777	0.592909	6.65176
16.2866	0.651879	6.62412
16.2955	0.710594	6.59386
16.3044	0.769031	6.56099
16.3133	0.82717	6.52554
16.3221	0.884988	6.4875
16.331	0.942466	6.4469
16.3399	0.999581	6.40374
16.3488	1.05631	6.35804
16.3577	1.11264	6.30982
16.3666	1.16854	6.25909
16.3755	1.22399	6.20587
16.3844	1.27898	6.15018
16.3933	1.33348	6.09203
16.4022	1.38748	6.03144
16.4111	1.44094	5.96843
16.42	1.49386	5.90302
16.4289	1.5462	5.83523
16.4379	1.59796	5.76509
16.4468	1.64912	5.69261
16.4557	1.69964	5.61781
16.4647	1.74952	5.54072
16.4736	1.79873	5.46136
16.4826	1.84726	5.37976
16.4915	1.89508	5.29594
16.5005	1.94218	5.20992
16.5095	1.98854	5.12174
16.5184	2.03414	5.03141
16.5274	2.07896	4.93896
16.5364	2.12298	4.84442
16.5454	2.16619	4.74782
16.5545	2.20856	4.64919
16.5635	2.25009	4.54855
16.5725	2.29074	4.44592
16.5816	2.33051	4.34135
16.5906	2.36937	4.23486
16.5997	2.40732	4.12648
16.6088	2.44432	4.01624
16.6179	2.48037	3.90417
16.627	2.51545	3.7903
16.6362	2.54953	3.67466
16.6453	2.58261	3.55729
16.6545	2.61467	3.43821
16.6636	2.64568	3.31747
16.6728	2.67564	3.19508
16.6821	2.70452	3.07109
16.6913	2.73231	2.94553
16.7006	2.75899	2.81844
16.7098	2.78455	2.68984
16.7191	2.80896	2.55979
16.7285	2.83221	2.4283
16.7378	2.85429	2.29543
16.7472	2.87517	2.1612
16.7566	2.89484	2.02567
16.766	2.91328	1.88888
16.7754	2.93047	1.75086
16.7849	2.9464	1.61167
16.7944	2.96104	1.47136
16.8039	2.97439	1.32999
16.8135	2.98642	1.1876
16.8231	2.99711	1.04426
16.8327	3.00645	0.900028
16.8423	3.01442	0.754985
16.852	3.02101	0.609202
16.8617	3.02621	0.462759
16.8714	3.02999	0.315743
16.8811	3.03234	0.168245
16.8908	3.03326	0.0203644
16.9006	3.03274	-0.127797
16.9104	3.03076	-0.276131
16.9202	3.02733	-0.424525
16.93	3.02244	-0.572864
16.9398	3.01609	-0.721031
16.9496	3.00828	-0.868908
16.9594	2.99903	-1.01637
16.9693	2.98833	-1.16331
16.9791	2.9762	-1.30961
16.9889	2.96265	-1.45515
16.9987	2.94769	-1.59983
17.0084	2.93134	-1.74354
17.0182	2.91363	-1.88619
17.0279	2.89456	-2.02769
17.0377	2.87416	-2.16794
17.0474	2.85244	-2.30687
17.0571	2.82944	-2.4444
17.0667	2.80518	-2.58046
17.0763	2.77967	-2.71498
17.086	2.75293	-2.84792
17.0955	2.725	-2.9792
17.1051	2.6959	-3.10879
17.1146	2.66564	-3.23662
17.1242	2.63425	-3.36266
17.1336	2.60175	-3.48687
17.1431	2.56817	-3.60919
17.1525	2.53353	-3.72961
17.162	2.49785	-3.84807
17.1714	2.46115	-3.96455
17.1807	2.42345	-4.07901
17.1901	2.38478	-4.19143
17.1994	2.34515	-4.30177
17.2087	2.30459	-4.41001
17.218	2.26312	-4.51611
17.2273	2.22076	-4.62005
17.2365	2.17754	-4.72181
17.2458	2.13347	-4.82136
17.255	2.08857	-4.91867
17.2642	2.04286	-5.01372
17.2734	1.99638	-5.1065
17.2825	1.94913	-5.19696
17.2917	1.90114	-5.2851
17.3008	1.85242	-5.37089
17.31	1.80301	-5.45432
17.3191	1.75293	-5.53535
17.3282	1.70218	-5.61398
17.3373	1.6508	-5.69018
17.3464	1.59881	-5.76394
17.3554	1.54622	-5.83523
17.3645	1.49306	-5.90405
17.3735	1.43935	-5.97036
17.3826	1.38511	-6.03417
17.3916	1.33037	-6.09545
17.4006	1.27514	-6.15419
17.4096	1.21945	-6.21037
17.4186	1.16331	-6.26398
17.4276	1.10676	-6.31501
17.4366	1.04981	-6.36345
17.4456	0.99248	-6.40928
17.4545	0.934798	-6.4525
17.4635	0.876784	-6.49309
17.4724	0.818459	-6.53105
17.4814	0.759847	-6.56636
17.4903	0.700968	-6.59903
17.4993	0.641846	-6.62903
17.5082	0.582503	-6.65638
17.5171	0.52296	-6.68106
17.5261	0.463239	-6.70306
17.535	0.403365	-6.72238
17.5439	0.343357	-6.73903
17.5528	0.283239	-6.75299
17.5617	0.223033	-6.76426
17.5706	0.162761	-6.77285
17.5795	0.102446	-6.77875
17.5884	0.0421088	-6.78197
17.5973	-0.0182271	-6.7825
17.6062	-0.07854	-6.78035
17.6151	-0.138808	-6.77552
17.624	-0.199008	-6.76801
17.6329	-0.259119	-6.75783
17.6418	-0.319118	-6.74498
17.6506	-0.378984	-6.72947
17.6595	-0.438694	-6.71131
17.6684	-0.498227	-6.6905
17.6773	-0.557561	-6.66705
17.6862	-0.616673	-6.64097
17.6951	-0.675543	-6.61228
17.7039	-0.734149	-6.58097
17.7128	-0.792469	-6.54706
17.7217	-0.850482	-6.51056
17.7306	-0.908166	-6.47149
17.7395	-0.9655	-6.42986
17.7484	-1.02246	-6.38567
17.7573	-1.07903	-6.33896
17.7661	-1.13519	-6.28973
17.775	-1.19092	-6.238
17.7839	-1.24619	-6.18378
17.7928	-1.30098	-6.12709
17.8017	-1.35528	-6.06796
17.8107	-1.40906	-6.00639
17.8196	-1.46231	-5.94241
17.8285	-1.515	-5.87604
17.8374	-1.56711	-5.80731
17.8463	-1.61863	-5.73622
17.8553	-1.66953	-5.6628
17.8642	-1.7198	-5.58708
17.8731	-1.76941	-5.50907
17.8821	-1.81835	-5.42881
17.891	-1.8666	-5.34631
17.9	-1.91413	-5.2616
17.909	-1.96094	-5.17471
17.9179	-2.00699	-5.08566
17.9269	-2.05228	-4.99447
17.9359	-2.09678	-4.90118
17.9449	-2.14048	-4.80581
17.9539	-2.18335	-4.70839
17.963	-2.22539	-4.60894
17.972	-2.26656	-4.5075
17.981	-2.30686	-4.40409
17.9901	-2.34627	-4.29874
17.9992	-2.38476	-4.19148
18.0082	-2.42233	-4.08235
18.0173	-2.45895	-3.97137
18.0264	-2.49461	-3.85857
18.0356	-2.52929	-3.74399
18.0447	-2.56298	-3.62765
18.0538	-2.59565	-3.50958
18.063	-2.62728	-3.38983
18.0722	-2.65787	-3.26842
18.0814	-2.6874	-3.14539
18.0906	-2.71584	-3.02076
18.0999	-2.74319	-2.89458
18.1091	-2.76942	-2.76688
18.1184	-2.79452	-2.63769
18.1277	-2.81847	-2.50705
18.1371	-2.84125	-2.375
18.1464	-2.86284	-2.24158
18.1558	-2.88324	-2.10682
18.1652	-2.90242	-1.97078
18.1746	-2.92036	-1.83348
18.1841	-2.93704	-1.69499
18.1936	-2.95246	-1.55535
18.2031	-2.96658	-1.4146
18.2126	-2.9794	-1.27281
18.2222	-2.99089	-1.13003
18.2318	-3.00104	-0.98632
18.2414	-3.00984	-0.841755
18.2511	-3.01725	-0.696405
18.2607	-3.02328	-0.550345
18.2704	-3.02791	-0.403661
18.2801	-3.03112	-0.256439
18.2899	-3.0329	-0.108775
18.2996	-3.03323	0.0392321
18.3094	-3.03213	0.187476
18.3192	-3.02957	0.335849
18.329	-3.02555	0.484235
18.3388	-3.02007	0.63252
18.3486	-3.01313	0.780585
18.3584	-3.00474	0.928311
18.3683	-2.9949	1.07558
18.3781	-2.98363	1.22227
18.3879	-2.97092	1.36828
18.3977	-2.95681	1.51349
18.4075	-2.94129	1.65779
18.4172	-2.92439	1.80109
18.427	-2.90612	1.94328
18.4367	-2.88652	2.08429
18.4464	-2.86559	2.22402
18.4561	-2.84335	2.36239
18.4658	-2.81984	2.49934
18.4755	-2.79507	2.63479
18.4851	-2.76906	2.76868
18.4947	-2.74185	2.90096
18.5043	-2.71344	3.03157
18.5138	-2.68387	3.16045
18.5233	-2.65315	3.28757
18.5328	-2.62131	3.41288
18.5423	-2.58838	3.53633
18.5518	-2.55437	3.65789
18.5612	-2.5193	3.77753
18.5706	-2.48321	3.8952
18.58	-2.4461	4.01087
18.5894	-2.40801	4.12451
18.5987	-2.36895	4.2361
18.608	-2.32895	4.3456
18.6173	-2.28802	4.45298
18.6266	-2.24619	4.55822
18.6359	-2.20348	4.66128
18.6451	-2.15991	4.76215
18.6543	-2.1155	4.8608
18.6636	-2.07028	4.95721
18.6727	-2.02426	5.05135
18.6819	-1.97746	5.1432
18.6911	-1.92991	5.23273
18.7002	-1.88163	5.31993
18.7094	-1.83263	5.40477
18.7185	-1.78294	5.48724
18.7276	-1.73259	5.5673
18.7367	-1.68159	5.64496
18.7458	-1.62996	5.72018
18.7549	-1.57772	5.79295
18.7639	-1.5249	5.86324
18.773	-1.47152	5.93106
18.782	-1.41759	5.99636
18.7911	-1.36315	6.05915
18.8001	-1.30821	6.11941
18.8091	-1.25279	6.17712
18.8181	-1.19692	6.23227
18.8271	-1.14061	6.28485
18.8361	-1.08389	6.33483
18.8451	-1.02679	6.38222
18.854	-0.969313	6.42701
18.863	-0.911495	6.46917
18.872	-0.853353	6.5087
18.8809	-0.794909	6.5456
18.8899	-0.736187	6.57985
18.8988	-0.677208	6.61144
18.9077	-0.617994	6.64038
18.9167	-0.558567	6.66665
18.9256	-0.49895	6.69025
18.9345	-0.439165	6.71118
18.9434	-0.379234	6.72943
18.9523	-0.319179	6.74499
18.9612	-0.259022	6.75787
18.9702	-0.198787	6.76806
18.9791	-0.138495	6.77557
18.988	-0.0781679	6.78039
18.9969	-0.0178285	6.78253
19.0057	0.042501	6.78198
19.0146	0.102799	6.77875
19.0235	0.163042	6.77284
19.0324	0.223209	6.76426
19.0413	0.283278	6.753
19.0502	0.343226	6.73908
19.0591	0.403032	6.72251
19.068	0.462674	6.70328
19.0768	0.52213	6.68141
19.0857	0.581377	6.6569
19.0946	0.640395	6.62976
19.1035	0.699161	6.60001
19.1124	0.757655	6.56765
19.1213	0.815854	6.5327
19.1301	0.873737	6.49517
19.139	0.931283	6.45506
19.1479	0.988471	6.4124
19.1568	1.04528	6.3672
19.1657	1.10169	6.31947
19.1746	1.15767	6.26923
19.1835	1.21322	6.2165
19.1924	1.2683	6.16128
19.2013	1.32289	6.10361
19.2102	1.37699	6.0435
19.2191	1.43056	5.98096
19.228	1.48358	5.91601
19.2369	1.53604	5.84869
19.2459	1.58792	5.779
19.2548	1.63919	5.70697
19.2637	1.68984	5.63263
19.2727	1.73985	5.55598
19.2816	1.78919	5.47707
19.2905	1.83786	5.3959
19.2995	1.88582	5.31251
19.3085	1.93306	5.22692
19.3174	1.97957	5.13915
19.3264	2.02532	5.04924
19.3354	2.07029	4.9572
19.3444	2.11447	4.86307
19.3534	2.15784	4.76687
19.3624	2.20037	4.66863
19.3715	2.24207	4.56838
19.3805	2.28289	4.46614
19.3895	2.32283	4.36194
19.3986	2.36188	4.25582
19.4077	2.4	4.14781
19.4168	2.43719	4.03793
19.4259	2.47343	3.92621
19.435	2.5087	3.81269
19.4441	2.54298	3.69739
19.4532	2.57625	3.58036
19.4624	2.60851	3.46161
19.4716	2.63973	3.34119
19.4808	2.66989	3.21912
19.49	2.69899	3.09544
19.4992	2.72699	2.97018
19.5085	2.75389	2.84339
19.5177	2.77967	2.71508
19.527	2.8043	2.5853
19.5364	2.82778	2.45409
19.5457	2.85009	2.32148
19.5551	2.87121	2.18752
19.5645	2.89111	2.05224
19.5739	2.90979	1.91569
19.5833	2.92723	1.77791
19.5928	2.94341	1.63894
19.6023	2.95831	1.49885
19.6118	2.97191	1.35767
19.6213	2.98419	1.21548
19.6309	2.99515	1.07231
19.6405	3.00475	0.928254
19.6502	3.013	0.783364
19.6598	3.01986	0.637718
19.6695	3.02532	0.491396
19.6792	3.02938	0.344484
19.6889	3.03202	0.197072
19.6987	3.03322	0.049257
19.7084	3.03297	-0.0988586
19.7182	3.03128	-0.247168
19.728	3.02813	-0.395561
19.7378	3.02353	-0.543921
19.7476	3.01746	-0.692132
19.7574	3.00994	-0.840075
19.7673	3.00097	-0.987631
19.7771	2.99055	-1.13468
19.7869	2.9787	-1.28112
19.7967	2.96542	-1.42681
19.8065	2.95074	-1.57167
19.8163	2.93466	-1.71558
19.826	2.91721	-1.85845
19.8358	2.89841	-2.00017
19.8455	2.87826	-2.14068
19.8552	2.8568	-2.27987
19.8649	2.83405	-2.41768
19.8746	2.81003	-2.55403
19.8842	2.78476	-2.68886
19.8938	2.75827	-2.82211
19.9034	2.73057	-2.95373
19.913	2.70169	-3.08365
19.9225	2.67165	-3.21183
19.932	2.64048	-3.33822
19.9415	2.6082	-3.46279
19.951	2.57483	-3.58549
19.9604	2.54039	-3.70628
19.9698	2.50491	-3.82512
19.9792	2.46841	-3.94199
19.9886	2.4309	-4.05685
19.998	2.39242	-4.16967
20	2.38397	-4.19381
