# t	fit(y)
0	142.404	147.535	137.45	142.404	142.404
0.01	142.161	147.284	137.216	142.151	142.171
0.02	141.918	147.033	136.982	141.898	141.939
0.03	141.676	146.782	136.749	141.646	141.707
0.04	141.435	146.532	136.515	141.394	141.475
0.05	141.194	146.282	136.283	141.143	141.244
0.06	140.953	146.033	136.05	140.893	141.014
0.07	140.713	145.784	135.818	140.642	140.783
0.08	140.473	145.535	135.587	140.393	140.553
0.09	140.233	145.287	135.356	140.143	140.324
0.1	139.994	145.039	135.125	139.894	140.095
0.11	139.756	144.792	134.895	139.646	139.866
0.12	139.517	144.545	134.665	139.398	139.637
0.13	139.28	144.299	134.435	139.15	139.409
0.14	139.042	144.053	134.206	138.903	139.182
0.15	138.805	143.807	133.977	138.656	138.954
0.16	138.569	143.562	133.749	138.41	138.727
0.17	138.332	143.317	133.521	138.164	138.501
0.18	138.096	143.073	133.293	137.919	138.274
0.19	137.861	142.829	133.066	137.674	138.049
0.2	137.626	142.586	132.839	137.429	137.823
0.21	137.391	142.342	132.613	137.185	137.598
0.22	137.157	142.1	132.386	136.941	137.373
0.23	136.923	141.858	132.161	136.698	137.149
0.24	136.69	141.616	131.935	136.455	136.925
0.25	136.457	141.374	131.711	136.213	136.701
0.26	136.224	141.133	131.486	135.971	136.478
0.27	135.992	140.893	131.262	135.73	136.255
0.28	135.76	140.652	131.038	135.488	136.033
0.29	135.529	140.413	130.815	135.248	135.81
0.3	135.298	140.173	130.592	135.008	135.589
0.31	135.067	139.934	130.369	134.768	135.367
0.32	134.837	139.696	130.147	134.528	135.146
0.33	134.607	139.458	129.925	134.289	134.925
0.34	134.377	139.22	129.703	134.051	134.705
0.35	134.148	138.983	129.482	133.813	134.485
0.36	133.92	138.746	129.262	133.575	134.265
0.37	133.691	138.509	129.041	133.338	134.046
0.38	133.463	138.273	128.821	133.101	133.827
0.39	133.236	138.037	128.602	132.865	133.608
0.4	133.009	137.802	128.382	132.629	133.39
0.41	132.782	137.567	128.164	132.393	133.172
0.42	132.556	137.332	127.945	132.158	132.955
0.43	132.33	137.098	127.727	131.923	132.738
0.44	132.104	136.865	127.509	131.689	132.521
0.45	131.879	136.631	127.292	131.455	132.304
0.46	131.654	136.398	127.075	131.221	132.088
0.47	131.43	136.166	126.858	130.988	131.872
0.48	131.206	135.934	126.642	130.756	131.657
0.49	130.982	135.702	126.426	130.523	131.442
0.5	130.759	135.471	126.21	130.292	131.227
0.51	130.536	135.24	125.995	130.06	131.013
0.52	130.313	135.009	125.781	129.829	130.799
0.53	130.091	134.779	125.566	129.598	130.585
0.54	129.869	134.549	125.352	129.368	130.372
0.55	129.648	134.32	125.138	129.139	130.159
0.56	129.427	134.091	124.925	128.909	129.947
0.57	129.206	133.862	124.712	128.68	129.734
0.58	128.986	133.634	124.499	128.452	129.522
0.59	128.766	133.406	124.287	128.223	129.311
0.6	128.546	133.179	124.075	127.996	129.1
0.61	128.327	132.952	123.864	127.768	128.889
0.62	128.109	132.725	123.653	127.541	128.678
0.63	127.89	132.499	123.442	127.315	128.468
0.64	127.672	132.273	123.231	127.089	128.258
0.65	127.454	132.047	123.021	126.863	128.049
0.66	127.237	131.822	122.812	126.638	127.84
0.67	127.02	131.598	122.602	126.413	127.631
0.68	126.804	131.373	122.393	126.188	127.422
0.69	126.588	131.149	122.185	125.964	127.214
0.7	126.372	130.926	121.976	125.74	127.006
0.71	126.156	130.702	121.768	125.517	126.799
0.72	125.941	130.48	121.561	125.294	126.592
0.73	125.727	130.257	121.353	125.071	126.385
0.74	125.512	130.035	121.147	124.849	126.179
0.75	125.298	129.813	120.94	124.628	125.973
0.76	125.085	129.592	120.734	124.406	125.767
0.77	124.871	129.371	120.528	124.185	125.561
0.78	124.659	129.151	120.323	123.965	125.356
0.79	124.446	128.931	120.117	123.744	125.152
0.8	124.234	128.711	119.913	123.525	124.947
0.81	124.022	128.491	119.708	123.305	124.743
0.82	123.811	128.272	119.504	123.086	124.539
0.83	123.6	128.054	119.3	122.868	124.336
0.84	123.389	127.835	119.097	122.649	124.133
0.85	123.178	127.617	118.894	122.431	123.93
0.86	122.968	127.4	118.691	122.214	123.728
0.87	122.759	127.183	118.489	121.997	123.526
0.88	122.55	126.966	118.287	121.78	123.324
0.89	122.341	126.749	118.085	121.564	123.122
0.9	122.132	126.533	117.884	121.348	122.921
0.91	121.924	126.318	117.683	121.132	122.721
0.92	121.716	126.102	117.482	120.917	122.52
0.93	121.509	125.887	117.282	120.702	122.32
0.94	121.301	125.673	117.082	120.488	122.12
0.95	121.095	125.458	116.883	120.274	121.921
0.96	120.888	125.244	116.683	120.06	121.722
0.97	120.682	125.031	116.484	119.847	121.523
0.98	120.476	124.818	116.286	119.634	121.324
0.99	120.271	124.605	116.088	119.422	121.126
1	120.066	124.393	115.89	119.21	120.928
1.01	119.861	124.181	115.692	118.998	120.731
1.02	119.657	123.969	115.495	118.787	120.534
1.03	119.453	123.758	115.298	118.576	120.337
1.04	119.249	123.547	115.101	118.365	120.14
1.05	119.046	123.336	114.905	118.155	119.944
1.06	118.843	123.126	114.709	117.945	119.748
1.07	118.64	122.916	114.514	117.735	119.552
1.08	118.438	122.706	114.319	117.526	119.357
1.09	118.236	122.497	114.124	117.317	119.162
1.1	118.035	122.288	113.929	117.109	118.968
1.11	117.833	122.08	113.735	116.901	118.773
1.12	117.633	121.872	113.541	116.693	118.579
1.13	117.432	121.664	113.347	116.486	118.386
1.14	117.232	121.456	113.154	116.279	118.192
1.15	117.032	121.249	112.961	116.073	117.999
1.16	116.832	121.043	112.769	115.867	117.806
1.17	116.633	120.836	112.576	115.661	117.614
1.18	116.434	120.63	112.385	115.455	117.422
1.19	116.236	120.425	112.193	115.25	117.23
1.2	116.038	120.219	112.002	115.046	117.039
1.21	115.84	120.014	111.811	114.841	116.847
1.22	115.642	119.81	111.62	114.637	116.657
1.23	115.445	119.606	111.43	114.434	116.466
1.24	115.249	119.402	111.24	114.23	116.276
1.25	115.052	119.198	111.05	114.027	116.086
1.26	114.856	118.995	110.861	113.825	115.896
1.27	114.66	118.792	110.672	113.623	115.707
1.28	114.465	118.59	110.483	113.421	115.518
1.29	114.27	118.387	110.295	113.219	115.329
1.3	114.075	118.186	110.107	113.018	115.141
1.31	113.88	117.984	109.919	112.818	114.953
1.32	113.686	117.783	109.732	112.617	114.765
1.33	113.492	117.582	109.545	112.417	114.578
1.34	113.299	117.382	109.358	112.217	114.391
1.35	113.106	117.182	109.172	112.018	114.204
1.36	112.913	116.982	108.985	111.819	114.017
1.37	112.72	116.782	108.8	111.621	113.831
1.38	112.528	116.583	108.614	111.422	113.645
1.39	112.336	116.384	108.429	111.224	113.459
1.4	112.145	116.186	108.244	111.027	113.274
1.41	111.954	115.988	108.06	110.83	113.089
1.42	111.763	115.79	107.875	110.633	112.904
1.43	111.572	115.593	107.691	110.436	112.72
1.44	111.382	115.396	107.508	110.24	112.536
1.45	111.192	115.199	107.325	110.044	112.352
1.46	111.003	115.003	107.142	109.849	112.169
1.47	110.813	114.807	106.959	109.654	111.985
1.48	110.624	114.611	106.777	109.459	111.802
1.49	110.436	114.416	106.595	109.265	111.62
1.5	110.248	114.22	106.413	109.07	111.437
1.51	110.06	114.026	106.231	108.877	111.255
1.52	109.872	113.831	106.05	108.683	111.074
1.53	109.685	113.637	105.87	108.49	110.892
1.54	109.498	113.444	105.689	108.298	110.711
1.55	109.311	113.25	105.509	108.105	110.53
1.56	109.125	113.057	105.329	107.913	110.35
1.57	108.939	112.864	105.15	107.722	110.17
1.58	108.753	112.672	104.97	107.53	109.99
1.59	108.568	112.48	104.791	107.339	109.81
1.6	108.382	112.288	104.613	107.149	109.631
1.61	108.198	112.097	104.434	106.958	109.452
1.62	108.013	111.906	104.256	106.768	109.273
1.63	107.829	111.715	104.079	106.579	109.094
1.64	107.645	111.524	103.901	106.389	108.916
1.65	107.462	111.334	103.724	106.2	108.738
1.66	107.279	111.144	103.547	106.012	108.561
1.67	107.096	110.955	103.371	105.823	108.383
1.68	106.913	110.766	103.194	105.635	108.206
1.69	106.731	110.577	103.018	105.448	108.03
1.7	106.549	110.388	102.843	105.26	107.853
1.71	106.367	110.2	102.668	105.073	107.677
1.72	106.186	110.012	102.492	104.887	107.501
1.73	106.005	109.825	102.318	104.701	107.325
1.74	105.824	109.638	102.143	104.515	107.15
1.75	105.644	109.451	101.969	104.329	106.975
1.76	105.464	109.264	101.795	104.144	106.8
1.77	105.284	109.078	101.622	103.959	106.626
1.78	105.104	108.892	101.449	103.774	106.452
1.79	104.925	108.706	101.276	103.59	106.278
1.8	104.746	108.521	101.103	103.406	106.104
1.81	104.568	108.336	100.931	103.222	105.931
1.82	104.389	108.151	100.759	103.039	105.758
1.83	104.212	107.967	100.587	102.856	105.585
1.84	104.034	107.783	100.415	102.673	105.413
1.85	103.857	107.599	100.244	102.491	105.241
1.86	103.679	107.416	100.073	102.309	105.069
1.87	103.503	107.233	99.9026	102.127	104.897
1.88	103.326	107.05	99.7323	101.945	104.726
1.89	103.15	106.867	99.5623	101.764	104.555
1.9	102.974	106.685	99.3926	101.584	104.384
1.91	102.799	106.503	99.2231	101.403	104.214
1.92	102.623	106.322	99.054	101.223	104.043
1.93	102.449	106.14	98.8851	101.043	103.873
1.94	102.274	105.959	98.7165	100.864	103.704
1.95	102.1	105.779	98.5482	100.685	103.534
1.96	101.925	105.598	98.3802	100.506	103.365
1.97	101.752	105.418	98.2125	100.327	103.196
1.98	101.578	105.239	98.0451	100.149	103.028
1.99	101.405	105.059	97.8779	99.9711	102.86
2	101.232	104.88	97.7111	99.7935	102.692
2.01	101.06	104.701	97.5445	99.6163	102.524
2.02	100.887	104.523	97.3782	99.4393	102.356
2.03	100.715	104.345	97.2122	99.2627	102.189
2.04	100.544	104.167	97.0465	99.0864	102.022
2.05	100.372	103.989	96.881	98.9104	101.856
2.06	100.201	103.812	96.7159	98.7347	101.689
2.07	100.03	103.635	96.551	98.5593	101.523
2.08	99.8598	103.458	96.3864	98.3843	101.357
2.09	99.6895	103.282	96.2221	98.2095	101.192
2.1	99.5196	103.106	96.058	98.0351	101.027
2.11	99.3499	102.93	95.8943	97.861	100.862
2.12	99.1805	102.755	95.7308	97.6871	100.697
2.13	99.0115	102.579	95.5676	97.5136	100.532
2.14	98.8427	102.405	95.4047	97.3404	100.368
2.15	98.6742	102.23	95.242	97.1675	100.204
2.16	98.5059	102.056	95.0797	96.9949	100.041
2.17	98.338	101.882	94.9176	96.8226	99.8771
2.18	98.1704	101.708	94.7557	96.6507	99.714
2.19	98.003	101.535	94.5942	96.479	99.5511
2.2	97.8359	101.362	94.4329	96.3076	99.3885
2.21	97.6691	101.189	94.272	96.1366	99.2262
2.22	97.5026	101.016	94.1112	95.9658	99.0641
2.23	97.3364	100.844	93.9508	95.7953	98.9023
2.24	97.1705	100.672	93.7906	95.6252	98.7408
2.25	97.0048	100.5	93.6307	95.4553	98.5795
2.26	96.8395	100.329	93.4711	95.2858	98.4185
2.27	96.6744	100.158	93.3118	95.1165	98.2577
2.28	96.5096	99.9874	93.1527	94.9476	98.0972
2.29	96.345	99.8169	92.9939	94.7789	97.937
2.3	96.1808	99.6468	92.8354	94.6106	97.777
2.31	96.0168	99.4769	92.6771	94.4425	97.6173
2.32	95.8531	99.3073	92.5191	94.2748	97.4579
2.33	95.6897	99.138	92.3614	94.1073	97.2987
2.34	95.5266	98.969	92.2039	93.9402	97.1398
2.35	95.3637	98.8003	92.0467	93.7733	96.9811
2.36	95.2012	98.6318	91.8898	93.6067	96.8227
2.37	95.0389	98.4637	91.7332	93.4405	96.6646
2.38	94.8768	98.2958	91.5768	93.2745	96.5067
2.39	94.7151	98.1283	91.4207	93.1088	96.3491
2.4	94.5536	97.961	91.2648	92.9435	96.1917
2.41	94.3924	97.794	91.1092	92.7784	96.0346
2.42	94.2315	97.6272	90.9539	92.6136	95.8777
2.43	94.0709	97.4608	90.7988	92.4491	95.7211
2.44	93.9105	97.2947	90.644	92.2849	95.5648
2.45	93.7504	97.1288	90.4895	92.1209	95.4087
2.46	93.5906	96.9632	90.3353	91.9573	95.2529
2.47	93.431	96.7979	90.1812	91.794	95.0973
2.48	93.2717	96.6329	90.0275	91.6309	94.9419
2.49	93.1127	96.4682	89.874	91.4682	94.7869
2.5	92.954	96.3037	89.7208	91.3057	94.6321
2.51	92.7955	96.1395	89.5679	91.1435	94.4775
2.52	92.6373	95.9756	89.4152	90.9816	94.3232
2.53	92.4794	95.812	89.2627	90.82	94.1691
2.54	92.3218	95.6487	89.1106	90.6587	94.0153
2.55	92.1644	95.4856	88.9586	90.4977	93.8617
2.56	92.0072	95.3228	88.807	90.3369	93.7084
2.57	91.8504	95.1603	88.6556	90.1765	93.5554
2.58	91.6938	94.9981	88.5045	90.0163	93.4026
2.59	91.5375	94.8361	88.3536	89.8564	93.25
2.6	91.3814	94.6745	88.2029	89.6968	93.0977
2.61	91.2256	94.5131	88.0526	89.5375	92.9456
2.62	91.0701	94.3519	87.9025	89.3784	92.7938
2.63	90.9149	94.1911	87.7526	89.2197	92.6423
2.64	90.7599	94.0305	87.603	89.0612	92.491
2.65	90.6052	93.8702	87.4537	88.903	92.3399
2.66	90.4507	93.7102	87.3046	88.7451	92.1891
2.67	90.2965	93.5504	87.1557	88.5875	92.0385
2.68	90.1426	93.3909	87.0072	88.4301	91.8882
2.69	89.9889	93.2317	86.8588	88.2731	91.7381
2.7	89.8355	93.0728	86.7108	88.1163	91.5882
2.71	89.6823	92.9141	86.5629	87.9597	91.4386
2.72	89.5294	92.7557	86.4154	87.8035	91.2893
2.73	89.3768	92.5976	86.268	87.6475	91.1402
2.74	89.2244	92.4397	86.121	87.4919	90.9913
2.75	89.0723	92.2821	85.9742	87.3365	90.8427
2.76	88.9205	92.1248	85.8276	87.1813	90.6943
2.77	88.7689	91.9678	85.6813	87.0265	90.5462
2.78	88.6176	91.811	85.5352	86.8719	90.3983
2.79	88.4665	91.6545	85.3894	86.7176	90.2506
2.8	88.3157	91.4982	85.2438	86.5636	90.1032
2.81	88.1651	91.3422	85.0985	86.4098	89.9561
2.82	88.0148	91.1865	84.9534	86.2563	89.8091
2.83	87.8648	91.0311	84.8086	86.1031	89.6624
2.84	87.715	90.8759	84.664	85.9502	89.516
2.85	87.5654	90.7209	84.5197	85.7975	89.3698
2.86	87.4162	90.5663	84.3756	85.6451	89.2238
2.87	87.2671	90.4119	84.2317	85.493	89.0781
2.88	87.1184	90.2578	84.0882	85.3411	88.9326
2.89	86.9698	90.1039	83.9448	85.1895	88.7873
2.9	86.8216	89.9503	83.8017	85.0382	88.6423
2.91	86.6736	89.7969	83.6588	84.8872	88.4975
2.92	86.5258	89.6438	83.5162	84.7364	88.353
2.93	86.3783	89.491	83.3738	84.5859	88.2087
2.94	86.231	89.3385	83.2317	84.4356	88.0646
2.95	86.084	89.1862	83.0898	84.2857	87.9208
2.96	85.9373	89.0341	82.9482	84.136	87.7772
2.97	85.7908	88.8823	82.8067	83.9865	87.6338
2.98	85.6445	88.7308	82.6656	83.8373	87.4906
2.99	85.4985	88.5795	82.5246	83.6884	87.3477
3	85.3528	88.4285	82.384	83.5398	87.2051
3.01	85.2072	88.2778	82.2435	83.3914	87.0626
3.02	85.062	88.1273	82.1033	83.2433	86.9204
3.03	84.917	87.977	81.9633	83.0954	86.7785
3.04	84.7722	87.8271	81.8236	82.9478	86.6367
3.05	84.6277	87.6773	81.6841	82.8005	86.4952
3.06	84.4834	87.5279	81.5449	82.6534	86.3539
3.07	84.3394	87.3786	81.4058	82.5066	86.2129
3.08	84.1956	87.2297	81.2671	82.36	86.0721
3.09	84.0521	87.081	81.1285	82.2138	85.9315
3.1	83.9088	86.9325	80.9902	82.0677	85.7911
3.11	83.7657	86.7843	80.8521	81.922	85.651
3.12	83.6229	86.6364	80.7143	81.7764	85.5111
3.13	83.4804	86.4887	80.5767	81.6312	85.3715
3.14	83.3381	86.3412	80.4393	81.4862	85.232
3.15	83.196	86.194	80.3022	81.3415	85.0928
3.16	83.0542	86.0471	80.1653	81.197	84.9538
3.17	82.9126	85.9004	80.0287	81.0527	84.8151
3.18	82.7712	85.754	79.8922	80.9088	84.6765
3.19	82.6301	85.6078	79.756	80.7651	84.5382
3.2	82.4892	85.4618	79.6201	80.6216	84.4001
3.21	82.3486	85.3161	79.4843	80.4784	84.2623
3.22	82.2082	85.1707	79.3488	80.3355	84.1247
3.23	82.0681	85.0255	79.2135	80.1928	83.9873
3.24	81.9282	84.8805	79.0785	80.0503	83.8501
3.25	81.7885	84.7358	78.9437	79.9081	83.7131
3.26	81.6491	84.5914	78.8091	79.7662	83.5764
3.27	81.5099	84.4472	78.6748	79.6245	83.4399
3.28	81.3709	84.3032	78.5406	79.4831	83.3036
3.29	81.2322	84.1595	78.4067	79.3419	83.1675
3.3	81.0937	84.016	78.2731	79.201	83.0317
3.31	80.9555	83.8728	78.1396	79.0603	82.8961
3.32	80.8175	83.7298	78.0064	78.9199	82.7607
3.33	80.6797	83.5871	77.8734	78.7797	82.6255
3.34	80.5421	83.4446	77.7407	78.6398	82.4905
3.35	80.4048	83.3023	77.6081	78.5001	82.3558
3.36	80.2678	83.1603	77.4758	78.3606	82.2213
3.37	80.1309	83.0185	77.3438	78.2215	82.087
3.38	79.9943	82.877	77.2119	78.0825	81.9529
3.39	79.8579	82.7357	77.0803	77.9438	81.8191
3.4	79.7218	82.5947	76.9489	77.8054	81.6854
3.41	79.5859	82.4539	76.8177	77.6672	81.552
3.42	79.4502	82.3133	76.6867	77.5292	81.4188
3.43	79.3148	82.173	76.556	77.3915	81.2858
3.44	79.1796	82.0329	76.4255	77.2541	81.1531
3.45	79.0446	81.893	76.2952	77.1168	81.0205
3.46	78.9098	81.7534	76.1651	76.9799	80.8882
3.47	78.7753	81.614	76.0353	76.8431	80.7561
3.48	78.641	81.4749	75.9057	76.7066	80.6241
3.49	78.5069	81.336	75.7763	76.5704	80.4925
3.5	78.3731	81.1974	75.6471	76.4344	80.361
3.51	78.2395	81.0589	75.5181	76.2986	80.2297
3.52	78.1061	80.9207	75.3894	76.1631	80.0987
3.53	77.9729	80.7828	75.2608	76.0278	79.9679
3.54	77.84	80.6451	75.1325	75.8928	79.8372
3.55	77.7073	80.5076	75.0045	75.758	79.7068
3.56	77.5748	80.3703	74.8766	75.6234	79.5767
3.57	77.4426	80.2333	74.7489	75.4891	79.4467
3.58	77.3106	80.0965	74.6215	75.355	79.3169
3.59	77.1788	79.96	74.4943	75.2211	79.1874
3.6	77.0472	79.8237	74.3673	75.0875	79.058
3.61	76.9159	79.6876	74.2405	74.9542	78.9289
3.62	76.7847	79.5517	74.114	74.821	78.8
3.63	76.6538	79.4161	73.9876	74.6881	78.6713
3.64	76.5232	79.2807	73.8615	74.5555	78.5428
3.65	76.3927	79.1456	73.7356	74.423	78.4145
3.66	76.2625	79.0107	73.6099	74.2908	78.2864
3.67	76.1325	78.876	73.4844	74.1589	78.1585
3.68	76.0027	78.7415	73.3591	74.0272	78.0309
3.69	75.8731	78.6073	73.234	73.8957	77.9034
3.7	75.7437	78.4733	73.1092	73.7644	77.7762
3.71	75.6146	78.3395	72.9845	73.6334	77.6492
3.72	75.4857	78.2059	72.8601	73.5026	77.5223
3.73	75.357	78.0726	72.7359	73.372	77.3957
3.74	75.2286	77.9395	72.6119	73.2417	77.2693
3.75	75.1003	77.8066	72.4881	73.1116	77.1431
3.76	74.9723	77.674	72.3645	72.9818	77.0171
3.77	74.8445	77.5416	72.2412	72.8521	76.8913
3.78	74.7169	77.4094	72.118	72.7227	76.7657
3.79	74.5895	77.2774	71.9951	72.5936	76.6403
3.8	74.4623	77.1457	71.8723	72.4646	76.5151
3.81	74.3354	77.0141	71.7498	72.3359	76.3902
3.82	74.2087	76.8829	71.6275	72.2074	76.2654
3.83	74.0822	76.7518	71.5054	72.0792	76.1408
3.84	73.9559	76.6209	71.3835	71.9511	76.0165
3.85	73.8298	76.4903	71.2618	71.8233	75.8923
3.86	73.7039	76.3599	71.1403	71.6957	75.7683
3.87	73.5783	76.2297	71.019	71.5684	75.6446
3.88	73.4528	76.0998	70.898	71.4413	75.521
3.89	73.3276	75.9701	70.7771	71.3144	75.3977
3.9	73.2026	75.8405	70.6564	71.1877	75.2745
3.91	73.0778	75.7112	70.536	71.0613	75.1516
3.92	72.9532	75.5822	70.4157	70.935	75.0288
3.93	72.8289	75.4533	70.2957	70.8091	74.9063
3.94	72.7047	75.3247	70.1758	70.6833	74.7839
3.95	72.5808	75.1963	70.0562	70.5577	74.6618
3.96	72.457	75.0681	69.9368	70.4324	74.5398
3.97	72.3335	74.9401	69.8176	70.3073	74.4181
3.98	72.2102	74.8124	69.6985	70.1824	74.2965
3.99	72.0871	74.6848	69.5797	70.0578	74.1752
4	71.9642	74.5575	69.4611	69.9333	74.054
4.01	71.8415	74.4304	69.3427	69.8091	73.9331
4.02	71.719	74.3035	69.2245	69.6851	73.8123
4.03	71.5968	74.1768	69.1064	69.5613	73.6918
4.04	71.4747	74.0504	68.9886	69.4378	73.5714
4.05	71.3529	73.9241	68.871	69.3144	73.4512
4.06	71.2312	73.7981	68.7536	69.1913	73.3313
4.07	71.1098	73.6723	68.6364	69.0684	73.2115
4.08	70.9886	73.5467	68.5194	68.9457	73.0919
4.09	70.8675	73.4213	68.4026	68.8233	72.9725
4.1	70.7467	73.2962	68.286	68.701	72.8533
4.11	70.6261	73.1712	68.1696	68.579	72.7343
4.12	70.5057	73.0465	68.0533	68.4572	72.6155
4.13	70.3855	72.9219	67.9373	68.3356	72.4969
4.14	70.2655	72.7976	67.8215	68.2142	72.3785
4.15	70.1457	72.6735	67.7059	68.093	72.2603
4.16	70.0262	72.5496	67.5905	67.9721	72.1423
4.17	69.9068	72.4259	67.4752	67.8514	72.0245
4.18	69.7876	72.3025	67.3602	67.7308	71.9068
4.19	69.6686	72.1792	67.2454	67.6105	71.7894
4.2	69.5499	72.0562	67.1307	67.4904	71.6721
4.21	69.4313	71.9333	67.0163	67.3706	71.555
4.22	69.3129	71.8107	66.902	67.2509	71.4382
4.23	69.1948	71.6883	66.788	67.1314	71.3215
4.24	69.0768	71.5661	66.6741	67.0122	71.205
4.25	68.959	71.444	66.5605	66.8932	71.0887
4.26	68.8415	71.3223	66.447	66.7744	70.9726
4.27	68.7241	71.2007	66.3337	66.6558	70.8567
4.28	68.607	71.0793	66.2206	66.5374	70.7409
4.29	68.49	70.9581	66.1077	66.4192	70.6254
4.3	68.3732	70.8371	65.995	66.3012	70.51
4.31	68.2567	70.7164	65.8825	66.1834	70.3949
4.32	68.1403	70.5958	65.7702	66.0659	70.2799
4.33	68.0241	70.4755	65.6581	65.9485	70.1651
4.34	67.9082	70.3553	65.5462	65.8314	70.0505
4.35	67.7924	70.2354	65.4344	65.7145	69.9361
4.36	67.6768	70.1156	65.3229	65.5977	69.8218
4.37	67.5615	69.9961	65.2115	65.4812	69.7078
4.38	67.4463	69.8768	65.1003	65.3649	69.5939
4.39	67.3313	69.7577	64.9893	65.2488	69.4803
4.4	67.2165	69.6387	64.8786	65.1329	69.3668
4.41	67.1019	69.52	64.7679	65.0172	69.2535
4.42	66.9875	69.4015	64.6575	64.9017	69.1404
4.43	66.8733	69.2832	64.5473	64.7865	69.0274
4.44	66.7593	69.1651	64.4373	64.6714	68.9147
4.45	66.6455	69.0472	64.3274	64.5565	68.8021
4.46	66.5319	68.9295	64.2178	64.4418	68.6898
4.47	66.4185	68.8119	64.1083	64.3274	68.5776
4.48	66.3053	68.6946	63.999	64.2131	68.4656
4.49	66.1922	68.5775	63.8899	64.0991	68.3537
4.5	66.0794	68.4606	63.781	63.9852	68.2421
4.51	65.9667	68.3439	63.6722	63.8715	68.1306
4.52	65.8543	68.2274	63.5637	63.7581	68.0193
4.53	65.742	68.1111	63.4553	63.6449	67.9082
4.54	65.6299	67.995	63.3471	63.5318	67.7973
4.55	65.518	67.879	63.2391	63.419	67.6866
4.56	65.4063	67.7633	63.1313	63.3063	67.576
4.57	65.2948	67.6478	63.0237	63.1939	67.4657
4.58	65.1835	67.5325	62.9163	63.0816	67.3555
4.59	65.0724	67.4174	62.809	62.9696	67.2455
4.6	64.9615	67.3024	62.7019	62.8577	67.1356
4.61	64.8507	67.1877	62.595	62.7461	67.026
4.62	64.7402	67.0731	62.4883	62.6346	66.9165
4.63	64.6298	66.9588	62.3818	62.5234	66.8072
4.64	64.5196	66.8446	62.2755	62.4123	66.6981
4.65	64.4096	66.7307	62.1693	62.3015	66.5891
4.66	64.2998	66.6169	62.0633	62.1908	66.4804
4.67	64.1902	66.5034	61.9575	62.0803	66.3718
4.68	64.0808	66.39	61.8519	61.9701	66.2634
4.69	63.9715	66.2768	61.7464	61.86	66.1551
4.7	63.8625	66.1638	61.6412	61.7501	66.0471
4.71	63.7536	66.051	61.5361	61.6404	65.9392
4.72	63.6449	65.9384	61.4312	61.5309	65.8315
4.73	63.5364	65.826	61.3264	61.4216	65.724
4.74	63.4281	65.7138	61.2219	61.3125	65.6166
4.75	63.32	65.6018	61.1175	61.2036	65.5095
4.76	63.212	65.4899	61.0133	61.0949	65.4025
4.77	63.1043	65.3783	60.9093	60.9864	65.2956
4.78	62.9967	65.2668	60.8055	60.8781	65.189
4.79	62.8893	65.1556	60.7018	60.77	65.0825
4.8	62.7821	65.0445	60.5983	60.662	64.9762
4.81	62.675	64.9336	60.495	60.5543	64.8701
4.82	62.5682	64.8229	60.3919	60.4467	64.7641
4.83	62.4615	64.7124	60.2889	60.3393	64.6583
4.84	62.355	64.6021	60.1862	60.2322	64.5527
4.85	62.2487	64.4919	60.0836	60.1252	64.4473
4.86	62.1426	64.382	59.9811	60.0184	64.342
4.87	62.0367	64.2722	59.8789	59.9118	64.2369
4.88	61.9309	64.1627	59.7768	59.8054	64.132
4.89	61.8253	64.0533	59.6749	59.6991	64.0273
4.9	61.7199	63.9441	59.5732	59.5931	63.9227
4.91	61.6147	63.8351	59.4716	59.4872	63.8183
4.92	61.5097	63.7262	59.3702	59.3816	63.7141
4.93	61.4048	63.6176	59.269	59.2761	63.61
4.94	61.3001	63.5091	59.168	59.1708	63.5061
4.95	61.1956	63.4009	59.0671	59.0657	63.4024
4.96	61.0913	63.2928	58.9664	58.9608	63.2988
4.97	60.9872	63.1849	58.8659	58.8561	63.1954
4.98	60.8832	63.0772	58.7655	58.7515	63.0922
4.99	60.7794	62.9696	58.6653	58.6472	62.9891
5	60.6758	62.8623	58.5653	58.543	62.8863
5.01	60.5723	62.7551	58.4655	58.439	62.7835
5.02	60.4691	62.6481	58.3658	58.3352	62.681
5.03	60.366	62.5413	58.2663	58.2316	62.5786
5.04	60.2631	62.4347	58.167	58.1282	62.4764
5.05	60.1603	62.3283	58.0678	58.0249	62.3744
5.06	60.0578	62.222	57.9688	57.9218	62.2725
5.07	59.9554	62.116	57.87	57.819	62.1708
5.08	59.8532	62.0101	57.7713	57.7163	62.0692
5.09	59.7512	61.9043	57.6728	57.6137	61.9678
5.1	59.6493	61.7988	57.5745	57.5114	61.8666
5.11	59.5476	61.6935	57.4764	57.4093	61.7656
5.12	59.4461	61.5883	57.3784	57.3073	61.6647
5.13	59.3447	61.4833	57.2806	57.2055	61.564
5.14	59.2436	61.3785	57.1829	57.1039	61.4634
5.15	59.1426	61.2738	57.0854	57.0025	61.363
5.16	59.0417	61.1694	56.9881	56.9012	61.2628
5.17	58.9411	61.0651	56.891	56.8001	61.1627
5.18	58.8406	60.961	56.794	56.6992	61.0628
5.19	58.7403	60.8571	56.6972	56.5985	60.9631
5.2	58.6402	60.7533	56.6005	56.498	60.8635
5.21	58.5402	60.6497	56.504	56.3977	60.7641
5.22	58.4404	60.5464	56.4077	56.2975	60.6649
5.23	58.3408	60.4431	56.3115	56.1975	60.5658
5.24	58.2413	60.3401	56.2155	56.0977	60.4669
5.25	58.142	60.2372	56.1197	55.998	60.3681
5.26	58.0429	60.1345	56.024	55.8986	60.2695
5.27	57.9439	60.032	55.9285	55.7993	60.1711
5.28	57.8452	59.9297	55.8332	55.7002	60.0728
5.29	57.7466	59.8275	55.738	55.6012	59.9747
5.3	57.6481	59.7255	55.643	55.5025	59.8767
5.31	57.5498	59.6237	55.5481	55.4039	59.7789
5.32	57.4517	59.5221	55.4534	55.3055	59.6813
5.33	57.3538	59.4206	55.3589	55.2072	59.5838
5.34	57.256	59.3193	55.2645	55.1092	59.4865
5.35	57.1584	59.2182	55.1703	55.0113	59.3893
5.36	57.0609	59.1172	55.0762	54.9136	59.2923
5.37	56.9637	59.0164	54.9823	54.816	59.1955
5.38	56.8666	58.9158	54.8886	54.7187	59.0988
5.39	56.7696	58.8154	54.795	54.6215	59.0022
5.4	56.6728	58.7151	54.7016	54.5245	58.9059
5.41	56.5762	58.615	54.6084	54.4276	58.8097
5.42	56.4798	58.5151	54.5153	54.3309	58.7136
5.43	56.3835	58.4153	54.4223	54.2344	58.6177
5.44	56.2874	58.3157	54.3295	54.1381	58.522
5.45	56.1914	58.2163	54.2369	54.0419	58.4264
5.46	56.0956	58.1171	54.1445	53.9459	58.3309
5.47	56	58.018	54.0522	53.8501	58.2357
5.48	55.9045	57.9191	53.96	53.7545	58.1406
5.49	55.8092	57.8203	53.868	53.659	58.0456
5.5	55.7141	57.7218	53.7762	53.5637	57.9508
5.51	55.6191	57.6234	53.6845	53.4685	57.8561
5.52	55.5243	57.5251	53.593	53.3736	57.7616
5.53	55.4296	57.4271	53.5016	53.2788	57.6673
5.54	55.3351	57.3292	53.4104	53.1841	57.5731
5.55	55.2408	57.2314	53.3194	53.0897	57.4791
5.56	55.1466	57.1339	53.2285	52.9954	57.3852
5.57	55.0526	57.0365	53.1377	52.9012	57.2914
5.58	54.9587	56.9392	53.0471	52.8073	57.1979
5.59	54.865	56.8422	52.9567	52.7135	57.1044
5.6	54.7715	56.7453	52.8664	52.6198	57.0112
5.61	54.6781	56.6485	52.7763	52.5264	56.9181
5.62	54.5849	56.5519	52.6863	52.4331	56.8251
5.63	54.4919	56.4555	52.5965	52.3399	56.7323
5.64	54.399	56.3593	52.5068	52.247	56.6396
5.65	54.3062	56.2632	52.4173	52.1542	56.5471
5.66	54.2137	56.1673	52.328	52.0615	56.4547
5.67	54.1212	56.0715	52.2388	51.9691	56.3625
5.68	54.029	55.976	52.1497	51.8767	56.2705
5.69	53.9369	55.8805	52.0608	51.7846	56.1786
5.7	53.8449	55.7853	51.972	51.6926	56.0868
5.71	53.7531	55.6902	51.8834	51.6008	55.9952
5.72	53.6615	55.5952	51.795	51.5091	55.9037
5.73	53.57	55.5004	51.7067	51.4177	55.8124
5.74	53.4787	55.4058	51.6185	51.3263	55.7213
5.75	53.3875	55.3114	51.5305	51.2352	55.6303
5.76	53.2965	55.2171	51.4427	51.1442	55.5394
5.77	53.2056	55.1229	51.355	51.0533	55.4487
5.78	53.1149	55.029	51.2674	50.9626	55.3581
5.79	53.0244	54.9352	51.18	50.8721	55.2677
5.8	52.934	54.8415	51.0928	50.7817	55.1774
5.81	52.8437	54.748	51.0057	50.6915	55.0873
5.82	52.7536	54.6547	50.9187	50.6015	54.9973
5.83	52.6637	54.5615	50.8319	50.5116	54.9075
5.84	52.5739	54.4685	50.7453	50.4219	54.8178
5.85	52.4843	54.3756	50.6588	50.3323	54.7283
5.86	52.3948	54.2829	50.5724	50.2429	54.6389
5.87	52.3055	54.1904	50.4862	50.1537	54.5496
5.88	52.2163	54.098	50.4001	50.0646	54.4605
5.89	52.1273	54.0058	50.3142	49.9757	54.3716
5.9	52.0385	53.9137	50.2284	49.8869	54.2828
5.91	51.9497	53.8218	50.1428	49.7983	54.1941
5.92	51.8612	53.73	50.0573	49.7099	54.1056
5.93	51.7728	53.6385	49.972	49.6216	54.0172
5.94	51.6845	53.547	49.8868	49.5334	53.929
5.95	51.5964	53.4557	49.8017	49.4454	53.8409
5.96	51.5084	53.3646	49.7168	49.3576	53.753
5.97	51.4206	53.2736	49.6321	49.2699	53.6652
5.98	51.333	53.1828	49.5475	49.1824	53.5775
5.99	51.2454	53.0921	49.463	49.0951	53.49
6	51.1581	53.0016	49.3787	49.0079	53.4026
6.01	51.0709	52.9113	49.2945	48.9208	53.3154
6.02	50.9838	52.8211	49.2105	48.8339	53.2283
6.03	50.8969	52.731	49.1266	48.7472	53.1414
6.04	50.8101	52.6411	49.0428	48.6606	53.0546
6.05	50.7235	52.5514	48.9592	48.5742	52.9679
6.06	50.637	52.4618	48.8757	48.4879	52.8814
6.07	50.5507	52.3724	48.7924	48.4018	52.7951
6.08	50.4645	52.2831	48.7092	48.3158	52.7088
6.09	50.3785	52.1939	48.6262	48.23	52.6227
6.1	50.2926	52.105	48.5433	48.1443	52.5368
6.11	50.2069	52.0161	48.4605	48.0588	52.451
6.12	50.1213	51.9275	48.3779	47.9734	52.3653
6.13	50.0358	51.8389	48.2955	47.8882	52.2798
6.14	49.9505	51.7506	48.2131	47.8032	52.1944
6.15	49.8654	51.6623	48.1309	47.7182	52.1091
6.16	49.7804	51.5743	48.0489	47.6335	52.024
6.17	49.6955	51.4863	47.967	47.5489	51.939
6.18	49.6108	51.3986	47.8852	47.4644	51.8542
6.19	49.5262	51.3109	47.8036	47.3801	51.7695
6.2	49.4418	51.2235	47.7221	47.296	51.685
6.21	49.3575	51.1361	47.6407	47.2119	51.6005
6.22	49.2733	51.049	47.5595	47.1281	51.5163
6.23	49.1893	50.9619	47.4784	47.0444	51.4321
6.24	49.1055	50.8751	47.3975	46.9608	51.3481
6.25	49.0218	50.7883	47.3167	46.8774	51.2642
6.26	48.9382	50.7017	47.236	46.7941	51.1805
6.27	48.8548	50.6153	47.1555	46.711	51.0969
6.28	48.7715	50.529	47.0751	46.628	51.0135
6.29	48.6883	50.4429	46.9948	46.5452	50.9301
6.3	48.6053	50.3569	46.9147	46.4626	50.8469
6.31	48.5225	50.271	46.8347	46.38	50.7639
6.32	48.4398	50.1853	46.7549	46.2976	50.681
6.33	48.3572	50.0998	46.6752	46.2154	50.5982
6.34	48.2747	50.0144	46.5956	46.1333	50.5156
6.35	48.1924	49.9291	46.5162	46.0514	50.433
6.36	48.1103	49.844	46.4369	45.9696	50.3507
6.37	48.0283	49.759	46.3577	45.8879	50.2684
6.38	47.9464	49.6742	46.2787	45.8064	50.1863
6.39	47.8646	49.5895	46.1998	45.7251	50.1044
6.4	47.783	49.505	46.121	45.6438	50.0225
6.41	47.7016	49.4206	46.0424	45.5628	49.9408
6.42	47.6203	49.3363	45.9639	45.4818	49.8592
6.43	47.5391	49.2522	45.8856	45.401	49.7778
6.44	47.458	49.1682	45.8073	45.3204	49.6965
6.45	47.3771	49.0844	45.7292	45.2399	49.6153
6.46	47.2964	49.0007	45.6513	45.1595	49.5343
6.47	47.2157	48.9172	45.5735	45.0793	49.4534
6.48	47.1352	48.8338	45.4958	44.9993	49.3726
6.49	47.0549	48.7506	45.4182	44.9193	49.292
6.5	46.9747	48.6675	45.3408	44.8395	49.2115
6.51	46.8946	48.5845	45.2635	44.7599	49.1311
6.52	46.8146	48.5017	45.1863	44.6804	49.0508
6.53	46.7348	48.419	45.1093	44.601	48.9707
6.54	46.6552	48.3364	45.0324	44.5218	48.8907
6.55	46.5756	48.254	44.9556	44.4427	48.8109
6.56	46.4962	48.1718	44.879	44.3638	48.7312
6.57	46.417	48.0896	44.8025	44.285	48.6516
6.58	46.3378	48.0077	44.7261	44.2063	48.5721
6.59	46.2588	47.9258	44.6498	44.1278	48.4928
6.6	46.18	47.8441	44.5737	44.0494	48.4136
6.61	46.1012	47.7625	44.4977	43.9712	48.3345
6.62	46.0226	47.6811	44.4219	43.8931	48.2555
6.63	45.9442	47.5998	44.3461	43.8151	48.1767
6.64	45.8659	47.5187	44.2705	43.7373	48.098
6.65	45.7877	47.4377	44.1951	43.6596	48.0195
6.66	45.7096	47.3568	44.1197	43.5821	47.941
6.67	45.6317	47.2761	44.0445	43.5046	47.8627
6.68	45.5539	47.1955	43.9694	43.4274	47.7846
6.69	45.4762	47.115	43.8945	43.3502	47.7065
6.7	45.3987	47.0347	43.8196	43.2732	47.6286
6.71	45.3213	46.9545	43.7449	43.1964	47.5508
6.72	45.2441	46.8745	43.6703	43.1196	47.4731
6.73	45.1669	46.7946	43.5959	43.0431	47.3956
6.74	45.0899	46.7148	43.5216	42.9666	47.3182
6.75	45.0131	46.6351	43.4474	42.8903	47.2409
6.76	44.9363	46.5556	43.3733	42.8141	47.1637
6.77	44.8597	46.4763	43.2994	42.7381	47.0867
6.78	44.7832	46.397	43.2256	42.6621	47.0098
6.79	44.7069	46.3179	43.1519	42.5864	46.933
6.8	44.6307	46.239	43.0783	42.5107	46.8563
6.81	44.5546	46.1602	43.0049	42.4352	46.7798
6.82	44.4786	46.0815	42.9315	42.3598	46.7034
6.83	44.4028	46.0029	42.8584	42.2846	46.6271
6.84	44.3271	45.9245	42.7853	42.2095	46.551
6.85	44.2515	45.8462	42.7124	42.1345	46.4749
6.86	44.1761	45.768	42.6395	42.0597	46.399
6.87	44.1008	45.69	42.5668	41.985	46.3232
6.88	44.0256	45.6121	42.4943	41.9104	46.2476
6.89	43.9506	45.5344	42.4218	41.836	46.172
6.9	43.8756	45.4567	42.3495	41.7616	46.0966
6.91	43.8008	45.3792	42.2773	41.6875	46.0213
6.92	43.7262	45.3019	42.2052	41.6134	45.9462
6.93	43.6516	45.2246	42.1333	41.5395	45.8711
6.94	43.5772	45.1475	42.0615	41.4657	45.7962
6.95	43.5029	45.0706	41.9898	41.3921	45.7214
6.96	43.4287	44.9937	41.9182	41.3185	45.6467
6.97	43.3547	44.917	41.8467	41.2452	45.5722
6.98	43.2808	44.8405	41.7754	41.1719	45.4977
6.99	43.207	44.764	41.7042	41.0988	45.4234
7	43.1334	44.6877	41.6331	41.0258	45.3492
7.01	43.0598	44.6115	41.5621	40.9529	45.2751
7.02	42.9864	44.5355	41.4912	40.8801	45.2012
7.03	42.9131	44.4595	41.4205	40.8075	45.1274
7.04	42.84	44.3838	41.3499	40.7351	45.0537
7.05	42.7669	44.3081	41.2794	40.6627	44.9801
7.06	42.694	44.2326	41.209	40.5905	44.9066
7.07	42.6212	44.1571	41.1388	40.5184	44.8333
7.08	42.5486	44.0819	41.0686	40.4464	44.76
7.09	42.476	44.0067	40.9986	40.3746	44.6869
7.1	42.4036	43.9317	40.9287	40.3028	44.6139
7.11	42.3313	43.8568	40.859	40.2313	44.5411
7.12	42.2592	43.782	40.7893	40.1598	44.4683
7.13	42.1871	43.7074	40.7198	40.0885	44.3957
7.14	42.1152	43.6329	40.6503	40.0173	44.3232
7.15	42.0434	43.5585	40.581	39.9462	44.2508
7.16	41.9717	43.4842	40.5119	39.8752	44.1785
7.17	41.9002	43.4101	40.4428	39.8044	44.1063
7.18	41.8288	43.3361	40.3738	39.7337	44.0343
7.19	41.7575	43.2622	40.305	39.6631	43.9624
7.2	41.6863	43.1885	40.2363	39.5927	43.8906
7.21	41.6152	43.1148	40.1677	39.5223	43.8189
7.22	41.5443	43.0413	40.0992	39.4521	43.7473
7.23	41.4734	42.968	40.0309	39.3821	43.6759
7.24	41.4027	42.8947	39.9626	39.3121	43.6045
7.25	41.3321	42.8216	39.8945	39.2423	43.5333
7.26	41.2617	42.7486	39.8265	39.1726	43.4622
7.27	41.1913	42.6757	39.7586	39.103	43.3912
7.28	41.1211	42.603	39.6908	39.0336	43.3203
7.29	41.051	42.5303	39.6232	38.9642	43.2496
7.3	40.981	42.4578	39.5556	38.895	43.1789
7.31	40.9112	42.3854	39.4882	38.8259	43.1084
7.32	40.8414	42.3132	39.4209	38.757	43.038
7.33	40.7718	42.2411	39.3536	38.6881	42.9677
7.34	40.7023	42.169	39.2866	38.6194	42.8975
7.35	40.6329	42.0971	39.2196	38.5508	42.8275
7.36	40.5636	42.0254	39.1527	38.4823	42.7575
7.37	40.4945	41.9537	39.086	38.414	42.6877
7.38	40.4254	41.8822	39.0193	38.3457	42.6179
7.39	40.3565	41.8108	38.9528	38.2776	42.5483
7.4	40.2877	41.7395	38.8864	38.2096	42.4788
7.41	40.219	41.6684	38.8201	38.1418	42.4095
7.42	40.1505	41.5973	38.7539	38.074	42.3402
7.43	40.082	41.5264	38.6879	38.0064	42.271
7.44	40.0137	41.4556	38.6219	37.9389	42.202
7.45	39.9455	41.385	38.5561	37.8715	42.1331
7.46	39.8774	41.3144	38.4903	37.8042	42.0642
7.47	39.8094	41.244	38.4247	37.7371	41.9955
7.48	39.7415	41.1737	38.3592	37.6701	41.9269
7.49	39.6738	41.1035	38.2938	37.6031	41.8585
7.5	39.6062	41.0334	38.2285	37.5364	41.7901
7.51	39.5386	40.9634	38.1634	37.4697	41.7218
7.52	39.4712	40.8936	38.0983	37.4031	41.6537
7.53	39.4039	40.8239	38.0334	37.3367	41.5856
7.54	39.3368	40.7543	37.9685	37.2704	41.5177
7.55	39.2697	40.6848	37.9038	37.2042	41.4499
7.56	39.2028	40.6155	37.8392	37.1381	41.3822
7.57	39.1359	40.5462	37.7747	37.0721	41.3146
7.58	39.0692	40.4771	37.7103	37.0063	41.2471
7.59	39.0026	40.4081	37.646	36.9405	41.1798
7.6	38.9361	40.3392	37.5818	36.8749	41.1125
7.61	38.8697	40.2704	37.5177	36.8094	41.0454
7.62	38.8035	40.2018	37.4538	36.744	40.9783
7.63	38.7373	40.1333	37.3899	36.6788	40.9114
7.64	38.6713	40.0648	37.3262	36.6136	40.8446
7.65	38.6054	39.9965	37.2626	36.5486	40.7779
7.66	38.5395	39.9283	37.199	36.4837	40.7112
7.67	38.4738	39.8603	37.1356	36.4189	40.6448
7.68	38.4082	39.7923	37.0723	36.3542	40.5784
7.69	38.3428	39.7245	37.0091	36.2896	40.5121
7.7	38.2774	39.6568	36.946	36.2252	40.4459
7.71	38.2121	39.5892	36.883	36.1608	40.3799
7.72	38.147	39.5217	36.8202	36.0966	40.3139
7.73	38.082	39.4543	36.7574	36.0325	40.2481
7.74	38.017	39.387	36.6947	35.9685	40.1823
7.75	37.9522	39.3199	36.6322	35.9046	40.1167
7.76	37.8875	39.2529	36.5697	35.8408	40.0512
7.77	37.8229	39.1859	36.5074	35.7771	39.9857
7.78	37.7585	39.1191	36.4451	35.7136	39.9204
7.79	37.6941	39.0524	36.383	35.6502	39.8552
7.8	37.6298	38.9859	36.321	35.5868	39.7901
7.81	37.5657	38.9194	36.2591	35.5236	39.7251
7.82	37.5016	38.8531	36.1972	35.4605	39.6603
7.83	37.4377	38.7868	36.1355	35.3975	39.5955
7.84	37.3739	38.7207	36.0739	35.3347	39.5308
7.85	37.3102	38.6547	36.0124	35.2719	39.4662
7.86	37.2466	38.5888	35.951	35.2092	39.4018
7.87	37.1831	38.523	35.8897	35.1467	39.3374
7.88	37.1197	38.4573	35.8286	35.0843	39.2732
7.89	37.0564	38.3918	35.7675	35.022	39.209
7.9	36.9932	38.3263	35.7065	34.9598	39.145
7.91	36.9302	38.261	35.6456	34.8977	39.081
7.92	36.8672	38.1958	35.5849	34.8357	39.0172
7.93	36.8044	38.1306	35.5242	34.7738	38.9535
7.94	36.7416	38.0656	35.4636	34.712	38.8899
7.95	36.679	38.0007	35.4032	34.6504	38.8263
7.96	36.6164	37.936	35.3428	34.5888	38.7629
7.97	36.554	37.8713	35.2826	34.5274	38.6996
7.98	36.4917	37.8067	35.2224	34.4661	38.6364
7.99	36.4295	37.7423	35.1624	34.4048	38.5733
8	36.3674	37.6779	35.1024	34.3437	38.5103
8.01	36.3054	37.6137	35.0426	34.2827	38.4474
8.02	36.2435	37.5496	34.9829	34.2218	38.3846
8.03	36.1817	37.4856	34.9232	34.161	38.3219
8.04	36.12	37.4217	34.8637	34.1004	38.2593
8.05	36.0585	37.3579	34.8042	34.0398	38.1968
8.06	35.997	37.2942	34.7449	33.9793	38.1344
8.07	35.9356	37.2306	34.6857	33.919	38.0721
8.08	35.8743	37.1671	34.6265	33.8587	38.01
8.09	35.8132	37.1038	34.5675	33.7986	37.9479
8.1	35.7521	37.0405	34.5086	33.7386	37.8859
8.11	35.6912	36.9774	34.4498	33.6786	37.824
8.12	35.6303	36.9143	34.391	33.6188	37.7622
8.13	35.5696	36.8514	34.3324	33.5591	37.7005
8.14	35.509	36.7886	34.2739	33.4995	37.639
8.15	35.4484	36.7258	34.2154	33.44	37.5775
8.16	35.388	36.6632	34.1571	33.3806	37.5161
8.17	35.3277	36.6007	34.0989	33.3213	37.4548
8.18	35.2674	36.5383	34.0407	33.2621	37.3937
8.19	35.2073	36.476	33.9827	33.203	37.3326
8.2	35.1473	36.4139	33.9248	33.1441	37.2716
8.21	35.0874	36.3518	33.8669	33.0852	37.2107
8.22	35.0276	36.2898	33.8092	33.0264	37.15
8.23	34.9678	36.2279	33.7516	32.9678	37.0893
8.24	34.9082	36.1662	33.694	32.9092	37.0287
8.25	34.8487	36.1045	33.6366	32.8507	36.9682
8.26	34.7893	36.043	33.5792	32.7924	36.9078
8.27	34.73	35.9815	33.522	32.7341	36.8476
8.28	34.6708	35.9202	33.4649	32.676	36.7874
8.29	34.6117	35.859	33.4078	32.618	36.7273
8.3	34.5527	35.7978	33.3509	32.56	36.6673
8.31	34.4938	35.7368	33.294	32.5022	36.6074
8.32	34.435	35.6759	33.2372	32.4445	36.5476
8.33	34.3763	35.6151	33.1806	32.3868	36.4879
8.34	34.3177	35.5543	33.124	32.3293	36.4283
8.35	34.2592	35.4937	33.0675	32.2719	36.3688
8.36	34.2008	35.4332	33.0112	32.2146	36.3094
8.37	34.1425	35.3728	32.9549	32.1573	36.2501
8.38	34.0842	35.3125	32.8987	32.1002	36.1909
8.39	34.0261	35.2523	32.8426	32.0432	36.1318
8.4	33.9681	35.1922	32.7866	31.9863	36.0728
8.41	33.9102	35.1322	32.7307	31.9295	36.0139
8.42	33.8524	35.0723	32.6749	31.8728	35.955
8.43	33.7947	35.0125	32.6192	31.8161	35.8963
8.44	33.7371	34.9528	32.5636	31.7596	35.8377
8.45	33.6796	34.8933	32.5081	31.7032	35.7791
8.46	33.6222	34.8338	32.4527	31.6469	35.7207
8.47	33.5648	34.7744	32.3974	31.5907	35.6624
8.48	33.5076	34.7151	32.3421	31.5346	35.6041
8.49	33.4505	34.6559	32.287	31.4786	35.546
8.5	33.3935	34.5968	32.232	31.4227	35.4879
8.51	33.3365	34.5379	32.177	31.3668	35.4299
8.52	33.2797	34.479	32.1222	31.3111	35.3721
8.53	33.223	34.4202	32.0674	31.2555	35.3143
8.54	33.1663	34.3615	32.0127	31.2	35.2566
8.55	33.1098	34.3029	31.9582	31.1446	35.199
8.56	33.0534	34.2445	31.9037	31.0893	35.1415
8.57	32.997	34.1861	31.8493	31.034	35.0841
8.58	32.9408	34.1278	31.795	30.9789	35.0268
8.59	32.8846	34.0696	31.7408	30.9239	34.9696
8.6	32.8285	34.0115	31.6867	30.869	34.9125
8.61	32.7726	33.9536	31.6327	30.8141	34.8555
8.62	32.7167	33.8957	31.5787	30.7594	34.7985
8.63	32.6609	33.8379	31.5249	30.7048	34.7417
8.64	32.6052	33.7802	31.4711	30.6502	34.685
8.65	32.5497	33.7226	31.4175	30.5958	34.6283
8.66	32.4942	33.6651	31.3639	30.5414	34.5718
8.67	32.4388	33.6077	31.3105	30.4872	34.5153
8.68	32.3835	33.5504	31.2571	30.433	34.4589
8.69	32.3283	33.4932	31.2038	30.379	34.4026
8.7	32.2732	33.4361	31.1506	30.325	34.3464
8.71	32.2181	33.3791	31.0975	30.2712	34.2903
8.72	32.1632	33.3222	31.0445	30.2174	34.2343
8.73	32.1084	33.2654	30.9916	30.1637	34.1784
8.74	32.0536	33.2087	30.9387	30.1101	34.1226
8.75	31.999	33.1521	30.886	30.0567	34.0669
8.76	31.9444	33.0956	30.8333	30.0033	34.0112
8.77	31.89	33.0392	30.7808	29.95	33.9557
8.78	31.8356	32.9828	30.7283	29.8968	33.9002
8.79	31.7813	32.9266	30.6759	29.8437	33.8448
8.8	31.7272	32.8705	30.6236	29.7907	33.7895
8.81	31.6731	32.8144	30.5714	29.7377	33.7344
8.82	31.6191	32.7585	30.5193	29.6849	33.6793
8.83	31.5652	32.7027	30.4673	29.6322	33.6242
8.84	31.5114	32.6469	30.4153	29.5796	33.5693
8.85	31.4576	32.5913	30.3635	29.527	33.5145
8.86	31.404	32.5357	30.3117	29.4746	33.4598
8.87	31.3505	32.4802	30.26	29.4222	33.4051
8.88	31.297	32.4249	30.2084	29.37	33.3505
8.89	31.2437	32.3696	30.1569	29.3178	33.2961
8.9	31.1904	32.3144	30.1055	29.2657	33.2417
8.91	31.1372	32.2593	30.0542	29.2137	33.1874
8.92	31.0842	32.2043	30.003	29.1618	33.1332
8.93	31.0312	32.1494	29.9518	29.11	33.0791
8.94	30.9783	32.0946	29.9008	29.0583	33.025
8.95	30.9255	32.0399	29.8498	29.0067	32.9711
8.96	30.8727	31.9853	29.7989	28.9552	32.9172
8.97	30.8201	31.9307	29.7481	28.9038	32.8635
8.98	30.7676	31.8763	29.6974	28.8524	32.8098
8.99	30.7151	31.822	29.6468	28.8012	32.7562
9	30.6627	31.7677	29.5962	28.75	32.7027
9.01	30.6105	31.7136	29.5458	28.699	32.6493
9.02	30.5583	31.6595	29.4954	28.648	32.596
9.03	30.5062	31.6055	29.4451	28.5971	32.5427
9.04	30.4542	31.5516	29.3949	28.5463	32.4896
9.05	30.4023	31.4978	29.3448	28.4956	32.4365
9.06	30.3504	31.4441	29.2948	28.445	32.3835
9.07	30.2987	31.3905	29.2448	28.3945	32.3306
9.08	30.247	31.337	29.195	28.344	32.2778
9.09	30.1955	31.2836	29.1452	28.2937	32.2251
9.1	30.144	31.2303	29.0955	28.2434	32.1725
9.11	30.0926	31.177	29.0459	28.1933	32.1199
9.12	30.0413	31.1239	28.9964	28.1432	32.0675
9.13	29.9901	31.0708	28.947	28.0932	32.0151
9.14	29.939	31.0179	28.8976	28.0433	31.9628
9.15	29.8879	30.965	28.8484	27.9935	31.9106
9.16	29.837	30.9122	28.7992	27.9438	31.8585
9.17	29.7861	30.8595	28.7501	27.8941	31.8064
9.18	29.7353	30.8069	28.7011	27.8446	31.7545
9.19	29.6846	30.7544	28.6521	27.7951	31.7026
9.2	29.634	30.7019	28.6033	27.7458	31.6508
9.21	29.5835	30.6496	28.5545	27.6965	31.5991
9.22	29.5331	30.5973	28.5058	27.6473	31.5475
9.23	29.4827	30.5452	28.4572	27.5982	31.496
9.24	29.4325	30.4931	28.4087	27.5491	31.4446
9.25	29.3823	30.4411	28.3603	27.5002	31.3932
9.26	29.3322	30.3892	28.312	27.4514	31.3419
9.27	29.2822	30.3374	28.2637	27.4026	31.2907
9.28	29.2323	30.2857	28.2155	27.3539	31.2396
9.29	29.1824	30.2341	28.1674	27.3053	31.1886
9.3	29.1327	30.1825	28.1194	27.2568	31.1377
9.31	29.083	30.1311	28.0714	27.2084	31.0868
9.32	29.0335	30.0797	28.0236	27.1601	31.036
9.33	28.984	30.0284	27.9758	27.1119	30.9853
9.34	28.9345	29.9772	27.9281	27.0637	30.9347
9.35	28.8852	29.9261	27.8805	27.0156	30.8842
9.36	28.836	29.8751	27.833	26.9676	30.8337
9.37	28.7868	29.8242	27.7855	26.9197	30.7834
9.38	28.7377	29.7733	27.7382	26.8719	30.7331
9.39	28.6887	29.7226	27.6909	26.8242	30.6829
9.4	28.6398	29.6719	27.6437	26.7766	30.6328
9.41	28.591	29.6213	27.5965	26.729	30.5828
9.42	28.5423	29.5708	27.5495	26.6815	30.5328
9.43	28.4936	29.5204	27.5025	26.6341	30.4829
9.44	28.445	29.4701	27.4556	26.5868	30.4331
9.45	28.3965	29.4198	27.4088	26.5396	30.3834
9.46	28.3481	29.3697	27.3621	26.4924	30.3338
9.47	28.2998	29.3196	27.3155	26.4454	30.2843
9.48	28.2516	29.2696	27.2689	26.3984	30.2348
9.49	28.2034	29.2197	27.2224	26.3515	30.1854
9.5	28.1553	29.1699	27.176	26.3047	30.1361
9.51	28.1073	29.1202	27.1297	26.258	30.0869
9.52	28.0594	29.0706	27.0834	26.2114	30.0378
9.53	28.0116	29.021	27.0373	26.1648	29.9887
9.54	27.9638	28.9715	26.9912	26.1183	29.9397
9.55	27.9161	28.9221	26.9451	26.0719	29.8908
9.56	27.8686	28.8728	26.8992	26.0256	29.842
9.57	27.821	28.8236	26.8534	25.9794	29.7932
9.58	27.7736	28.7745	26.8076	25.9333	29.7446
9.59	27.7263	28.7254	26.7619	25.8872	29.696
9.6	27.679	28.6764	26.7163	25.8412	29.6475
9.61	27.6318	28.6276	26.6707	25.7953	29.5991
9.62	27.5847	28.5788	26.6252	25.7495	29.5507
9.63	27.5377	28.53	26.5798	25.7038	29.5025
9.64	27.4907	28.4814	26.5345	25.6581	29.4543
9.65	27.4439	28.4328	26.4893	25.6125	29.4062
9.66	27.3971	28.3844	26.4441	25.567	29.3581
9.67	27.3504	28.336	26.3991	25.5216	29.3102
9.68	27.3038	28.2877	26.3541	25.4763	29.2623
9.69	27.2572	28.2394	26.3091	25.431	29.2145
9.7	27.2107	28.1913	26.2643	25.3859	29.1668
9.71	27.1643	28.1432	26.2195	25.3408	29.1192
9.72	27.118	28.0953	26.1748	25.2958	29.0716
9.73	27.0718	28.0474	26.1302	25.2508	29.0241
9.74	27.0257	27.9996	26.0856	25.206	28.9767
9.75	26.9796	27.9518	26.0412	25.1612	28.9294
9.76	26.9336	27.9042	25.9968	25.1165	28.8821
9.77	26.8877	27.8566	25.9524	25.0719	28.8349
9.78	26.8418	27.8091	25.9082	25.0274	28.7879
9.79	26.7961	27.7617	25.864	24.9829	28.7408
9.8	26.7504	27.7144	25.8199	24.9385	28.6939
9.81	26.7048	27.6671	25.7759	24.8942	28.647
9.82	26.6593	27.62	25.732	24.85	28.6002
9.83	26.6138	27.5729	25.6881	24.8059	28.5535
9.84	26.5684	27.5259	25.6443	24.7618	28.5069
9.85	26.5232	27.4789	25.6006	24.7178	28.4603
9.86	26.4779	27.4321	25.557	24.6739	28.4138
9.87	26.4328	27.3853	25.5134	24.6301	28.3674
9.88	26.3877	27.3386	25.4699	24.5864	28.3211
9.89	26.3427	27.292	25.4265	24.5427	28.2748
9.9	26.2978	27.2455	25.3831	24.4991	28.2286
9.91	26.253	27.1991	25.3399	24.4556	28.1825
9.92	26.2083	27.1527	25.2967	24.4121	28.1365
9.93	26.1636	27.1064	25.2535	24.3688	28.0906
9.94	26.119	27.0602	25.2105	24.3255	28.0447
9.95	26.0744	27.0141	25.1675	24.2823	27.9989
9.96	26.03	26.968	25.1246	24.2392	27.9531
9.97	25.9856	26.922	25.0818	24.1961	27.9075
9.98	25.9413	26.8761	25.039	24.1531	27.8619
9.99	25.8971	26.8303	24.9963	24.1102	27.8164
10	25.8529	26.7846	24.9537	24.0674	27.771
10.01	25.8089	26.7389	24.9112	24.0246	27.7256
10.02	25.7649	26.6933	24.8687	23.982	27.6803
10.03	25.7209	26.6478	24.8263	23.9394	27.6351
10.04	25.6771	26.6024	24.784	23.8969	27.59
10.05	25.6333	26.557	24.7417	23.8544	27.5449
10.06	25.5896	26.5118	24.6995	23.812	27.4999
10.07	25.546	26.4666	24.6574	23.7697	27.455
10.08	25.5024	26.4215	24.6154	23.7275	27.4101
10.09	25.459	26.3764	24.5734	23.6854	27.3654
10.1	25.4156	26.3314	24.5315	23.6433	27.3207
10.11	25.3722	26.2866	24.4897	23.6013	27.2761
10.12	25.329	26.2417	24.448	23.5594	27.2315
10.13	25.2858	26.197	24.4063	23.5175	27.187
10.14	25.2427	26.1523	24.3647	23.4758	27.1426
10.15	25.1997	26.1078	24.3232	23.4341	27.0983
10.16	25.1567	26.0633	24.2817	23.3924	27.054
10.17	25.1138	26.0188	24.2403	23.3509	27.0098
10.18	25.071	25.9745	24.199	23.3094	26.9657
10.19	25.0283	25.9302	24.1577	23.268	26.9217
10.2	24.9856	25.886	24.1165	23.2267	26.8777
10.21	24.943	25.8418	24.0754	23.1854	26.8338
10.22	24.9005	25.7978	24.0344	23.1443	26.79
10.23	24.858	25.7538	23.9934	23.1031	26.7462
10.24	24.8157	25.7099	23.9525	23.0621	26.7025
10.25	24.7733	25.6661	23.9117	23.0211	26.6589
10.26	24.7311	25.6223	23.8709	22.9803	26.6154
10.27	24.689	25.5786	23.8302	22.9394	26.5719
10.28	24.6469	25.535	23.7896	22.8987	26.5285
10.29	24.6048	25.4915	23.749	22.858	26.4852
10.3	24.5629	25.448	23.7085	22.8174	26.4419
10.31	24.521	25.4047	23.6681	22.7769	26.3987
10.32	24.4792	25.3614	23.6278	22.7364	26.3556
10.33	24.4375	25.3181	23.5875	22.696	26.3126
10.34	24.3958	25.275	23.5473	22.6557	26.2696
10.35	24.3542	25.2319	23.5071	22.6155	26.2267
10.36	24.3127	25.1889	23.4671	22.5753	26.1838
10.37	24.2713	25.1459	23.4271	22.5352	26.1411
10.38	24.2299	25.103	23.3871	22.4952	26.0984
10.39	24.1886	25.0602	23.3472	22.4552	26.0557
10.4	24.1474	25.0175	23.3074	22.4153	26.0132
10.41	24.1062	24.9749	23.2677	22.3755	25.9707
10.42	24.0651	24.9323	23.228	22.3358	25.9283
10.43	24.0241	24.8898	23.1884	22.2961	25.8859
10.44	23.9831	24.8474	23.1489	22.2565	25.8437
10.45	23.9422	24.805	23.1094	22.217	25.8014
10.46	23.9014	24.7627	23.0701	22.1775	25.7593
10.47	23.8607	24.7205	23.0307	22.1381	25.7172
10.48	23.82	24.6784	22.9915	22.0988	25.6752
10.49	23.7794	24.6363	22.9523	22.0596	25.6333
10.5	23.7388	24.5943	22.9131	22.0204	25.5914
10.51	23.6984	24.5524	22.8741	21.9813	25.5496
10.52	23.658	24.5105	22.8351	21.9422	25.5079
10.53	23.6176	24.4687	22.7962	21.9032	25.4662
10.54	23.5774	24.427	22.7573	21.8643	25.4246
10.55	23.5372	24.3854	22.7185	21.8255	25.3831
10.56	23.4971	24.3438	22.6798	21.7867	25.3416
10.57	23.457	24.3023	22.6411	21.748	25.3002
10.58	23.417	24.2609	22.6025	21.7094	25.2589
10.59	23.3771	24.2195	22.564	21.6708	25.2177
10.6	23.3372	24.1782	22.5255	21.6323	25.1765
10.61	23.2974	24.137	22.4871	21.5939	25.1354
10.62	23.2577	24.0958	22.4488	21.5556	25.0943
10.63	23.2181	24.0548	22.4105	21.5173	25.0533
10.64	23.1785	24.0138	22.3723	21.4791	25.0124
10.65	23.139	23.9728	22.3341	21.4409	24.9715
10.66	23.0995	23.932	22.2961	21.4028	24.9308
10.67	23.0602	23.8912	22.2581	21.3648	24.89
10.68	23.0208	23.8504	22.2201	21.3269	24.8494
10.69	22.9816	23.8098	22.1822	21.289	24.8088
10.7	22.9424	23.7692	22.1444	21.2512	24.7683
10.71	22.9033	23.7287	22.1067	21.2134	24.7278
10.72	22.8643	23.6882	22.069	21.1757	24.6874
10.73	22.8253	23.6478	22.0314	21.1381	24.6471
10.74	22.7864	23.6075	21.9938	21.1006	24.6068
10.75	22.7475	23.5673	21.9563	21.0631	24.5667
10.76	22.7087	23.5271	21.9189	21.0257	24.5265
10.77	22.67	23.487	21.8815	20.9883	24.4865
10.78	22.6314	23.4469	21.8442	20.9511	24.4465
10.79	22.5928	23.407	21.807	20.9138	24.4065
10.8	22.5543	23.3671	21.7698	20.8767	24.3667
10.81	22.5158	23.3272	21.7327	20.8396	24.3269
10.82	22.4775	23.2874	21.6956	20.8026	24.2871
10.83	22.4391	23.2477	21.6586	20.7657	24.2475
10.84	22.4009	23.2081	21.6217	20.7288	24.2079
10.85	22.3627	23.1686	21.5849	20.6919	24.1683
10.86	22.3246	23.1291	21.5481	20.6552	24.1289
10.87	22.2865	23.0896	21.5113	20.6185	24.0894
10.88	22.2485	23.0503	21.4747	20.5819	24.0501
10.89	22.2106	23.011	21.438	20.5453	24.0108
10.9	22.1727	22.9717	21.4015	20.5088	23.9716
10.91	22.1349	22.9326	21.365	20.4724	23.9324
10.92	22.0972	22.8935	21.3286	20.436	23.8934
10.93	22.0595	22.8545	21.2922	20.3997	23.8543
10.94	22.0219	22.8155	21.2559	20.3635	23.8154
10.95	21.9844	22.7766	21.2197	20.3273	23.7765
10.96	21.9469	22.7378	21.1835	20.2912	23.7376
10.97	21.9095	22.699	21.1474	20.2552	23.6989
10.98	21.8721	22.6603	21.1114	20.2192	23.6602
10.99	21.8348	22.6217	21.0754	20.1833	23.6215
11	21.7976	22.5831	21.0394	20.1474	23.5829
11.01	21.7604	22.5446	21.0036	20.1117	23.5444
11.02	21.7234	22.5062	20.9678	20.0759	23.506
11.03	21.6863	22.4678	20.932	20.0403	23.4676
11.04	21.6493	22.4295	20.8963	20.0047	23.4292
11.05	21.6124	22.3913	20.8607	19.9691	23.391
11.06	21.5756	22.3531	20.8251	19.9337	23.3528
11.07	21.5388	22.315	20.7896	19.8983	23.3146
11.08	21.5021	22.2769	20.7542	19.8629	23.2765
11.09	21.4654	22.239	20.7188	19.8276	23.2385
11.1	21.4288	22.2011	20.6835	19.7924	23.2006
11.11	21.3923	22.1632	20.6482	19.7573	23.1627
11.12	21.3558	22.1254	20.613	19.7222	23.1248
11.13	21.3194	22.0877	20.5779	19.6871	23.0871
11.14	21.2831	22.0501	20.5428	19.6522	23.0494
11.15	21.2468	22.0125	20.5078	19.6173	23.0117
11.16	21.2106	21.9749	20.4728	19.5824	22.9741
11.17	21.1744	21.9375	20.4379	19.5476	22.9366
11.18	21.1383	21.9001	20.4031	19.5129	22.8991
11.19	21.1023	21.8627	20.3683	19.4783	22.8617
11.2	21.0663	21.8255	20.3336	19.4437	22.8244
11.21	21.0304	21.7883	20.2989	19.4091	22.7871
11.22	20.9946	21.7511	20.2643	19.3747	22.7499
11.23	20.9588	21.714	20.2298	19.3402	22.7127
11.24	20.923	21.677	20.1953	19.3059	22.6756
11.25	20.8874	21.6401	20.1608	19.2716	22.6386
11.26	20.8518	21.6032	20.1265	19.2374	22.6016
11.27	20.8162	21.5663	20.0922	19.2032	22.5647
11.28	20.7807	21.5296	20.0579	19.1691	22.5278
11.29	20.7453	21.4929	20.0237	19.135	22.4911
11.3	20.7099	21.4562	19.9896	19.101	22.4543
11.31	20.6746	21.4197	19.9555	19.0671	22.4176
11.32	20.6394	21.3831	19.9215	19.0333	22.381
11.33	20.6042	21.3467	19.8875	18.9994	22.3445
11.34	20.5691	21.3103	19.8536	18.9657	22.308
11.35	20.534	21.274	19.8198	18.932	22.2715
11.36	20.499	21.2377	19.786	18.8984	22.2352
11.37	20.464	21.2015	19.7523	18.8648	22.1988
11.38	20.4292	21.1653	19.7186	18.8313	22.1626
11.39	20.3943	21.1293	19.685	18.7979	22.1264
11.4	20.3596	21.0932	19.6514	18.7645	22.0902
11.41	20.3249	21.0573	19.6179	18.7311	22.0542
11.42	20.2902	21.0214	19.5845	18.6979	22.0181
11.43	20.2556	20.9855	19.5511	18.6647	21.9822
11.44	20.2211	20.9498	19.5177	18.6315	21.9463
11.45	20.1866	20.9141	19.4845	18.5984	21.9104
11.46	20.1522	20.8784	19.4512	18.5654	21.8746
11.47	20.1178	20.8428	19.4181	18.5324	21.8389
11.48	20.0835	20.8073	19.385	18.4995	21.8032
11.49	20.0493	20.7718	19.3519	18.4666	21.7676
11.5	20.0151	20.7364	19.3189	18.4338	21.7321
11.51	19.981	20.701	19.286	18.4011	21.6966
11.52	19.9469	20.6658	19.2531	18.3684	21.6611
11.53	19.9129	20.6305	19.2203	18.3358	21.6258
11.54	19.879	20.5953	19.1875	18.3032	21.5904
11.55	19.8451	20.5602	19.1548	18.2707	21.5552
11.56	19.8113	20.5252	19.1222	18.2382	21.52
11.57	19.7775	20.4902	19.0896	18.2058	21.4848
11.58	19.7438	20.4553	19.057	18.1735	21.4497
11.59	19.7101	20.4204	19.0245	18.1412	21.4147
11.6	19.6765	20.3856	18.9921	18.109	21.3797
11.61	19.643	20.3508	18.9597	18.0768	21.3448
11.62	19.6095	20.3161	18.9274	18.0447	21.3099
11.63	19.5761	20.2815	18.8951	18.0127	21.2751
11.64	19.5427	20.2469	18.8629	17.9807	21.2404
11.65	19.5094	20.2124	18.8308	17.9487	21.2057
11.66	19.4761	20.1779	18.7987	17.9169	21.171
11.67	19.4429	20.1435	18.7666	17.885	21.1365
11.68	19.4098	20.1092	18.7346	17.8533	21.1019
11.69	19.3767	20.0749	18.7027	17.8216	21.0675
11.7	19.3436	20.0407	18.6708	17.7899	21.0331
11.71	19.3107	20.0065	18.639	17.7583	20.9987
11.72	19.2777	19.9724	18.6072	17.7268	20.9644
11.73	19.2449	19.9384	18.5755	17.6953	20.9302
11.74	19.2121	19.9044	18.5438	17.6638	20.896
11.75	19.1793	19.8705	18.5122	17.6325	20.8619
11.76	19.1466	19.8366	18.4806	17.6011	20.8278
11.77	19.114	19.8028	18.4491	17.5699	20.7938
11.78	19.0814	19.769	18.4177	17.5387	20.7598
11.79	19.0489	19.7353	18.3863	17.5075	20.7259
11.8	19.0164	19.7017	18.3549	17.4764	20.692
11.81	18.984	19.6681	18.3237	17.4454	20.6582
11.82	18.9516	19.6345	18.2924	17.4144	20.6245
11.83	18.9193	19.6011	18.2612	17.3835	20.5908
11.84	18.887	19.5677	18.2301	17.3526	20.5572
11.85	18.8548	19.5343	18.199	17.3218	20.5236
11.86	18.8227	19.501	18.168	17.291	20.4901
11.87	18.7906	19.4678	18.137	17.2603	20.4566
11.88	18.7586	19.4346	18.1061	17.2296	20.4232
11.89	18.7266	19.4014	18.0752	17.199	20.3898
11.9	18.6947	19.3684	18.0444	17.1685	20.3565
11.91	18.6628	19.3353	18.0137	17.138	20.3233
11.92	18.631	19.3024	17.983	17.1075	20.2901
11.93	18.5992	19.2695	17.9523	17.0772	20.257
11.94	18.5675	19.2366	17.9217	17.0468	20.2239
11.95	18.5359	19.2038	17.8911	17.0165	20.1908
11.96	18.5043	19.1711	17.8606	16.9863	20.1579
11.97	18.4727	19.1384	17.8302	16.9561	20.1249
11.98	18.4412	19.1058	17.7998	16.926	20.0921
11.99	18.4098	19.0732	17.7694	16.896	20.0593
12	18.3784	19.0407	17.7392	16.866	20.0265
12.01	18.3471	19.0082	17.7089	16.836	19.9938
12.02	18.3158	18.9758	17.6787	16.8061	19.9611
12.03	18.2846	18.9435	17.6486	16.7762	19.9285
12.04	18.2534	18.9112	17.6185	16.7464	19.896
12.05	18.2223	18.8789	17.5885	16.7167	19.8635
12.06	18.1912	18.8468	17.5585	16.687	19.831
12.07	18.1602	18.8146	17.5285	16.6574	19.7986
12.08	18.1292	18.7826	17.4987	16.6278	19.7663
12.09	18.0983	18.7505	17.4688	16.5982	19.734
12.1	18.0675	18.7186	17.439	16.5688	19.7018
12.11	18.0367	18.6867	17.4093	16.5393	19.6696
12.12	18.0059	18.6548	17.3796	16.5099	19.6375
12.13	17.9752	18.623	17.35	16.4806	19.6054
12.14	17.9446	18.5912	17.3204	16.4513	19.5734
12.15	17.914	18.5596	17.2909	16.4221	19.5414
12.16	17.8835	18.5279	17.2614	16.393	19.5095
12.17	17.853	18.4963	17.232	16.3638	19.4776
12.18	17.8225	18.4648	17.2026	16.3348	19.4458
12.19	17.7922	18.4333	17.1733	16.3058	19.414
12.2	17.7618	18.4019	17.144	16.2768	19.3823
12.21	17.7315	18.3705	17.1148	16.2479	19.3507
12.22	17.7013	18.3392	17.0856	16.219	19.3191
12.23	17.6711	18.3079	17.0565	16.1902	19.2875
12.24	17.641	18.2767	17.0274	16.1615	19.256
12.25	17.6109	18.2456	16.9984	16.1328	19.2246
12.26	17.5809	18.2145	16.9694	16.1041	19.1932
12.27	17.5509	18.1834	16.9405	16.0755	19.1618
12.28	17.521	18.1524	16.9116	16.0469	19.1305
12.29	17.4912	18.1215	16.8828	16.0184	19.0993
12.3	17.4613	18.0906	16.854	15.99	19.0681
12.31	17.4316	18.0597	16.8253	15.9616	19.0369
12.32	17.4019	18.0289	16.7966	15.9332	19.0058
12.33	17.3722	17.9982	16.7679	15.9049	18.9748
12.34	17.3426	17.9675	16.7393	15.8767	18.9438
12.35	17.313	17.9369	16.7108	15.8485	18.9129
12.36	17.2835	17.9063	16.6823	15.8203	18.882
12.37	17.254	17.8758	16.6539	15.7922	18.8511
12.38	17.2246	17.8453	16.6255	15.7642	18.8203
12.39	17.1952	17.8149	16.5971	15.7362	18.7896
12.4	17.1659	17.7845	16.5689	15.7082	18.7589
12.41	17.1367	17.7542	16.5406	15.6803	18.7283
12.42	17.1075	17.7239	16.5124	15.6525	18.6977
12.43	17.0783	17.6937	16.4843	15.6247	18.6671
12.44	17.0492	17.6636	16.4562	15.5969	18.6366
12.45	17.0201	17.6334	16.4281	15.5692	18.6062
12.46	16.9911	17.6034	16.4001	15.5416	18.5758
12.47	16.9621	17.5734	16.3721	15.514	18.5455
12.48	16.9332	17.5434	16.3442	15.4864	18.5152
12.49	16.9043	17.5135	16.3164	15.4589	18.4849
12.5	16.8755	17.4837	16.2885	15.4314	18.4548
12.51	16.8468	17.4538	16.2608	15.404	18.4246
12.52	16.818	17.4241	16.2331	15.3767	18.3945
12.53	16.7894	17.3944	16.2054	15.3493	18.3645
12.54	16.7607	17.3647	16.1778	15.3221	18.3345
12.55	16.7322	17.3351	16.1502	15.2949	18.3045
12.56	16.7036	17.3056	16.1226	15.2677	18.2746
12.57	16.6752	17.2761	16.0952	15.2406	18.2448
12.58	16.6467	17.2466	16.0677	15.2135	18.215
12.59	16.6184	17.2172	16.0403	15.1865	18.1852
12.6	16.59	17.1879	16.013	15.1595	18.1555
12.61	16.5617	17.1586	15.9857	15.1326	18.1259
12.62	16.5335	17.1293	15.9584	15.1057	18.0963
12.63	16.5053	17.1001	15.9312	15.0789	18.0667
12.64	16.4772	17.071	15.9041	15.0521	18.0372
12.65	16.4491	17.0419	15.877	15.0254	18.0077
12.66	16.4211	17.0128	15.8499	14.9987	17.9783
12.67	16.3931	16.9838	15.8229	14.972	17.949
12.68	16.3651	16.9548	15.7959	14.9454	17.9197
12.69	16.3372	16.9259	15.769	14.9189	17.8904
12.7	16.3094	16.8971	15.7421	14.8924	17.8612
12.71	16.2816	16.8683	15.7152	14.8659	17.832
12.72	16.2538	16.8395	15.6885	14.8395	17.8029
12.73	16.2261	16.8108	15.6617	14.8132	17.7738
12.74	16.1984	16.7822	15.635	14.7869	17.7448
12.75	16.1708	16.7535	15.6084	14.7606	17.7158
12.76	16.1432	16.725	15.5817	14.7344	17.6868
12.77	16.1157	16.6965	15.5552	14.7082	17.6579
12.78	16.0883	16.668	15.5287	14.6821	17.6291
12.79	16.0608	16.6396	15.5022	14.656	17.6003
12.8	16.0334	16.6112	15.4758	14.63	17.5716
12.81	16.0061	16.5829	15.4494	14.604	17.5429
12.82	15.9788	16.5546	15.423	14.578	17.5142
12.83	15.9516	16.5264	15.3967	14.5522	17.4856
12.84	15.9244	16.4982	15.3705	14.5263	17.457
12.85	15.8972	16.4701	15.3443	14.5005	17.4285
12.86	15.8701	16.442	15.3181	14.4747	17.4001
12.87	15.8431	16.414	15.292	14.449	17.3716
12.88	15.8161	16.386	15.266	14.4234	17.3433
12.89	15.7891	16.3581	15.2399	14.3978	17.3149
12.9	15.7622	16.3302	15.2139	14.3722	17.2867
12.91	15.7353	16.3024	15.188	14.3466	17.2584
12.92	15.7085	16.2746	15.1621	14.3212	17.2302
12.93	15.6817	16.2468	15.1363	14.2957	17.2021
12.94	15.655	16.2191	15.1105	14.2703	17.174
12.95	15.6283	16.1915	15.0847	14.245	17.1459
12.96	15.6017	16.1639	15.059	14.2197	17.1179
12.97	15.5751	16.1363	15.0333	14.1944	17.09
12.98	15.5485	16.1088	15.0077	14.1692	17.0621
12.99	15.522	16.0814	14.9821	14.144	17.0342
13	15.4955	16.0539	14.9566	14.1189	17.0064
13.01	15.4691	16.0266	14.9311	14.0938	16.9786
13.02	15.4428	15.9992	14.9056	14.0688	16.9509
13.03	15.4164	15.972	14.8802	14.0438	16.9232
13.04	15.3901	15.9447	14.8548	14.0189	16.8955
13.05	15.3639	15.9176	14.8295	13.994	16.8679
13.06	15.3377	15.8904	14.8042	13.9691	16.8404
13.07	15.3116	15.8633	14.779	13.9443	16.8129
13.08	15.2855	15.8363	14.7538	13.9195	16.7854
13.09	15.2594	15.8093	14.7286	13.8948	16.758
13.1	15.2334	15.7823	14.7035	13.8701	16.7306
13.11	15.2074	15.7554	14.6785	13.8455	16.7033
13.12	15.1815	15.7286	14.6534	13.8209	16.676
13.13	15.1556	15.7018	14.6285	13.7964	16.6488
13.14	15.1298	15.675	14.6035	13.7719	16.6216
13.15	15.104	15.6483	14.5786	13.7474	16.5944
13.16	15.0782	15.6216	14.5538	13.723	16.5673
13.17	15.0525	15.595	14.529	13.6986	16.5403
13.18	15.0269	15.5684	14.5042	13.6743	16.5133
13.19	15.0013	15.5418	14.4795	13.65	16.4863
13.2	14.9757	15.5153	14.4548	13.6257	16.4594
13.21	14.9501	15.4889	14.4301	13.6015	16.4325
13.22	14.9247	15.4625	14.4055	13.5774	16.4056
13.23	14.8992	15.4361	14.381	13.5533	16.3788
13.24	14.8738	15.4098	14.3565	13.5292	16.3521
13.25	14.8485	15.3835	14.332	13.5051	16.3254
13.26	14.8231	15.3573	14.3076	13.4812	16.2987
13.27	14.7979	15.3311	14.2832	13.4572	16.2721
13.28	14.7726	15.305	14.2588	13.4333	16.2455
13.29	14.7475	15.2789	14.2345	13.4095	16.219
13.3	14.7223	15.2529	14.2102	13.3856	16.1925
13.31	14.6972	15.2269	14.186	13.3619	16.1661
13.32	14.6722	15.2009	14.1618	13.3381	16.1396
13.33	14.6472	15.175	14.1377	13.3144	16.1133
13.34	14.6222	15.1491	14.1136	13.2908	16.087
13.35	14.5973	15.1233	14.0895	13.2672	16.0607
13.36	14.5724	15.0975	14.0655	13.2436	16.0345
13.37	14.5475	15.0718	14.0415	13.2201	16.0083
13.38	14.5227	15.0461	14.0176	13.1966	15.9821
13.39	14.498	15.0204	13.9937	13.1732	15.956
13.4	14.4733	14.9948	13.9698	13.1498	15.93
13.41	14.4486	14.9693	13.946	13.1264	15.9039
13.42	14.424	14.9437	13.9222	13.1031	15.878
13.43	14.3994	14.9183	13.8985	13.0798	15.852
13.44	14.3748	14.8928	13.8748	13.0566	15.8261
13.45	14.3503	14.8674	13.8512	13.0334	15.8003
13.46	14.3258	14.8421	13.8276	13.0102	15.7745
13.47	14.3014	14.8168	13.804	12.9871	15.7487
13.48	14.277	14.7915	13.7804	12.9641	15.723
13.49	14.2527	14.7663	13.757	12.941	15.6973
13.5	14.2284	14.7411	13.7335	12.9181	15.6717
13.51	14.2041	14.716	13.7101	12.8951	15.6461
13.52	14.1799	14.6909	13.6867	12.8722	15.6205
13.53	14.1558	14.6659	13.6634	12.8493	15.595
13.54	14.1316	14.6409	13.6401	12.8265	15.5695
13.55	14.1075	14.6159	13.6168	12.8037	15.5441
13.56	14.0835	14.591	13.5936	12.781	15.5187
13.57	14.0595	14.5661	13.5704	12.7583	15.4934
13.58	14.0355	14.5413	13.5473	12.7356	15.4681
13.59	14.0116	14.5165	13.5242	12.713	15.4428
13.6	13.9877	14.4918	13.5012	12.6904	15.4176
13.61	13.9638	14.467	13.4781	12.6679	15.3924
13.62	13.94	14.4424	13.4552	12.6454	15.3672
13.63	13.9163	14.4178	13.4322	12.6229	15.3421
13.64	13.8926	14.3932	13.4093	12.6005	15.3171
13.65	13.8689	14.3686	13.3865	12.5781	15.2921
13.66	13.8452	14.3442	13.3637	12.5558	15.2671
13.67	13.8216	14.3197	13.3409	12.5335	15.2422
13.68	13.7981	14.2953	13.3181	12.5112	15.2173
13.69	13.7745	14.2709	13.2954	12.489	15.1924
13.7	13.7511	14.2466	13.2728	12.4668	15.1676
13.71	13.7276	14.2223	13.2501	12.4447	15.1428
13.72	13.7042	14.1981	13.2275	12.4226	15.1181
13.73	13.6808	14.1738	13.205	12.4005	15.0934
13.74	13.6575	14.1497	13.1825	12.3785	15.0687
13.75	13.6342	14.1256	13.16	12.3565	15.0441
13.76	13.611	14.1015	13.1376	12.3345	15.0196
13.77	13.5878	14.0774	13.1152	12.3126	14.995
13.78	13.5646	14.0534	13.0928	12.2908	14.9705
13.79	13.5415	14.0295	13.0705	12.2689	14.9461
13.8	13.5184	14.0056	13.0482	12.2471	14.9217
13.81	13.4954	13.9817	13.026	12.2254	14.8973
13.82	13.4724	13.9579	13.0038	12.2037	14.873
13.83	13.4494	13.9341	12.9816	12.182	14.8487
13.84	13.4265	13.9103	12.9595	12.1603	14.8244
13.85	13.4036	13.8866	12.9374	12.1387	14.8002
13.86	13.3807	13.8629	12.9153	12.1172	14.776
13.87	13.3579	13.8393	12.8933	12.0957	14.7519
13.88	13.3351	13.8157	12.8713	12.0742	14.7278
13.89	13.3124	13.7921	12.8494	12.0527	14.7037
13.9	13.2897	13.7686	12.8275	12.0313	14.6797
13.91	13.2671	13.7452	12.8056	12.01	14.6558
13.92	13.2444	13.7217	12.7838	11.9886	14.6318
13.93	13.2219	13.6983	12.762	11.9673	14.6079
13.94	13.1993	13.675	12.7402	11.9461	14.5841
13.95	13.1768	13.6517	12.7185	11.9249	14.5602
13.96	13.1544	13.6284	12.6968	11.9037	14.5365
13.97	13.1319	13.6052	12.6752	11.8825	14.5127
13.98	13.1095	13.582	12.6536	11.8614	14.489
13.99	13.0872	13.5588	12.632	11.8404	14.4653
14	13.0649	13.5357	12.6105	11.8193	14.4417
14.01	13.0426	13.5126	12.589	11.7983	14.4181
14.02	13.0204	13.4896	12.5675	11.7774	14.3946
14.03	12.9982	13.4666	12.5461	11.7565	14.3711
14.04	12.976	13.4436	12.5247	11.7356	14.3476
14.05	12.9539	13.4207	12.5033	11.7147	14.3242
14.06	12.9318	13.3978	12.482	11.6939	14.3008
14.07	12.9098	13.375	12.4607	11.6731	14.2774
14.08	12.8878	13.3522	12.4395	11.6524	14.2541
14.09	12.8658	13.3294	12.4183	11.6317	14.2308
14.1	12.8439	13.3067	12.3971	11.6111	14.2076
14.11	12.822	13.284	12.376	11.5904	14.1844
14.12	12.8001	13.2614	12.3549	11.5698	14.1612
14.13	12.7783	13.2388	12.3338	11.5493	14.1381
14.14	12.7565	13.2162	12.3128	11.5288	14.115
14.15	12.7348	13.1937	12.2918	11.5083	14.0919
14.16	12.713	13.1712	12.2708	11.4879	14.0689
14.17	12.6914	13.1487	12.2499	11.4675	14.0459
14.18	12.6697	13.1263	12.229	11.4471	14.023
14.19	12.6481	13.1039	12.2082	11.4268	14.0001
14.2	12.6266	13.0816	12.1874	11.4065	13.9772
14.21	12.605	13.0593	12.1666	11.3862	13.9544
14.22	12.5836	13.037	12.1459	11.366	13.9316
14.23	12.5621	13.0148	12.1252	11.3458	13.9088
14.24	12.5407	12.9926	12.1045	11.3256	13.8861
14.25	12.5193	12.9705	12.0839	11.3055	13.8634
14.26	12.498	12.9483	12.0633	11.2854	13.8408
14.27	12.4767	12.9263	12.0427	11.2654	13.8182
14.28	12.4554	12.9042	12.0222	11.2454	13.7956
14.29	12.4342	12.8822	12.0017	11.2254	13.7731
14.3	12.413	12.8603	11.9812	11.2055	13.7506
14.31	12.3918	12.8383	11.9608	11.1856	13.7281
14.32	12.3707	12.8165	11.9404	11.1657	13.7057
14.33	12.3496	12.7946	11.92	11.1459	13.6833
14.34	12.3285	12.7728	11.8997	11.1261	13.661
14.35	12.3075	12.751	11.8794	11.1063	13.6386
14.36	12.2865	12.7293	11.8592	11.0866	13.6164
14.37	12.2656	12.7076	11.839	11.0669	13.5941
14.38	12.2447	12.6859	11.8188	11.0472	13.5719
14.39	12.2238	12.6643	11.7986	11.0276	13.5498
14.4	12.203	12.6427	11.7785	11.008	13.5276
14.41	12.1822	12.6212	11.7584	10.9885	13.5055
14.42	12.1614	12.5996	11.7384	10.9689	13.4835
14.43	12.1407	12.5782	11.7184	10.9495	13.4614
14.44	12.12	12.5567	11.6984	10.93	13.4395
14.45	12.0993	12.5353	11.6785	10.9106	13.4175
14.46	12.0787	12.5139	11.6585	10.8912	13.3956
14.47	12.0581	12.4926	11.6387	10.8719	13.3737
14.48	12.0375	12.4713	11.6188	10.8526	13.3519
14.49	12.017	12.45	11.599	10.8333	13.3301
14.5	11.9965	12.4288	11.5792	10.814	13.3083
14.51	11.9761	12.4076	11.5595	10.7948	13.2866
14.52	11.9556	12.3865	11.5398	10.7757	13.2649
14.53	11.9353	12.3654	11.5201	10.7565	13.2432
14.54	11.9149	12.3443	11.5005	10.7374	13.2216
14.55	11.8946	12.3232	11.4809	10.7183	13.2
14.56	11.8743	12.3022	11.4613	10.6993	13.1784
14.57	11.8541	12.2813	11.4418	10.6803	13.1569
14.58	11.8339	12.2603	11.4223	10.6613	13.1354
14.59	11.8137	12.2394	11.4028	10.6424	13.1139
14.6	11.7936	12.2186	11.3834	10.6235	13.0925
14.61	11.7735	12.1977	11.3639	10.6046	13.0711
14.62	11.7534	12.1769	11.3446	10.5858	13.0498
14.63	11.7333	12.1562	11.3252	10.567	13.0285
14.64	11.7133	12.1354	11.3059	10.5482	13.0072
14.65	11.6934	12.1148	11.2866	10.5295	12.9859
14.66	11.6734	12.0941	11.2674	10.5108	12.9647
14.67	11.6535	12.0735	11.2482	10.4921	12.9436
14.68	11.6337	12.0529	11.229	10.4735	12.9224
14.69	11.6138	12.0324	11.2099	10.4549	12.9013
14.7	11.594	12.0118	11.1908	10.4363	12.8802
14.71	11.5743	11.9914	11.1717	10.4178	12.8592
14.72	11.5545	11.9709	11.1526	10.3992	12.8382
14.73	11.5348	11.9505	11.1336	10.3808	12.8172
14.74	11.5152	11.9301	11.1147	10.3623	12.7963
14.75	11.4956	11.9098	11.0957	10.3439	12.7754
14.76	11.476	11.8895	11.0768	10.3256	12.7545
14.77	11.4564	11.8692	11.0579	10.3072	12.7337
14.78	11.4369	11.849	11.0391	10.2889	12.7129
14.79	11.4174	11.8288	11.0202	10.2706	12.6921
14.8	11.3979	11.8086	11.0014	10.2524	12.6714
14.81	11.3785	11.7885	10.9827	10.2342	12.6507
14.82	11.3591	11.7684	10.964	10.216	12.63
14.83	11.3397	11.7483	10.9453	10.1979	12.6094
14.84	11.3204	11.7283	10.9266	10.1797	12.5888
14.85	11.3011	11.7083	10.908	10.1617	12.5682
14.86	11.2818	11.6884	10.8894	10.1436	12.5477
14.87	11.2626	11.6684	10.8708	10.1256	12.5272
14.88	11.2434	11.6485	10.8523	10.1076	12.5068
14.89	11.2242	11.6287	10.8338	10.0897	12.4863
14.9	11.2051	11.6089	10.8153	10.0717	12.4659
14.91	11.186	11.5891	10.7969	10.0538	12.4456
14.92	11.1669	11.5693	10.7785	10.036	12.4253
14.93	11.1479	11.5496	10.7601	10.0182	12.405
14.94	11.1289	11.5299	10.7418	10.0004	12.3847
14.95	11.1099	11.5102	10.7235	9.9826	12.3645
14.96	11.0909	11.4906	10.7052	9.96487	12.3443
14.97	11.072	11.471	10.6869	9.94717	12.3241
14.98	11.0532	11.4515	10.6687	9.9295	12.304
14.99	11.0343	11.432	10.6505	9.91187	12.2839
15	11.0155	11.4125	10.6324	9.89426	12.2638
